13.956122375
13.878940292
13.893355292000003
13.826943332999996
13.826636541000006
13.809127541999999
13.812729458000007
13.79978458299999
14.041100666000006
14.028531832999988
14.239105666
14.276898750000015
14.171538708000014
13.935524582999989
14.00792791699999
13.897951000000006
13.895603791999974
14.065823459
15.052131250000002
13.965405625000017
13.978654749999976
14.32169912500001
14.386826083000017
14.090442583000026
14.16478912499997
14.979980124999997
13.928392167000027
14.199582040999985
13.960036040999967
14.110130459000004
13.958545334000007
14.014939249999998
13.949510499999974
13.89765408400001
14.464893249999989
14.287602708000009
14.112562167000021
14.244779583999957
14.394471791
14.367661207999959
14.05350316700003
14.335305625000046
14.426528291000068
14.087149250000039
13.93974162500001
14.293652959000042
14.125260249999997
13.938152166999998
13.925705999999991
14.097464666000064
13.908005249999974
14.046929083999999
13.96422404100008
14.023216542
13.950214290999952
13.999978209000005
14.473868290999917
13.92092916699994
14.554373665999947
14.033118791999982
13.92547145900005
14.20870241700004
13.926845375000084
13.932712208999988
13.98395554199999
14.101320541000064
14.313779167000007
14.182714375000046
14.317052042
13.98978195799998
13.945907333000036
14.016431000000011
14.31216325000014
13.966942041000038
13.977730958999928
13.989774665999903
13.972766458000024
14.052835332999848
14.129674625000007
14.136310417000004
14.085638667000012
13.970586249999997
14.168490583999983
13.897173833000124
13.895443375000013
13.89327004200004
13.924846500000058
13.96385558299994
14.379453875000081
14.245239832999914
14.181514542000059
14.050641374999941
13.987671458000023
13.919070708999925
13.956014458000027
14.015233125000123
14.246198750000076
13.956830250000166
14.215723333000142
14.85419908300014
