0.0016129580000001642
0.001375332999999923
0.001361707999999906
0.0013660420000001228
0.001398916999999944
0.0013621249999999918
0.001421042000000039
0.001544082999999974
0.0013593750000000515
0.0013494999999998925
0.0013450839999999964
0.0013432909999999687
0.0013732500000001036
0.0014130830000000927
0.0013790419999999415
0.0013420830000001605
0.0013407500000000017
0.0013477079999999475
0.0013412500000000716
0.0013438339999998217
0.001341790999999981
0.0013481250000000333
0.0013959169999999688
0.0013523749999999612
0.001354583999999992
0.0013391250000001076
0.0013447499999998946
0.001338916999999995
0.0013432920000000514
0.0013428330000000432
0.0013730409999999083
0.001429957999999898
0.0014354169999999389
0.0013490840000001114
0.0013457500000000344
0.0013522919999999772
0.0013467499999999522
0.0013717920000000383
0.0013562920000000922
0.0013791249999999255
0.0013817499999999594
0.0013467499999999522
0.001349125000000173
0.0013960420000000973
0.0013635839999999178
0.0013437080000000545
0.0013483750000000683
0.001345458000000077
0.0013702079999999839
0.0014105829999999653
0.0013507499999998451
0.001354290999999952
0.001341457999999962
0.0013482499999999398
0.0013468750000000806
0.0013490840000001114
0.001350041000000024
0.0013459170000000853
0.001394917000000051
0.001353707999999898
0.001341625000000013
0.0013460829999998314
0.0013535410000000692
0.0013412909999999112
0.0013385420000000536
0.00134195799999981
0.0013424159999999574
0.001458583999999874
0.0014620830000000584
0.0013620830000000694
0.001342041000000016
0.0013444170000000977
0.0013459590000000077
0.0013448339999999614
0.0013575829999998845
0.001393292000000157
0.0013509590000000404
0.0013352909999999607
0.0013386250000000377
0.0013760410000001055
0.0013443750000001753
0.001348958999999983
0.0013670420000000405
0.0014089170000000095
0.0013548750000000886
0.0013659169999999943
0.0013591250000000166
0.0013577500000001574
0.0013492500000000796
0.0013471250000001156
0.0013445830000000658
0.0013613339999998253
0.0015690830000001377
0.0013981670000000612
0.0013498749999998338
0.0013402080000000094
0.0013364170000000897
0.0013585000000000402
0.001346041000000131
0.0013505000000000322
0.0013509579999999577
0.001338583999999976
0.0013362080000001164
0.0013422499999999893
0.0014345419999999276
0.0013564169999999987
0.001345542000000144
0.0013437089999999152
0.0013486669999998036
0.0013567909999998573
0.0013562919999998702
0.0013504589999999705
0.0013508749999999736
0.0013458340000001012
0.0013445000000000817
0.0013455419999999219
0.001347250000000022
0.0013579169999999863
0.0013427079999999147
0.001345292000000109
0.0013437089999999152
0.0013404999999999667
0.001356541999999905
0.0013424579999998798
0.0013415000000001065
0.001342208000000067
0.0013454170000000154
0.0013508329999998292
0.0013415839999999513
0.001350208000000075
0.0013438750000001054
0.001349625000000021
0.0013438749999998834
0.001340709000000162
0.0013604579999999533
0.0013497499999999274
0.001345042000000074
0.0013442079999999024
0.0013389590000001395
0.0013406250000000952
0.0013444579999999373
0.001343915999999945
0.0013654169999999244
0.0013787499999999842
0.001450541000000083
0.0014540840000001332
0.0013443330000000309
0.0013441249999999183
0.0013467080000000298
0.0013497500000001494
0.0013480409999999665
0.0013496660000000826
0.0013435410000000036
0.00143099999999996
0.0013962499999999878
0.0013624589999998715
0.0013460830000000534
0.0013417500000001414
0.0013440410000000735
0.0013529999999999376
0.0013537089999999807
0.0013576670000001734
0.0013427500000000592
0.0013459160000000026
0.0013707910000000378
0.0013482910000000015
0.0013397920000000063
0.0013384579999999868
0.0013452089999999028
0.0013471250000001156
0.0013401250000000253
0.0013527079999999803
0.0013408329999999857
0.0013367500000001087
0.0013389159999999123
0.0013391659999999472
0.0013360420000001483
0.001343249999999907
0.001334583999999861
0.0013401669999999477
0.0013395409999998886
0.0013372089999998948
0.0013404579999998223
0.0013420419999998767
0.001370999999999789
0.0013599170000000438
0.0013682499999998488
0.0013652499999998735
0.001361124999999852
0.0013633749999999445
0.0013630420000001475
0.0013675840000000328
0.0013634579999999286
0.0013645840000000575
0.0013753749999998455
0.001365875000000072
0.001367249999999931
0.0013597080000000705
0.001364958999999999
0.0013622500000001203
0.001365375000000002
0.0013654169999999244
0.0013640419999998432
0.0013676249999998724
0.0013632079999998936
0.0013648749999999321
0.0013714590000000193
0.0013620000000000854
0.0013650000000000606
0.0013840419999999742
0.0013568750000001462
0.0013407500000000017
0.0013439579999998674
0.001342333999999834
0.0013482910000000015
0.0013405000000001888
0.001343499999999942
0.001345458000000077
0.0013463750000000108
0.0013425000000000242
0.0013430000000000941
0.0013543750000000188
0.0013428749999999656
0.001346917000000003
0.001343416999999958
0.0013429579999999497
0.001342583999999869
0.001341958000000032
0.0013494170000001304
0.0013428749999999656
0.001339332999999998
0.001346583999999984
0.00134570799999989
0.0013390410000000408
0.0013464999999999172
0.0013581249999998768
0.0013439579999998674
0.001358916999999904
0.0013500829999999464
0.001347583000000041
0.0013457500000000344
0.001342833999999904
0.0013462079999999599
0.0013527079999999803
0.0013471249999998935
0.0013437910000000386
0.0013603330000000469
0.0013567080000000953
0.0013389589999999174
0.0013421670000000052
0.001341374999999978
0.0013484580000000523
0.001339750000000084
0.0013435410000000036
0.001346583999999984
0.0013422499999999893
0.0013525420000000121
0.0013427909999998988
0.0013407500000000017
0.0013499999999999623
0.0013460419999999917
0.0013442500000000468
0.0013420420000000988
0.0013454580000002991
0.0013457500000000344
0.0013457089999997507
0.0013485420000001191
0.0013401250000000253
0.0013413330000000556
0.0013521670000002928
0.0013431659999998402
0.0013525830000000738
0.0013462089999998206
0.0013424999999998022
0.00134674999999973
0.001348708999999726
0.0013455829999999835
0.0013404169999997606
0.001351582999999934
0.0013440000000000119
0.0013381669999996681
0.0013427919999999816
0.0013423750000001178
0.001347167000000038
0.001344083000000218
0.0013430830000000782
0.0013412499999998495
0.0013467920000000966
0.0013408329999999857
0.0013443749999999532
0.0013444169999998756
0.0013462500000001043
0.0013479580000002045
0.0013485000000001968
0.001343833000000405
0.0013445420000000041
0.0013518750000001134
0.001415249999999979
0.0013445420000000041
0.0013549589999999334
0.0013595410000002417
0.0013711250000003616
0.0013433330000003352
0.0013450000000001516
0.001339250000000014
0.0013411670000000875
0.001345624999999906
0.0013375829999997535
0.0013362919999999612
0.0013432909999999687
0.0013532499999997505
0.0013434160000000972
0.0013378340000000932
0.0013390410000000408
0.0013417499999999194
0.0013479590000002872
0.0013435420000003084
0.0013507500000002892
0.001349124999999951
0.0013369579999999992
0.0013443330000000309
0.00133404100000023
0.0013374999999999915
0.0013344159999997274
0.0013398339999999287
0.0013376670000000423
0.001342291000000273
0.0013369579999999992
0.0013400839999997416
0.001336416000000007
0.0013329999999998066
0.0013386660000000994
0.0013367500000001087
0.0013442920000001912
0.0013369170000001596
0.0013359999999997818
0.0013363750000001673
0.0013392919999999364
0.0013356669999997628
0.0013452080000000421
0.0013393750000001425
0.001336416000000007
0.001341375000000422
0.0013387499999999442
0.0013355840000000008
0.001339332999999776
0.0013319580000001885
0.001338540999999971
0.0013372500000001786
0.0013337499999996894
0.0013369579999999992
0.0013440419999999342
0.001356792000000162
0.0013572499999998655
0.0013519999999997978
0.0013472919999997224
0.0013481249999998113
0.001342041000000016
0.001341625000000235
0.0013420830000003825
0.0013478340000001587
0.0013671249999998025
0.0013403339999999986
0.0013364169999996456
0.001337707999999882
0.0013460000000002914
0.0013381670000001122
0.0013390829999999632
0.001339667000000322
0.0013390000000002011
0.0013441670000000627
0.0014528339999997364
0.0013485410000000364
0.0013374160000001467
0.0013479169999999208
0.0013350420000000085
0.0013445000000000817
0.0013746250000004068
0.001369458000000101
0.001368333000000277
0.0013588750000002037
0.0013606660000000659
0.0013630419999999255
0.0013691670000000045
0.0013607909999997503
0.0013606250000002262
0.0013622499999996762
0.0013605409999999374
0.0013697919999997588
0.0013633330000000221
0.0013661250000001068
0.0013640839999999876
0.0013727910000000954
0.0013595419999998803
0.001360541999999576
0.0013660419999999007
0.0013650410000001223
0.0013679589999999742
0.0013671660000000863
0.001362916999999797
0.0013612080000000581
0.001364709000000186
0.001374290999999861
0.0013710829999999952
0.0013797910000001856
0.0013445420000000041
0.0013462920000000267
0.0013435419999998643
0.001343332999999891
0.0013406670000000176
0.0013420830000003825
0.0013576670000001734
0.001340459000000127
0.001343249999999685
0.0013421670000002273
0.0013447079999999723
0.0013392919999999364
0.0013438340000000437
0.0013425830000000083
0.0013449580000002292
0.0013491669999998734
0.0013428749999997436
0.0013469580000000647
0.0013431250000000006
0.001343915999999723
0.0013478340000001587
0.0013504160000001875
0.0013430830000000782
0.0013382499999998743
0.001362666999999984
0.001341625000000235
0.0013393330000002202
0.0013433339999999738
0.0013382079999999519
0.0013473340000000888
0.0013393330000002202
0.001339166999999808
0.0013404580000000443
0.001335500000000156
0.0013525000000003118
0.0013379160000002166
0.0013348749999999576
0.0013378749999999329
0.0013409160000001918
0.0013393750000001425
0.0013362080000001164
0.0013385420000000536
0.0013409580000001142
0.0013362500000000388
0.0013350000000000861
0.0013519999999997978
0.0013649170000000765
0.0013837920000003834
0.0013610410000000073
0.0013627089999999065
0.0013652500000000956
0.0013666660000000164
0.0013640000000001429
0.0013622090000002807
0.0013667909999997008
0.0013637090000000462
0.001363000000000003
0.0013621249999999918
0.0013652500000000956
0.001362916999999797
0.001366667000000099
0.0013663749999999197
0.0013667919999997835
0.0013628329999999522
0.0013739170000000023
0.0013615000000002375
0.001336541999999774
0.0013354159999998672
0.0013384589999998475
0.00134366599999991
0.0013389160000003564
0.001335167000000137
0.0013412079999999271
0.0013381249999997458
0.0013402920000000762
0.0013443749999999532
0.0013392090000001744
0.0013370410000002053
0.0013472080000003217
0.0013384169999999251
0.0013364579999999293
0.0013391249999998855
0.001341125000000165
0.0013427500000000592
0.0013396669999998778
0.001339916000000052
0.0013366669999999026
0.0013442089999999851
0.0013482080000000174
0.0013380000000000614
0.001335832999999731
0.0013402500000001538
0.001342458000000324
0.0013359579999998594
0.0013436250000000705
0.001336792000000031
0.0013377920000001708
0.0013427080000001368
0.001341124999999721
0.0013411670000000875
0.0013409579999996701
0.0013475419999999794
0.0013415409999999461
0.0013530830000001437
0.0013406669999995735
0.0013374999999999915
0.0013472919999997224
0.0013388750000000726
0.0013367500000001087
0.0013433749999998135
0.0013377499999998044
0.001343583000000148
0.0013433339999999738
0.0013403749999998382
0.0013390829999999632
0.0013448329999996567
0.0013388750000000726
0.0013436660000003542
0.001339832999999846
0.0013430830000000782
0.0013418750000000479
0.001336000000000226
0.0013397920000000063
0.0013403329999999158
0.0013400839999997416
0.0013465829999996792
0.0013486249999998812
0.0013388329999997062
0.001341292000000216
0.0013467910000000138
0.0013385420000000536
0.0013380420000004278
0.0013468750000003027
0.0013370830000001277
0.001341041999999959
0.001338834000000233
0.0013361250000003544
0.001345375000000093
0.001335749999999969
0.0013456669999998283
0.001339250000000014
0.0013396660000002392
0.0013419170000004144
0.0013445830000002879
0.0013454999999997774
0.001347250000000244
0.0013464170000001552
0.0013382920000002407
0.0013447500000003387
0.00133712500000005
0.0013375419999999139
0.001341292000000216
0.0013444579999997153
0.001344458999999798
0.0013433750000002576
0.0013362080000001164
0.001339832999999846
0.0013467920000000966
0.0013369170000001596
0.001337374999999863
0.0013409159999997478
0.001343915999999723
0.001341624999999791
0.0013381250000001899
0.001340165999999865
0.0013404999999999667
0.0013387500000003882
0.0013412910000001332
0.0013384589999998475
0.0013419159999998875
0.0013405830000001728
0.0013411670000000875
0.001339166999999808
0.0013385829999998933
0.0013410000000000366
0.0013403749999998382
0.0013554169999996368
0.0013374170000002295
0.0013385830000003374
0.0013411670000000875
0.001358666999999869
0.0013455000000002215
0.0013369170000001596
0.0013345419999999386
0.0013527500000001247
0.0013381660000000295
0.0013356250000002845
0.0013379169999998552
0.0013365829999996137
0.0013356660000001241
0.0013668749999999896
0.0013616669999998443
0.0013603749999999692
0.001365625000000037
0.0013627080000002678
0.0013627079999998237
0.001361708000000128
0.0013641670000001938
0.0013622079999997538
0.001362666999999984
0.0013614589999999538
0.001368000000000258
0.0013666250000001767
0.0013632079999998936
0.001373625000000267
0.0013628750000003187
0.0013687080000002183
0.001361374999999665
0.0013634580000001506
0.001363417000000311
0.0013650830000000447
0.0013634589999997893
0.0013673330000001371
0.0013679999999998138
0.0013685830000000898
0.0013617500000000504
0.0013633750000003886
0.0013689999999999536
0.0013632079999998936
0.0013632089999999764
0.0013638750000000144
0.0013620830000000694
0.0013644999999997687
0.0013627500000001902
0.0013694590000001838
0.0013606659999996218
0.0013646249999998972
0.001367332999999693
0.0013596670000000088
0.0013677909999998406
0.0013699169999998873
0.001372541999999921
0.0013645829999999748
0.0013639169999999368
0.001363500000000073
0.0013621249999999918
0.001379750000000346
0.0013427079999996927
0.0013467079999998077
0.00134195799999981
0.0013486669999998036
0.0013384580000002089
0.0013418750000000479
0.0013502919999996976
0.001339750000000084
0.0013447079999999723
0.001342208000000067
0.0013425830000000083
0.0013426670000002972
0.0013424589999999625
0.0013485410000000364
0.0013437089999999152
0.001342458000000324
0.0013402080000002314
0.001353791000000104
0.0013788749999998906
0.0013404999999999667
0.0013473330000000061
0.0013425000000002463
0.0013450000000001516
0.0013390420000001235
0.0013543750000000188
0.0013429579999999497
0.028917749999999742
0.0014720000000001399
0.0013514579999998055
0.0013564999999999827
0.0013472079999998776
0.0013512090000000754
0.0013425830000000083
0.0013477499999998699
0.0013490830000000287
0.0013639589999998591
0.0013446249999997661
0.0013440419999999342
0.001351332999999677
0.0013493339999999243
0.0013464579999999948
0.00134291700000011
0.0013408749999999081
0.0013524170000001057
0.0013404999999999667
0.0013521250000003704
0.0013431659999998402
0.0013462079999997378
0.0013505000000000322
0.0013490000000002667
0.001345375000000093
0.0013545829999999093
0.001351749999999985
0.0013454589999999378
0.0013498329999999115
0.0013479580000002045
0.0013517919999999073
0.0013524999999998677
0.0013442920000001912
0.0013506660000000004
0.001345375000000093
0.0013485410000000364
0.0013454159999999327
0.0013480409999999665
0.0013448750000000231
0.0013464579999999948
0.001345542000000144
0.00135216600000021
0.0013707920000003426
0.0013687080000002183
0.0013661670000000292
0.001373958000000286
0.001371499999999859
0.0013839999999998298
0.0013439580000000895
0.0013448339999997394
0.0013530409999997772
0.0013622079999997538
0.0013485420000001191
0.0013464159999996284
0.0013565839999998275
0.0013511660000000703
0.001344958999999868
0.001348082999999889
0.001352083000000004
0.0013517920000003514
0.0013546250000002757
0.0013487080000000873
0.001345624999999906
0.001348874999999694
0.0013546249999998317
0.0013500829999997244
0.001345542000000144
0.0013497499999997054
0.0013527499999996806
0.0013537920000001868
0.0013415420000000289
0.0013484579999998303
0.0013533340000000393
0.00134995800000004
0.0013528330000003308
0.001345375000000093
0.0013592080000002227
0.0013649999999998386
0.00134945799999997
0.0013598749999998994
0.0013530830000001437
0.0013562500000001698
0.0013499999999999623
0.0013590420000002545
0.001349708000000227
0.0013619590000000237
0.0013671660000000863
0.0013535000000000075
0.001345624999999906
0.0013537499999998204
0.0013475839999999017
0.0013505000000000322
0.0013485420000001191
0.0013559579999999904
0.0013423330000001954
0.0013549580000002948
0.0013479170000003649
0.001359583000000164
0.0013535829999997695
0.001352792000000047
0.0013485830000004029
0.0013750830000001102
0.001345042000000074
0.0013470829999997491
0.001350916999999896
0.0013449579999997852
0.0013467089999998905
0.0013421249999998608
0.0013435839999997867
0.0013510829999998641
0.0013455829999999835
0.0013451670000002025
0.0013402079999997873
0.0013419169999999703
0.0013454999999997774
0.0013505000000000322
0.0013665419999999706
0.0013476250000001855
0.0013486659999997208
0.0013467920000000966
0.0013490830000000287
0.0013526249999999962
0.001345542000000144
0.0013524170000001057
0.0013501250000000908
0.0013470419999999095
0.0013439580000000895
0.0013550419999996954
0.001345291999999887
0.0013517080000000625
0.0013440419999999342
0.0013511250000002306
0.0013602920000002072
0.0013453330000001706
0.0013449169999999455
0.0013392910000002978
0.001347250000000244
0.001341374999999978
0.001342999999999872
0.0013468329999999362
0.001339417000000065
0.001343916000000167
0.0013357919999998913
0.0013432920000000514
0.0013432909999999687
0.0013410829999997986
0.0013415000000001065
0.0013448340000001835
0.0013407079999998572
0.0013409999999995925
0.0013428750000001877
0.0013367500000001087
0.0013567079999998732
0.0013445839999999265
0.0013412910000001332
0.0013473749999999285
0.0013426249999999307
0.0013491659999997907
0.0013392089999997303
0.001343916000000167
0.0013467500000001742
0.0013472910000000837
0.0013420000000001764
0.0013422499999999893
0.0013485420000001191
0.0013447500000003387
0.0013486670000002476
0.001347499999999613
0.0013477079999999475
0.0013513339999997598
0.0013406659999999349
0.0013552089999997463
0.0013487080000000873
0.0013418329999996814
0.0013486249999998812
0.0013564170000002207
0.001339417000000065
0.0013449169999999455
0.0013440000000000119
0.0013529580000000152
0.0013454590000003819
0.0013427080000001368
0.0013413330000000556
0.0013420829999999384
0.0013445829999998438
0.001347500000000057
0.0013428329999998212
0.0013438749999998834
0.0013422090000001496
0.0013445829999998438
0.0013396249999999554
0.0013461249999999758
0.0013431250000000006
0.0013476660000000251
0.0013453339999998093
0.0013447079999999723
0.0013398750000002124
0.0013461669999998982
0.0013419999999997323
0.0013410000000000366
0.0013375830000001976
0.0013412090000000099
0.0013644999999997687
0.0013574580000002001
0.0013609580000002452
0.001341624999999791
0.0013486669999998036
0.0013457090000001948
0.0013393749999996984
0.0013473749999999285
0.001339832999999846
0.0013482919999998622
0.0013834159999999152
0.0013648750000001542
0.001339916000000052
0.001352959000000098
0.0013437499999997549
0.0013393330000002202
0.0013457919999999568
0.0013432080000002067
0.0013446670000001326
0.001358208000000083
0.0013478340000001587
0.0013402909999999935
0.0013428750000001877
0.0013473749999999285
0.0013399170000001348
0.0013483330000001459
0.0013415420000000289
0.0013625000000003773
0.0013711249999999175
0.0013605829999998598
0.0013765829999998758
0.0013428749999997436
0.0013439580000000895
0.0013369169999997155
0.001339583000000033
0.0013508749999999736
0.0013492080000001572
0.0013484169999999907
0.0013396669999998778
0.0013404999999999667
0.0013544159999998584
0.0014068750000002517
0.001367915999999969
0.0013474169999998509
0.0013414580000001841
0.0013514580000002496
0.001349042000000189
0.0013504159999997434
0.0013540419999999997
0.001367833000000207
0.0013619160000000186
0.001345542000000144
0.0013444170000003197
0.0013447920000002611
0.0013695410000003072
0.0013516669999997788
0.0013409580000001142
0.0013438750000003274
0.0013390410000000408
0.0013957919999998403
0.0013461659999998155
0.0013459999999998473
0.0013374169999997854
0.001346917000000225
0.0013399579999999744
0.0013722920000001082
0.001353375000000323
0.0013599580000001055
0.0013493330000002857
0.001362208000000198
0.0013499999999999623
0.0013442499999998248
0.0013602919999997631
0.0013579999999997483
0.0013557500000001
0.0013462500000001043
0.0013429590000000324
0.001409708000000176
0.0014099170000001493
0.0013627089999999065
0.0013527499999996806
0.001347167000000038
0.0013494170000001304
0.0013579999999997483
0.0013603749999999692
0.001349374999999764
0.0013480420000000493
0.0013472079999998776
0.0013600829999997899
0.0013658749999998498
0.0014128330000002798
0.0013637910000001696
0.0013542079999999679
0.001353042000000304
0.0013459170000000853
0.0013588329999998372
0.0013567499999997956
0.0013633340000001049
0.0013585830000000243
0.0013760000000000439
0.0013446249999997661
0.001344791999999817
0.0013428329999998212
0.0013445829999998438
0.0013760000000000439
0.001353125000000066
0.0013404999999999667
0.0013419169999999703
0.001353458000000085
0.0013479999999996828
0.0013441670000000627
0.0013476670000001079
0.0013414169999999004
0.0013569579999996861
0.0013419589999998927
0.00139099999999992
0.0013544999999997032
0.0013445420000000041
0.0013465829999996792
0.0013464170000001552
0.0013410829999997986
0.0013574160000002777
0.0013573330000000716
0.0013661669999995851
0.0013417919999998418
0.0013431659999998402
0.0013565409999998224
0.0013436669999999928
0.0013440000000000119
0.001346666999999968
