0 5
0 1
0 42
0 11
1 0
1 2
1 43
1 6
2 1
2 3
2 44
2 7
3 2
3 4
3 45
3 8
4 3
4 5
4 46
4 9
5 4
5 0
5 47
5 10
6 5
6 7
6 1
6 12
7 6
7 8
7 2
7 13
8 7
8 9
8 3
8 14
9 8
9 10
9 4
9 15
10 9
10 11
10 5
10 16
11 10
11 6
11 0
11 17
12 5
12 13
12 6
12 23
13 12
13 14
13 7
13 18
14 13
14 15
14 8
14 19
15 14
15 16
15 9
15 20
16 15
16 17
16 10
16 21
17 16
17 12
17 11
17 22
18 5
18 19
18 13
18 24
19 18
19 20
19 14
19 25
20 19
20 21
20 15
20 26
21 20
21 22
21 16
21 27
22 21
22 23
22 17
22 28
23 22
23 18
23 12
23 29
24 5
24 25
24 18
24 35
25 24
25 26
25 19
25 30
26 25
26 27
26 20
26 31
27 26
27 28
27 21
27 32
28 27
28 29
28 22
28 33
29 28
29 24
29 23
29 34
30 5
30 31
30 25
30 36
31 30
31 32
31 26
31 37
32 31
32 33
32 27
32 38
33 32
33 34
33 28
33 39
34 33
34 35
34 29
34 40
35 34
35 30
35 24
35 41
36 5
36 37
36 30
36 47
37 36
37 38
37 31
37 42
38 37
38 39
38 32
38 43
39 38
39 40
39 33
39 44
40 39
40 41
40 34
40 45
41 40
41 36
41 35
41 46
42 5
42 43
42 37
42 0
43 42
43 44
43 38
43 1
44 43
44 45
44 39
44 2
45 44
45 46
45 40
45 3
46 45
46 47
46 41
46 4
47 46
47 42
47 36
47 5
