src des bd delay plr 
0 10 109.474571 0.013446 0.012289
0 1 100.896095 0.013453 0.012813
0 55 102.869053 0.023843 0.008382
0 21 104.132693 0.024183 0.00735
1 2 107.959828 0.013454 0.005293
1 56 107.862486 0.017799 0.008959
1 12 101.619042 0.018599 0.008778
2 3 109.361083 0.013453 0.011797
2 57 100.41189 0.007215 0.010637
2 13 108.795396 0.009007 0.01045
3 4 105.781928 0.013453 0.008971
3 57 105.945984 0.007228 0.008591
3 13 104.817724 0.004813 0.013854
4 5 101.190712 0.013454 0.006305
4 58 107.479664 0.015634 0.013424
4 14 106.762673 0.014674 0.008123
5 6 100.514201 0.013449 0.011144
5 59 107.123148 0.023287 0.01043
5 15 104.508808 0.022654 0.010924
6 7 101.62976 0.013438 0.012217
6 61 105.952485 0.021625 0.009875
6 17 107.304156 0.022288 0.012195
7 8 108.775412 0.013428 0.010891
7 62 103.690553 0.012685 0.007519
7 18 109.517153 0.013784 0.008909
8 9 107.211086 0.013427 0.011198
8 63 101.589117 0.004798 0.006716
8 18 109.323184 0.007197 0.007274
9 10 108.210591 0.013434 0.011498
9 63 106.0312 0.010618 0.014817
9 19 101.279706 0.009146 0.01432
10 64 106.578106 0.020086 0.011239
10 20 103.697302 0.019348 0.009886
11 10 102.392585 0.029973 0.00961
11 12 104.567442 0.013454 0.014626
11 1 109.02069 0.021646 0.012481
11 23 105.079072 0.022308 0.009999
12 13 106.593211 0.013453 0.014895
12 2 100.091529 0.012709 0.005091
12 24 104.770373 0.013806 0.014242
13 14 103.586487 0.013453 0.011456
13 24 104.303743 0.007215 0.014208
14 15 107.13153 0.013454 0.014276
14 3 104.200251 0.010635 0.008862
14 25 103.209993 0.009167 0.00594
15 16 105.296899 0.013452 0.007795
15 4 100.209412 0.020111 0.007609
15 26 102.776571 0.019374 0.00584
16 17 103.948854 0.013444 0.009006
16 6 106.157633 0.023833 0.00734
16 27 104.391318 0.024187 0.010426
17 18 108.062433 0.013433 0.006819
17 7 104.672865 0.017773 0.012363
17 29 100.806281 0.018573 0.00655
18 19 101.47586 0.013426 0.005403
18 30 106.767607 0.008993 0.007728
19 20 109.550385 0.01343 0.010879
19 8 109.482212 0.007218 0.014391
19 30 105.462767 0.004798 0.011692
20 21 105.374081 0.01344 0.008398
20 9 105.822201 0.015609 0.009215
20 31 104.282361 0.014648 0.009295
21 11 100.045143 0.01345 0.00646
21 10 104.445615 0.02327 0.012781
21 32 100.312732 0.022636 0.012914
22 10 100.645241 0.041101 0.011204
22 23 106.460041 0.013453 0.008146
22 11 100.704503 0.023843 0.011777
22 43 106.363824 0.024183 0.005362
23 24 104.391892 0.013454 0.008758
23 12 103.011199 0.017799 0.007435
23 34 109.073917 0.018599 0.014089
24 25 105.603586 0.013453 0.009599
24 35 102.202804 0.009007 0.010238
25 26 106.828143 0.013453 0.006747
25 13 106.681347 0.007228 0.007259
25 35 109.994824 0.004813 0.013203
26 27 102.437322 0.013454 0.005264
26 14 100.089448 0.015634 0.013386
26 36 109.807516 0.014674 0.009984
27 28 106.940427 0.013449 0.012675
27 15 102.872451 0.023287 0.01339
27 37 100.085344 0.022654 0.010174
28 29 101.563263 0.013438 0.010894
28 17 108.921751 0.021625 0.013896
28 39 103.342171 0.022288 0.014479
29 30 106.581356 0.013428 0.009135
29 18 102.037039 0.012685 0.005712
29 40 105.153698 0.013784 0.012231
30 31 102.706661 0.013427 0.012558
30 40 107.337513 0.007197 0.013449
31 32 107.70465 0.013434 0.012349
31 19 102.023291 0.010618 0.010723
31 41 107.332705 0.009146 0.012368
32 22 101.080221 0.013446 0.008878
32 20 102.152045 0.020086 0.010208
32 42 102.417106 0.019348 0.011636
33 10 107.160387 0.047516 0.005592
33 34 100.022279 0.013454 0.005988
33 23 103.848715 0.021646 0.013552
33 45 104.822009 0.022308 0.013106
34 35 105.310903 0.013453 0.014187
34 24 103.320742 0.012709 0.010308
34 46 107.437085 0.013806 0.009065
35 36 103.988998 0.013453 0.008709
35 46 101.20529 0.007215 0.013822
36 37 101.119924 0.013454 0.007757
36 25 101.699808 0.010635 0.006965
36 47 100.177704 0.009167 0.0055
37 38 101.845015 0.013452 0.006644
37 26 109.99404 0.020111 0.007355
37 48 102.317336 0.019374 0.013824
38 39 107.050266 0.013444 0.014293
38 28 102.504644 0.023833 0.008058
38 49 101.265798 0.024187 0.011824
39 40 100.861788 0.013433 0.012948
39 29 109.174731 0.017773 0.009631
39 51 105.559939 0.018573 0.012176
40 41 108.127809 0.013426 0.009968
40 52 106.753346 0.008993 0.005938
41 42 107.879589 0.01343 0.009637
41 30 101.38071 0.007218 0.011988
41 52 102.825387 0.004798 0.006966
42 43 109.799517 0.01344 0.010444
42 31 104.103448 0.015609 0.00543
42 53 105.112225 0.014648 0.006943
43 33 103.94628 0.01345 0.012308
43 32 102.665037 0.02327 0.005567
43 54 109.5321 0.022636 0.005397
44 10 100.893377 0.040415 0.007065
44 45 102.32899 0.013453 0.006884
44 33 102.859274 0.023843 0.013799
44 65 100.925157 0.024183 0.009644
45 46 109.085906 0.013454 0.006489
45 34 106.651964 0.017799 0.010879
45 56 105.308806 0.018599 0.005914
46 47 100.481034 0.013453 0.006731
46 57 101.737032 0.009007 0.008528
47 48 101.215639 0.013453 0.011936
47 35 108.695883 0.007228 0.013799
47 57 100.679675 0.004813 0.005317
48 49 106.086938 0.013454 0.014127
48 36 107.088191 0.015634 0.010225
48 58 105.182187 0.014674 0.013672
49 50 101.957109 0.013449 0.00682
49 37 108.968883 0.023287 0.009064
49 59 109.872306 0.022654 0.007462
50 51 104.77942 0.013438 0.010789
50 39 109.784061 0.021625 0.006255
50 61 101.572134 0.022288 0.014263
51 52 106.010963 0.013428 0.007711
51 40 108.405897 0.012685 0.012486
51 62 106.011532 0.013784 0.006983
52 53 109.32197 0.013427 0.009752
52 62 109.061545 0.007197 0.008754
53 54 104.813802 0.013434 0.011935
53 41 106.512395 0.010618 0.007853
53 63 105.812376 0.009146 0.010301
54 44 104.23032 0.013446 0.014511
54 42 102.258828 0.020086 0.01214
54 64 101.858522 0.019348 0.012979
55 10 101.343525 0.02864 0.014351
55 56 102.286999 0.013454 0.009057
55 45 104.445283 0.021646 0.005137
55 1 105.667062 0.022308 0.009467
56 57 107.335213 0.013453 0.009002
56 46 109.594738 0.012709 0.013604
56 2 103.715524 0.013806 0.010442
57 58 101.336845 0.013453 0.012161
58 59 102.569164 0.013454 0.006315
58 47 104.235368 0.010635 0.007531
58 3 100.024024 0.009167 0.012
59 60 109.145295 0.013452 0.013541
59 48 101.932913 0.020111 0.013567
59 4 103.963895 0.019374 0.009244
60 61 103.316192 0.013444 0.006664
60 50 102.125016 0.023833 0.012131
60 5 102.399725 0.024187 0.011789
61 62 105.958557 0.013433 0.011246
61 51 101.527167 0.017773 0.009963
61 7 109.07215 0.018573 0.006432
62 63 103.983376 0.013426 0.010578
62 8 105.180104 0.008993 0.01173
63 64 108.699219 0.01343 0.009489
63 52 102.375649 0.007218 0.011803
64 65 100.646942 0.01344 0.011818
64 53 108.047914 0.015609 0.009182
64 9 102.855279 0.014648 0.006423
65 55 104.221824 0.01345 0.014816
65 54 104.339653 0.02327 0.008888
65 10 104.292657 0.022636 0.006598
