src des bd delay plr 
0 10 102.042002 0.013451 0.008543
0 1 106.889147 0.013454 0.005813
0 55 106.344573 0.020603 0.006309
0 11 109.186367 0.021297 0.006187
1 2 104.259924 0.013453 0.00787
1 56 109.558982 0.010964 0.01348
1 12 108.24357 0.012218 0.007002
2 3 104.786221 0.013453 0.013197
2 57 105.176956 0.005741 0.012778
2 12 100.656171 0.005772 0.007357
3 4 109.34081 0.013454 0.011071
3 57 106.83628 0.012179 0.005038
3 13 103.252471 0.01092 0.006563
4 5 107.669978 0.013451 0.007939
4 58 102.148885 0.02127 0.014976
4 14 108.846856 0.020575 0.012039
5 6 107.357661 0.013442 0.013641
5 60 109.66564 0.023334 0.014964
5 16 107.753387 0.023949 0.013332
6 7 107.316829 0.013431 0.007873
6 61 109.748105 0.016284 0.008901
6 17 100.756715 0.017154 0.010363
7 8 107.965593 0.013426 0.008943
7 62 106.586154 0.005756 0.014809
7 18 101.488518 0.007887 0.011894
8 9 104.691672 0.013431 0.008742
8 62 108.272016 0.007865 0.012853
8 18 107.389054 0.005725 0.007388
9 10 109.233642 0.013442 0.010856
9 63 101.721377 0.017118 0.010319
9 19 103.866487 0.016246 0.014994
10 64 109.557818 0.023935 0.009635
10 20 107.209653 0.023319 0.011373
11 10 103.808568 0.029305 0.007495
11 12 100.581712 0.013454 0.010211
11 1 109.132975 0.01631 0.011987
11 23 101.563596 0.017179 0.007314
12 13 102.681946 0.013453 0.009574
12 24 109.03307 0.007899 0.008587
13 14 103.029668 0.013454 0.006291
13 2 106.657134 0.007876 0.013709
13 24 103.180355 0.005741 0.010316
14 15 109.846321 0.013453 0.009878
14 3 106.73953 0.017143 0.006635
14 25 108.978806 0.016272 0.007753
15 16 105.43399 0.013447 0.013779
15 4 108.736269 0.023949 0.014077
15 26 100.505562 0.023333 0.014615
16 17 101.797485 0.013436 0.011986
16 6 106.017545 0.020579 0.014153
16 28 107.85191 0.021274 0.011783
17 18 109.415527 0.013427 0.007002
17 7 101.852803 0.010941 0.006576
17 29 103.005434 0.012198 0.005642
18 19 101.217858 0.013427 0.010731
18 29 108.219626 0.005756 0.008689
19 20 107.210391 0.013436 0.014217
19 8 109.478812 0.012159 0.005312
19 30 108.95568 0.010897 0.012096
20 21 109.677895 0.013447 0.014478
20 9 106.227503 0.021247 0.011096
20 31 108.282789 0.020551 0.005134
21 11 103.737131 0.013453 0.012501
21 0 108.114817 0.023347 0.007557
21 22 102.74946 0.023963 0.012097
22 10 106.391554 0.041807 0.009585
22 23 105.307658 0.013454 0.011452
22 11 104.945348 0.020603 0.006112
22 33 100.087128 0.021297 0.01433
23 24 100.922031 0.013453 0.009887
23 12 105.187119 0.010964 0.006621
23 34 108.194107 0.012218 0.014942
24 25 102.742905 0.013453 0.011656
24 34 101.107835 0.005772 0.011373
25 26 102.881561 0.013454 0.011337
25 13 107.805286 0.012179 0.011314
25 35 104.287927 0.01092 0.01375
26 27 100.485127 0.013451 0.00634
26 14 103.354675 0.02127 0.013277
26 36 105.641449 0.020575 0.011078
27 28 105.973919 0.013442 0.005649
27 16 105.548215 0.023334 0.00612
27 38 100.999199 0.023949 0.013072
28 29 106.806715 0.013431 0.006013
28 17 104.35126 0.016284 0.008433
28 39 102.436839 0.017154 0.009635
29 30 103.427257 0.013426 0.00958
29 40 100.404042 0.007887 0.007751
30 31 104.153012 0.013431 0.009676
30 18 103.249549 0.007865 0.007176
30 40 103.049334 0.005725 0.013694
31 32 108.366432 0.013442 0.009697
31 19 101.579579 0.017118 0.007149
31 41 106.863839 0.016246 0.009974
32 22 100.566778 0.013451 0.009414
32 20 105.883632 0.023935 0.009754
32 42 103.572814 0.023319 0.008077
33 10 100.668397 0.045813 0.007732
33 34 103.861533 0.013454 0.008185
33 23 109.309813 0.01631 0.013173
33 45 105.382178 0.017179 0.005145
34 35 100.385906 0.013453 0.01052
34 46 105.007675 0.007899 0.00572
35 36 104.560649 0.013454 0.008179
35 24 104.080813 0.007876 0.007373
35 46 106.460568 0.005741 0.009696
36 37 104.77887 0.013453 0.011959
36 25 102.852789 0.017143 0.009858
36 47 100.278515 0.016272 0.006502
37 38 108.610251 0.013447 0.00954
37 26 103.547288 0.023949 0.013283
37 48 107.939401 0.023333 0.013753
38 39 102.473871 0.013436 0.014012
38 28 108.620013 0.020579 0.008568
38 50 101.831059 0.021274 0.0143
39 40 101.360367 0.013427 0.014319
39 29 103.006817 0.010941 0.013217
39 51 101.819243 0.012198 0.007614
40 41 104.374176 0.013427 0.007431
40 51 105.109154 0.005756 0.013199
41 42 107.901394 0.013436 0.010251
41 30 106.96464 0.012159 0.007296
41 52 102.207394 0.010897 0.006333
42 43 100.087273 0.013447 0.009315
42 31 102.496836 0.021247 0.010546
42 53 102.700173 0.020551 0.006164
43 33 101.610156 0.013453 0.013473
43 22 109.934905 0.023347 0.012583
43 44 108.755136 0.023963 0.014768
44 10 108.277096 0.041133 0.013081
44 45 105.358353 0.013454 0.013284
44 33 102.540303 0.020603 0.011248
44 55 103.687126 0.021297 0.007684
45 46 106.058333 0.013453 0.01016
45 34 100.091932 0.010964 0.014038
45 56 100.296897 0.012218 0.012858
46 47 106.430687 0.013453 0.008469
46 56 101.169851 0.005772 0.006445
47 48 109.03163 0.013454 0.007841
47 35 102.537818 0.012179 0.005915
47 57 106.908633 0.01092 0.013555
48 49 101.906051 0.013451 0.010966
48 36 101.858708 0.02127 0.013556
48 58 108.028887 0.020575 0.00887
49 50 107.867789 0.013442 0.012077
49 38 105.923373 0.023334 0.011128
49 60 103.247278 0.023949 0.009196
50 51 106.026528 0.013431 0.01076
50 39 105.659052 0.016284 0.012651
50 61 101.082477 0.017154 0.011185
51 52 106.769477 0.013426 0.006156
51 62 102.721929 0.007887 0.005521
52 53 102.447374 0.013431 0.010796
52 40 105.732872 0.007865 0.006024
52 62 105.367052 0.005725 0.011744
53 54 106.394818 0.013442 0.010561
53 41 107.149321 0.017118 0.008409
53 63 108.542091 0.016246 0.007484
54 44 107.931073 0.013451 0.009597
54 42 100.116414 0.023935 0.005268
54 64 100.563255 0.023319 0.010751
55 10 109.62032 0.027941 0.005669
55 56 104.124813 0.013454 0.005651
55 45 101.417689 0.01631 0.014071
55 1 107.264401 0.017179 0.011508
56 57 102.07916 0.013453 0.014885
56 2 106.403337 0.007899 0.012041
57 58 106.152427 0.013454 0.010076
57 46 108.095687 0.007876 0.014775
58 59 100.797977 0.013453 0.00891
58 47 104.88447 0.017143 0.011953
58 3 109.81984 0.016272 0.005157
59 60 104.078157 0.013447 0.01275
59 48 107.576974 0.023949 0.009325
59 4 108.432118 0.023333 0.009657
60 61 105.249796 0.013436 0.00711
60 50 104.295539 0.020579 0.01421
60 6 107.779458 0.021274 0.005454
61 62 101.677923 0.013427 0.014752
61 51 101.671548 0.010941 0.00695
61 7 106.423667 0.012198 0.011333
62 63 101.456752 0.013427 0.01034
63 64 105.149646 0.013436 0.009456
63 52 104.074402 0.012159 0.006348
63 8 105.719308 0.010897 0.014314
64 65 103.560536 0.013447 0.011212
64 53 105.740541 0.021247 0.005161
64 9 100.823646 0.020551 0.00704
65 55 108.460367 0.013453 0.007775
65 44 105.421058 0.023347 0.010149
65 0 107.496395 0.023963 0.010985
