src des bd delay plr 
0 10 106.74372 0.013454 0.006498
0 1 101.311042 0.013453 0.006087
0 55 107.968341 0.008489 0.009898
0 11 102.257432 0.010057 0.013255
1 2 108.318628 0.013453 0.014402
1 55 103.214663 0.007132 0.00995
1 11 104.283078 0.004667 0.014327
2 3 101.775277 0.013454 0.010458
2 56 108.78761 0.01443 0.012768
2 12 107.145782 0.013384 0.009804
3 4 103.921087 0.01345 0.005039
3 57 101.470837 0.022664 0.00769
3 13 101.953959 0.022013 0.009235
4 5 106.042892 0.01344 0.011971
4 59 100.517056 0.02232 0.008063
4 15 105.165429 0.022962 0.012766
5 6 105.265245 0.013429 0.005223
5 60 101.849102 0.013995 0.008373
5 16 100.449893 0.014998 0.006316
6 7 101.980854 0.013426 0.011632
6 61 107.739746 0.004652 0.012091
6 17 106.980889 0.007122 0.009355
7 8 101.324991 0.013433 0.012796
7 61 105.538188 0.009513 0.008662
7 17 101.628698 0.007836 0.005652
8 9 100.820401 0.013445 0.007021
8 62 100.021115 0.019103 0.009816
8 18 104.588923 0.018326 0.012634
9 10 101.509004 0.013452 0.010348
9 64 101.981737 0.024099 0.008307
9 19 100.108419 0.023979 0.010124
10 65 103.665775 0.018861 0.010415
10 21 104.771971 0.019618 0.009672
11 10 101.355785 0.022591 0.013715
11 12 107.919801 0.013453 0.013864
11 23 101.882063 0.007132 0.012222
12 13 108.555968 0.013454 0.00934
12 1 105.749001 0.009528 0.005454
12 23 100.186765 0.007855 0.011421
13 14 102.031521 0.013453 0.009873
13 2 101.425658 0.019128 0.00976
13 24 101.433799 0.018352 0.013193
14 15 109.824897 0.013445 0.011241
14 4 108.516704 0.024093 0.007306
14 25 105.68377 0.023987 0.009459
15 16 104.729682 0.013434 0.012116
15 5 101.193597 0.018836 0.014436
15 27 109.223852 0.019593 0.006922
16 17 107.385504 0.013426 0.007354
16 6 106.120144 0.008469 0.013716
16 28 104.691174 0.01004 0.008823
17 18 103.666084 0.013429 0.011537
17 28 109.681316 0.004652 0.009609
18 19 104.045243 0.013439 0.008074
18 7 107.018288 0.014407 0.013812
18 29 101.697015 0.013359 0.011996
19 20 103.943821 0.013449 0.007376
19 8 106.798307 0.022645 0.007391
19 30 108.521266 0.021992 0.013428
20 21 104.856473 0.013454 0.007449
20 10 100.573765 0.022339 0.013073
20 32 105.120088 0.022981 0.009157
21 11 105.209407 0.013453 0.006249
21 0 106.873539 0.01402 0.005905
21 22 100.016849 0.015022 0.013024
22 10 106.73585 0.028937 0.012356
22 23 100.422782 0.013453 0.007689
22 11 108.263088 0.008489 0.010898
22 33 100.751984 0.010057 0.008808
23 24 101.077007 0.013453 0.012328
23 33 105.751505 0.004667 0.011523
24 25 101.207437 0.013454 0.005935
24 12 103.992777 0.01443 0.007358
24 34 100.829563 0.013384 0.012354
25 26 104.513775 0.01345 0.006166
25 13 100.466101 0.022664 0.014111
25 35 107.481238 0.022013 0.008838
26 27 109.118683 0.01344 0.008935
26 15 103.393596 0.02232 0.012652
26 37 102.930004 0.022962 0.005144
27 28 101.228506 0.013429 0.009557
27 16 102.842977 0.013995 0.008582
27 38 103.502627 0.014998 0.006499
28 29 101.73474 0.013426 0.012213
28 39 100.702596 0.007122 0.009478
29 30 108.855714 0.013433 0.005754
29 17 102.824757 0.009513 0.012596
29 39 108.066244 0.007836 0.009404
30 31 102.427635 0.013445 0.007151
30 18 103.325721 0.019103 0.005724
30 40 108.195458 0.018326 0.009174
31 32 102.581274 0.013452 0.009345
31 20 109.036532 0.024099 0.014229
31 41 101.366153 0.023979 0.005724
32 22 107.57093 0.013454 0.014634
32 21 102.920813 0.018861 0.005196
32 43 108.421321 0.019618 0.014628
33 10 104.587347 0.02655 0.011173
33 34 105.054633 0.013453 0.014888
33 45 105.659055 0.007132 0.009589
34 35 107.391712 0.013454 0.00979
34 23 103.59193 0.009528 0.005191
34 45 108.922527 0.007855 0.011325
35 36 108.980451 0.013453 0.008229
35 24 108.820687 0.019128 0.007275
35 46 105.447155 0.018352 0.011307
36 37 109.688835 0.013445 0.012208
36 26 103.653284 0.024093 0.013067
36 47 103.56787 0.023987 0.014832
37 38 103.901811 0.013434 0.013997
37 27 108.790673 0.018836 0.013866
37 49 106.857795 0.019593 0.011767
38 39 104.866577 0.013426 0.011711
38 28 106.148395 0.008469 0.013393
38 50 105.704687 0.01004 0.008201
39 40 101.49842 0.013429 0.010161
39 50 101.142976 0.004652 0.011289
40 41 104.144898 0.013439 0.013312
40 29 109.899334 0.014407 0.013866
40 51 104.425658 0.013359 0.005904
41 42 100.308463 0.013449 0.014849
41 30 102.905392 0.022645 0.005606
41 52 107.916572 0.021992 0.006897
42 43 100.063722 0.013454 0.013029
42 32 100.036507 0.022339 0.010563
42 54 106.482544 0.022981 0.012371
43 33 106.359819 0.013453 0.005716
43 22 101.336074 0.01402 0.008309
43 44 101.198253 0.015022 0.011109
44 10 107.980291 0.027955 0.008696
44 45 104.673882 0.013453 0.007879
44 33 101.925824 0.008489 0.011974
44 55 106.393006 0.010057 0.009385
45 46 106.025483 0.013453 0.007959
45 55 103.321777 0.004667 0.014269
46 47 105.552588 0.013454 0.007221
46 34 109.216597 0.01443 0.009604
46 56 101.073274 0.013384 0.014397
47 48 103.828616 0.01345 0.012393
47 35 102.649417 0.022664 0.007228
47 57 109.506189 0.022013 0.014123
48 49 105.596857 0.01344 0.012714
48 37 104.505401 0.02232 0.007296
48 59 106.319175 0.022962 0.005744
49 50 104.459525 0.013429 0.00713
49 38 108.517863 0.013995 0.011401
49 60 108.518819 0.014998 0.012144
50 51 109.891782 0.013426 0.013619
50 61 103.129024 0.007122 0.011441
51 52 105.699781 0.013433 0.008345
51 39 107.865914 0.009513 0.011854
51 61 105.091356 0.007836 0.010562
52 53 102.467381 0.013445 0.014647
52 40 103.563629 0.019103 0.01163
52 62 103.711341 0.018326 0.013608
53 54 108.985207 0.013452 0.00965
53 42 109.879806 0.024099 0.006446
53 63 103.017783 0.023979 0.010123
54 44 102.626662 0.013454 0.014477
54 43 103.345777 0.018861 0.009893
54 65 107.905388 0.019618 0.00704
55 10 106.433979 0.020793 0.014545
55 56 108.660255 0.013453 0.012836
56 57 109.360927 0.013454 0.011182
56 45 104.208373 0.009528 0.007236
56 1 108.396137 0.007855 0.005974
57 58 103.048591 0.013453 0.008635
57 46 108.025729 0.019128 0.013702
57 2 106.938342 0.018352 0.014646
58 59 108.123733 0.013445 0.007886
58 48 107.302495 0.024093 0.0093
58 3 108.356824 0.023987 0.007915
59 60 106.682678 0.013434 0.014893
59 49 108.693499 0.018836 0.014595
59 5 108.169277 0.019593 0.006452
60 61 109.951035 0.013426 0.00564
60 50 101.501492 0.008469 0.008116
60 6 103.054128 0.01004 0.008177
61 62 100.628305 0.013429 0.014247
62 63 106.375139 0.013439 0.006006
62 51 101.534289 0.014407 0.013262
62 7 107.902634 0.013359 0.011622
63 64 101.566893 0.013449 0.010152
63 52 104.400638 0.022645 0.008998
63 8 101.871711 0.021992 0.008244
64 65 100.756867 0.013454 0.010162
64 54 106.790394 0.022339 0.007158
64 10 100.467805 0.022981 0.005489
65 55 103.808321 0.013453 0.013733
65 44 101.355495 0.01402 0.007189
65 0 101.319313 0.015022 0.005366
