src des bd delay plr 
0 10 109.403263 0.013452 0.007582
0 1 106.549964 0.013454 0.010989
0 55 101.554492 0.019639 0.012138
0 11 109.326345 0.020366 0.00596
1 2 107.221397 0.013453 0.006631
1 56 108.850706 0.009533 0.00607
1 12 106.597576 0.010953 0.01384
2 3 108.575297 0.013453 0.006015
2 57 104.89875 0.006886 0.010911
2 12 105.245863 0.004948 0.014538
3 4 107.940631 0.013454 0.007966
3 57 109.73295 0.013472 0.007236
3 13 108.097634 0.012345 0.014287
4 5 103.662635 0.01345 0.014788
4 58 100.3243 0.022108 0.014274
4 14 103.616325 0.02144 0.014672
5 6 109.471715 0.013441 0.010318
5 60 108.148419 0.022794 0.005889
5 16 106.914889 0.023424 0.008378
6 7 102.663098 0.01343 0.014977
6 61 100.050336 0.014992 0.010724
6 17 106.051041 0.015933 0.006881
7 8 109.766342 0.013426 0.007173
7 62 107.545991 0.004932 0.008976
7 18 105.845327 0.007308 0.005627
8 9 105.935694 0.013432 0.008773
8 62 104.744878 0.008732 0.007734
8 18 109.564476 0.006868 0.011525
9 10 108.007666 0.013444 0.013966
9 63 104.001733 0.018283 0.008189
9 19 109.888861 0.017469 0.007782
10 65 100.121893 0.024223 0.005467
10 20 109.403722 0.023743 0.009568
11 10 100.941714 0.02888 0.008037
11 12 108.157978 0.013454 0.01467
11 1 103.871347 0.015018 0.006002
11 23 105.068082 0.015957 0.014762
12 13 100.232531 0.013453 0.013908
12 24 100.552647 0.007318 0.007853
13 14 109.388333 0.013454 0.007969
13 2 101.109915 0.008746 0.008562
13 24 109.958562 0.006886 0.009415
14 15 103.177911 0.013453 0.011474
14 3 101.902107 0.018309 0.006689
14 25 104.093172 0.017496 0.012591
15 16 109.273598 0.013446 0.005117
15 5 108.814759 0.024219 0.005951
15 26 106.107342 0.023754 0.005491
16 17 103.506261 0.013435 0.011235
16 6 103.52849 0.019613 0.006127
16 28 106.18309 0.020342 0.007422
17 18 107.37045 0.013427 0.014454
17 7 106.840481 0.009512 0.01381
17 29 101.132347 0.010935 0.009223
18 19 102.440608 0.013428 0.009435
18 29 109.269715 0.004932 0.01005
19 20 101.670439 0.013438 0.008633
19 8 103.426538 0.01345 0.009971
19 30 101.824627 0.012321 0.011007
20 21 108.468895 0.013449 0.011783
20 9 103.132226 0.022087 0.00949
20 31 101.874421 0.021418 0.009948
21 11 108.64782 0.013454 0.009957
21 0 103.288715 0.022811 0.009542
21 22 109.152412 0.023441 0.013514
22 10 100.011303 0.041288 0.011249
22 23 106.870175 0.013454 0.009535
22 11 107.914628 0.019639 0.006547
22 33 107.342549 0.020366 0.01105
23 24 106.500822 0.013453 0.011329
23 12 109.523931 0.009533 0.012183
23 34 103.040841 0.010953 0.009731
24 25 104.41079 0.013453 0.01155
24 34 106.518106 0.004948 0.006327
25 26 103.293196 0.013454 0.008778
25 13 102.671989 0.013472 0.007137
25 35 103.532771 0.012345 0.009283
26 27 106.299184 0.01345 0.006407
26 14 106.875653 0.022108 0.008713
26 36 103.152755 0.02144 0.011468
27 28 104.714609 0.013441 0.006993
27 16 100.275725 0.022794 0.005985
27 38 102.663344 0.023424 0.014547
28 29 107.755478 0.01343 0.011914
28 17 108.634496 0.014992 0.012535
28 39 108.491801 0.015933 0.006185
29 30 108.853979 0.013426 0.011506
29 40 108.807967 0.007308 0.013204
30 31 108.551663 0.013432 0.01278
30 18 104.425298 0.008732 0.014383
30 40 107.024572 0.006868 0.013149
31 32 104.388018 0.013444 0.012047
31 19 105.086239 0.018283 0.012057
31 41 103.831869 0.017469 0.010987
32 22 107.981046 0.013452 0.010315
32 21 104.932311 0.024223 0.014669
32 42 102.051749 0.023743 0.008434
33 10 103.607952 0.04472 0.014273
33 34 102.346746 0.013454 0.009026
33 23 100.052891 0.015018 0.007617
33 45 101.463361 0.015957 0.008575
34 35 108.473857 0.013453 0.007864
34 46 107.013549 0.007318 0.009266
35 36 100.22884 0.013454 0.006888
35 24 106.540485 0.008746 0.005145
35 46 104.300439 0.006886 0.007436
36 37 104.452427 0.013453 0.014107
36 25 101.482163 0.018309 0.014957
36 47 109.61716 0.017496 0.007864
37 38 101.839914 0.013446 0.014894
37 27 105.95293 0.024219 0.013923
37 48 102.637284 0.023754 0.014357
38 39 100.696366 0.013435 0.013688
38 28 106.128356 0.019613 0.005127
38 50 108.5998 0.020342 0.007698
39 40 107.042974 0.013427 0.009839
39 29 104.443927 0.009512 0.014369
39 51 102.256127 0.010935 0.011141
40 41 101.505245 0.013428 0.014386
40 51 105.539217 0.004932 0.009808
41 42 104.772086 0.013438 0.005641
41 30 104.09723 0.01345 0.008212
41 52 103.459057 0.012321 0.007385
42 43 102.332337 0.013449 0.011374
42 31 108.012844 0.022087 0.006343
42 53 105.634616 0.021418 0.006356
43 33 101.705908 0.013454 0.01427
43 22 108.06775 0.022811 0.007115
43 44 108.484334 0.023441 0.014112
44 10 106.320526 0.040605 0.007147
44 45 103.917625 0.013454 0.005604
44 33 101.500713 0.019639 0.014738
44 55 106.398292 0.020366 0.008907
45 46 107.900616 0.013453 0.008149
45 34 109.603991 0.009533 0.012411
45 56 102.192289 0.010953 0.014876
46 47 106.242842 0.013453 0.011112
46 56 103.821027 0.004948 0.013871
47 48 100.351449 0.013454 0.008426
47 35 107.657309 0.013472 0.012453
47 57 104.473286 0.012345 0.012397
48 49 100.209529 0.01345 0.013149
48 36 108.049891 0.022108 0.009174
48 58 108.699267 0.02144 0.007238
49 50 104.786358 0.013441 0.008467
49 38 108.596488 0.022794 0.00735
49 60 109.862396 0.023424 0.006604
50 51 109.118237 0.01343 0.007403
50 39 106.363444 0.014992 0.014339
50 61 101.659332 0.015933 0.01366
51 52 103.032352 0.013426 0.007162
51 62 100.872349 0.007308 0.011873
52 53 103.242708 0.013432 0.010538
52 40 101.47169 0.008732 0.010551
52 62 108.220493 0.006868 0.010732
53 54 104.5441 0.013444 0.01157
53 41 105.374531 0.018283 0.014822
53 63 101.173018 0.017469 0.01048
54 44 108.524261 0.013452 0.009844
54 43 108.850564 0.024223 0.007254
54 64 108.291552 0.023743 0.012007
55 10 107.855337 0.027496 0.010666
55 56 101.120584 0.013454 0.008087
55 45 109.133127 0.015018 0.014572
55 1 102.881589 0.015957 0.012105
56 57 102.730331 0.013453 0.007206
56 2 105.121869 0.007318 0.006416
57 58 107.495883 0.013454 0.008372
57 46 103.988254 0.008746 0.009267
58 59 104.186471 0.013453 0.014747
58 47 100.371574 0.018309 0.005352
58 3 102.588622 0.017496 0.00796
59 60 109.264386 0.013446 0.006964
59 49 107.726031 0.024219 0.008954
59 4 108.741724 0.023754 0.005817
60 61 107.769305 0.013435 0.014326
60 50 106.126642 0.019613 0.008404
60 6 109.148893 0.020342 0.006567
61 62 104.930676 0.013427 0.010409
61 51 100.65733 0.009512 0.01449
61 7 107.420842 0.010935 0.012529
62 63 105.215363 0.013428 0.012149
63 64 100.47979 0.013438 0.009653
63 52 106.485672 0.01345 0.010539
63 8 103.347369 0.012321 0.009874
64 65 106.610485 0.013449 0.005675
64 53 109.897187 0.022087 0.007299
64 9 101.394241 0.021418 0.011255
65 55 102.803669 0.013454 0.013769
65 44 105.690832 0.022811 0.006705
65 0 107.236119 0.023441 0.014283
