src des bd delay plr 
0 10 107.870604 0.013453 0.008082
0 1 106.582573 0.013454 0.00679
0 65 107.360014 0.007468 0.011481
0 21 107.898919 0.005166 0.007882
1 2 105.733066 0.013454 0.006007
1 55 100.242104 0.016358 0.011417
1 11 106.744444 0.015443 0.008379
2 3 104.333644 0.013448 0.005402
2 56 102.140966 0.023622 0.009548
2 12 106.222748 0.022998 0.006137
3 4 103.387879 0.013437 0.010905
3 58 107.897897 0.021149 0.006376
3 14 103.081743 0.021826 0.011416
4 5 106.809566 0.013428 0.013428
4 59 104.30171 0.011862 0.010654
4 15 100.108923 0.013031 0.012875
5 6 102.773264 0.013427 0.012277
5 60 107.749098 0.005151 0.008344
5 15 106.799046 0.006473 0.012628
6 7 105.750246 0.013435 0.0091
6 60 105.242486 0.011338 0.01443
6 16 106.696626 0.009974 0.006008
7 8 107.192054 0.013447 0.010339
7 61 101.666928 0.020654 0.006391
7 17 108.051718 0.019937 0.014391
8 9 104.43461 0.013453 0.006664
8 63 103.474157 0.023631 0.014447
8 19 106.408014 0.024239 0.006527
9 10 109.982896 0.013454 0.008891
9 64 100.607193 0.017108 0.007258
9 20 108.358941 0.017938 0.005809
10 65 107.244033 0.00649 0.00969
10 21 106.596874 0.008438 0.009705
11 10 101.734736 0.018452 0.00824
11 12 101.785891 0.013454 0.012727
11 0 109.240188 0.011357 0.012237
11 22 108.553494 0.009995 0.006213
12 13 105.635044 0.013452 0.00854
12 1 102.626705 0.020677 0.005813
12 23 101.778629 0.019961 0.007006
13 14 105.391961 0.013443 0.014401
13 3 101.736027 0.023619 0.01091
13 25 109.715386 0.024227 0.010605
14 15 102.97749 0.013432 0.0078
14 4 105.975112 0.017082 0.010015
14 26 104.109861 0.017913 0.012553
15 16 103.53339 0.013426 0.006941
15 27 104.062754 0.008425 0.010754
16 17 108.713355 0.01343 0.006512
16 5 101.122893 0.007457 0.011988
16 27 102.405865 0.005151 0.009242
17 18 105.082345 0.013441 0.008914
17 6 108.310544 0.016333 0.007831
17 28 102.394425 0.015417 0.005934
18 19 109.518907 0.013451 0.007075
18 7 109.619373 0.023607 0.013954
18 29 100.103086 0.022982 0.014428
19 20 108.081813 0.013454 0.013519
19 9 100.501027 0.021171 0.012924
19 31 102.544043 0.021848 0.00712
20 21 102.143782 0.013453 0.008372
20 10 101.471259 0.011886 0.010517
20 32 100.694859 0.013052 0.006861
21 11 109.605494 0.013453 0.007814
21 32 103.722157 0.00649 0.012541
22 10 100.878024 0.009023 0.009528
22 23 109.837594 0.013454 0.009034
22 21 106.294781 0.007468 0.012937
22 43 104.34698 0.005166 0.013256
23 24 108.904639 0.013454 0.011399
23 11 105.058672 0.016358 0.011715
23 33 105.851159 0.015443 0.005104
24 25 103.816185 0.013448 0.007998
24 12 105.81674 0.023622 0.014796
24 34 100.707497 0.022998 0.006419
25 26 106.302609 0.013437 0.010979
25 14 107.099556 0.021149 0.014723
25 36 104.006087 0.021826 0.009454
26 27 103.862186 0.013428 0.012964
26 15 105.687553 0.011862 0.006879
26 37 101.514743 0.013031 0.014512
27 28 104.335428 0.013427 0.013168
27 37 106.167666 0.006473 0.014711
28 29 105.706457 0.013435 0.010191
28 16 105.466308 0.011338 0.01063
28 38 101.615836 0.009974 0.013954
29 30 108.841658 0.013447 0.010739
29 17 105.666074 0.020654 0.012268
29 39 104.145504 0.019937 0.012899
30 31 101.558937 0.013453 0.009514
30 19 104.038835 0.023631 0.007985
30 41 108.414385 0.024239 0.010762
31 32 102.868479 0.013454 0.009011
31 20 105.842397 0.017108 0.011121
31 42 108.408699 0.017938 0.012835
32 22 109.635433 0.013453 0.011748
32 43 101.792951 0.008438 0.014959
33 10 104.279793 0.005043 0.009051
33 34 100.70762 0.013454 0.011914
33 22 106.44933 0.011357 0.014676
33 44 103.219489 0.009995 0.008428
34 35 102.173134 0.013452 0.011887
34 23 107.094922 0.020677 0.010205
34 45 106.585664 0.019961 0.008521
35 36 103.725548 0.013443 0.009687
35 25 102.081361 0.023619 0.011552
35 47 102.116953 0.024227 0.012033
36 37 102.449592 0.013432 0.013414
36 26 108.220834 0.017082 0.010796
36 48 103.7259 0.017913 0.005282
37 38 104.669012 0.013426 0.009754
37 49 109.895093 0.008425 0.013531
38 39 102.860206 0.01343 0.005856
38 27 102.563143 0.007457 0.006647
38 49 101.888756 0.005151 0.006207
39 40 107.441525 0.013441 0.012203
39 28 109.918257 0.016333 0.009117
39 50 102.686652 0.015417 0.009244
40 41 102.336915 0.013451 0.012059
40 29 109.392141 0.023607 0.014598
40 51 105.227004 0.022982 0.012378
41 42 106.23371 0.013454 0.010297
41 31 106.460721 0.021171 0.007218
41 53 101.586499 0.021848 0.01111
42 43 103.77621 0.013453 0.009752
42 32 102.063824 0.011886 0.012223
42 54 105.911795 0.013052 0.008517
43 33 105.906343 0.013453 0.008839
43 54 102.750203 0.00649 0.01209
44 10 108.177904 0.005061 0.010562
44 45 104.185961 0.013454 0.013253
44 43 104.199495 0.007468 0.005456
44 65 107.703993 0.005166 0.009824
45 46 101.447947 0.013454 0.008276
45 33 100.13473 0.016358 0.005829
45 55 107.28277 0.015443 0.011886
46 47 105.002424 0.013448 0.014978
46 34 105.255539 0.023622 0.009181
46 56 102.315358 0.022998 0.014324
47 48 105.499526 0.013437 0.009559
47 36 106.996608 0.021149 0.012373
47 58 106.641046 0.021826 0.009526
48 49 105.691335 0.013428 0.008279
48 37 104.773973 0.011862 0.011081
48 59 104.792036 0.013031 0.014278
49 50 102.327715 0.013427 0.005905
49 59 107.040208 0.006473 0.01018
50 51 101.447637 0.013435 0.011129
50 38 104.252893 0.011338 0.01101
50 60 102.083443 0.009974 0.009355
51 52 106.191477 0.013447 0.009072
51 39 108.334024 0.020654 0.013746
51 61 100.664578 0.019937 0.011702
52 53 106.09421 0.013453 0.014413
52 41 100.993975 0.023631 0.008598
52 63 108.203414 0.024239 0.012425
53 54 106.414097 0.013454 0.009857
53 42 108.122947 0.017108 0.00719
53 64 108.310701 0.017938 0.01378
54 44 109.557186 0.013453 0.007778
54 65 108.089727 0.008438 0.00907
55 10 106.537994 0.016201 0.010005
55 56 101.981679 0.013454 0.014183
55 44 107.363395 0.011357 0.014143
55 0 100.987726 0.009995 0.009199
56 57 107.118432 0.013452 0.012474
56 45 104.409915 0.020677 0.007901
56 1 101.427603 0.019961 0.00904
57 58 104.491983 0.013443 0.01153
57 47 101.295362 0.023619 0.006485
57 3 103.865447 0.024227 0.01128
58 59 105.111305 0.013432 0.011925
58 48 102.113308 0.017082 0.00676
58 4 101.905252 0.017913 0.007842
59 60 104.846086 0.013426 0.010591
59 5 106.375852 0.008425 0.008559
60 61 109.14283 0.01343 0.009152
60 49 104.599119 0.007457 0.013816
61 62 105.8775 0.013441 0.007581
61 50 103.727262 0.016333 0.010164
61 6 107.227052 0.015417 0.007014
62 63 103.793725 0.013451 0.011425
62 51 109.008443 0.023607 0.008616
62 7 109.967384 0.022982 0.005282
63 64 102.182874 0.013454 0.014281
63 53 102.705248 0.021171 0.005631
63 9 101.349332 0.021848 0.013071
64 65 108.860736 0.013453 0.009413
64 54 106.612481 0.011886 0.009234
64 10 100.539359 0.013052 0.007466
65 55 107.042799 0.013453 0.00794
