src des bd delay plr 
0 10 101.997177 0.013454 0.014518
0 1 103.477839 0.013454 0.008586
0 55 107.865866 0.015282 0.00615
0 11 103.653142 0.016206 0.006705
1 2 108.154547 0.013453 0.010975
1 56 108.937477 0.005077 0.005564
1 12 100.945679 0.007406 0.01442
2 3 106.037363 0.013454 0.013093
2 56 107.754699 0.008552 0.00733
2 12 100.388252 0.006638 0.013804
3 4 105.239506 0.013453 0.009511
3 57 101.147081 0.01808 0.006061
3 13 106.774682 0.017257 0.005344
4 5 103.37375 0.013446 0.006243
4 59 108.589936 0.024241 0.011907
4 14 108.080855 0.023679 0.013927
5 6 105.531802 0.013435 0.007609
5 60 103.899097 0.019815 0.010813
5 16 109.921092 0.020536 0.00767
6 7 105.843973 0.013427 0.006352
6 61 102.288935 0.009798 0.010327
6 17 107.892422 0.011184 0.014667
7 8 109.321077 0.013428 0.011528
7 62 109.758338 0.006621 0.011606
7 17 103.594967 0.005062 0.013559
8 9 103.55953 0.013438 0.013318
8 62 101.311396 0.01319 0.007346
8 18 100.458438 0.012037 0.006223
9 10 102.009799 0.013448 0.011205
9 63 101.952314 0.021927 0.009078
9 19 101.023675 0.021253 0.006135
10 65 109.873204 0.022928 0.01117
10 21 101.563295 0.023555 0.012889
11 10 101.105772 0.026597 0.011792
11 12 100.079633 0.013453 0.011685
11 1 105.131735 0.009819 0.013604
11 23 107.260595 0.011203 0.010023
12 13 101.239425 0.013453 0.014486
12 23 108.117788 0.005077 0.010782
13 14 100.012262 0.013454 0.006627
13 2 101.036287 0.013212 0.01166
13 24 101.513651 0.012061 0.011564
14 15 104.078494 0.013451 0.008749
14 3 104.081718 0.021948 0.012962
14 25 103.792745 0.021275 0.011175
15 16 104.963699 0.013441 0.012489
15 5 101.269437 0.022912 0.007698
15 27 103.128536 0.023539 0.013849
16 17 105.331749 0.01343 0.010278
16 6 100.225832 0.015256 0.010684
16 28 102.479985 0.016182 0.014729
17 18 109.380189 0.013426 0.013181
17 29 103.805965 0.007396 0.008859
18 19 106.15667 0.013432 0.010962
18 7 108.583109 0.008539 0.011817
18 29 109.978521 0.006621 0.014906
19 20 105.54705 0.013443 0.014482
19 8 109.741546 0.018055 0.00673
19 30 105.258421 0.01723 0.010482
20 21 105.799595 0.013452 0.010952
20 10 100.106422 0.024244 0.014821
20 31 107.975697 0.023668 0.012809
21 11 103.219583 0.013454 0.005337
21 0 109.236363 0.01984 0.01167
21 22 102.292578 0.02056 0.010231
22 10 100.137747 0.037565 0.010651
22 23 109.75193 0.013454 0.00858
22 11 109.410038 0.015282 0.014461
22 33 103.503205 0.016206 0.014416
23 24 104.381433 0.013453 0.013562
23 34 105.250456 0.007406 0.009454
24 25 102.535333 0.013454 0.014849
24 12 107.809154 0.008552 0.014949
24 34 104.435194 0.006638 0.006668
25 26 100.342536 0.013453 0.014137
25 13 109.331239 0.01808 0.012477
25 35 101.43501 0.017257 0.01425
26 27 109.726403 0.013446 0.009302
26 15 107.728987 0.024241 0.011088
26 36 101.053169 0.023679 0.013611
27 28 101.380671 0.013435 0.014219
27 16 105.917129 0.019815 0.008274
27 38 100.35615 0.020536 0.014543
28 29 108.98324 0.013427 0.01497
28 17 107.710774 0.009798 0.01041
28 39 100.656016 0.011184 0.010927
29 30 100.657611 0.013428 0.009187
29 39 109.350105 0.005062 0.011572
30 31 103.314454 0.013438 0.013343
30 18 108.309691 0.01319 0.005252
30 40 107.261968 0.012037 0.01396
31 32 108.127323 0.013448 0.013491
31 19 106.375072 0.021927 0.01263
31 41 107.576615 0.021253 0.007943
32 22 103.965723 0.013454 0.014222
32 21 107.272009 0.022928 0.012361
32 43 105.927452 0.023555 0.010345
33 10 100.914705 0.038639 0.012207
33 34 106.384122 0.013453 0.012947
33 23 107.836316 0.009819 0.005824
33 45 107.935772 0.011203 0.014763
34 35 101.019747 0.013453 0.005743
34 45 103.628465 0.005077 0.006215
35 36 101.60422 0.013454 0.005646
35 24 108.863977 0.013212 0.01004
35 46 100.250769 0.012061 0.012287
36 37 107.190704 0.013451 0.011275
36 25 107.127784 0.021948 0.007193
36 47 101.634487 0.021275 0.011404
37 38 106.528905 0.013441 0.010159
37 27 104.310009 0.022912 0.013264
37 49 101.406159 0.023539 0.006745
38 39 108.920787 0.01343 0.01133
38 28 104.029284 0.015256 0.011729
38 50 107.236446 0.016182 0.007649
39 40 107.393074 0.013426 0.006499
39 51 104.504451 0.007396 0.014616
40 41 105.188365 0.013432 0.014776
40 29 107.822036 0.008539 0.012755
40 51 101.570019 0.006621 0.008739
41 42 104.546411 0.013443 0.010465
41 30 104.405962 0.018055 0.01398
41 52 107.857337 0.01723 0.012486
42 43 104.725667 0.013452 0.007369
42 32 100.948622 0.024244 0.006106
42 53 109.676132 0.023668 0.010486
43 33 105.039189 0.013454 0.007101
43 22 108.512622 0.01984 0.010668
43 44 104.87946 0.02056 0.013226
44 10 101.700584 0.036814 0.007545
44 45 109.072012 0.013454 0.010499
44 33 105.656313 0.015282 0.006816
44 55 108.990145 0.016206 0.011654
45 46 105.246153 0.013453 0.009127
45 56 104.281893 0.007406 0.008634
46 47 105.704347 0.013454 0.007119
46 34 100.320028 0.008552 0.007075
46 56 106.9232 0.006638 0.007177
47 48 105.385755 0.013453 0.007706
47 35 102.942572 0.01808 0.012739
47 57 107.550097 0.017257 0.014095
48 49 109.069017 0.013446 0.007539
48 37 102.713439 0.024241 0.007475
48 58 105.412341 0.023679 0.013296
49 50 102.946292 0.013435 0.006387
49 38 109.498982 0.019815 0.005994
49 60 108.52256 0.020536 0.009492
50 51 108.484194 0.013427 0.012729
50 39 106.975098 0.009798 0.01145
50 61 108.807635 0.011184 0.010513
51 52 106.108868 0.013428 0.00755
51 61 101.339165 0.005062 0.006302
52 53 109.371442 0.013438 0.009319
52 40 100.235391 0.01319 0.013337
52 62 104.26425 0.012037 0.005245
53 54 102.545717 0.013448 0.011887
53 41 101.699319 0.021927 0.014557
53 63 102.504662 0.021253 0.013625
54 44 104.174425 0.013454 0.014926
54 43 101.334079 0.022928 0.013897
54 65 104.419012 0.023554 0.00653
55 10 103.043529 0.025087 0.008848
55 56 100.272307 0.013453 0.007423
55 45 105.208177 0.009819 0.008025
55 1 106.467443 0.011203 0.014499
56 57 108.780529 0.013453 0.005571
57 58 108.347643 0.013454 0.010831
57 46 101.065071 0.013212 0.006282
57 2 104.340731 0.012061 0.008244
58 59 108.159691 0.013451 0.010265
58 47 103.641769 0.021948 0.008469
58 3 107.07972 0.021275 0.012851
59 60 103.729509 0.013441 0.009496
59 49 106.806959 0.022912 0.010168
59 5 100.759927 0.023539 0.010159
60 61 100.48393 0.01343 0.008288
60 50 108.654943 0.015256 0.008602
60 6 101.527406 0.016182 0.008934
61 62 103.378021 0.013426 0.009999
61 7 108.01501 0.007396 0.01296
62 63 106.105471 0.013432 0.013445
62 51 108.792228 0.008539 0.00938
63 64 105.042588 0.013443 0.011603
63 52 101.472849 0.018055 0.012931
63 8 105.150897 0.01723 0.008612
64 65 103.874844 0.013452 0.014271
64 54 105.601388 0.024244 0.008588
64 9 104.845355 0.023668 0.005876
65 55 102.568954 0.013454 0.010647
65 44 104.615437 0.01984 0.011209
65 0 104.451546 0.02056 0.005164
