src des bd delay plr 
0 10 106.896405 0.013453 0.005262
0 1 104.382153 0.013454 0.013105
0 65 100.046059 0.007305 0.006852
0 21 103.876269 0.004928 0.005166
1 2 102.05113 0.013454 0.007928
1 55 105.431424 0.015915 0.01251
1 11 106.285119 0.014974 0.008559
2 3 105.639153 0.013449 0.012012
2 56 101.762167 0.023421 0.008397
2 12 109.050567 0.022791 0.013151
3 4 109.478605 0.013438 0.007739
3 58 100.582872 0.021445 0.008064
3 14 101.656 0.022114 0.009173
4 5 106.984928 0.013428 0.009733
4 59 104.791439 0.012368 0.007033
4 15 102.188415 0.013493 0.012168
5 6 100.098114 0.013427 0.012799
5 60 102.142604 0.004913 0.012243
5 15 107.20611 0.00691 0.010615
6 7 106.772549 0.013435 0.012635
6 60 106.763824 0.010893 0.014296
6 16 101.497514 0.009465 0.006748
7 8 109.313566 0.013446 0.014267
7 61 101.090267 0.020309 0.007125
7 17 104.483558 0.019579 0.011213
8 9 107.974922 0.013453 0.011118
8 63 100.407055 0.023766 0.007741
8 18 100.626504 0.024215 0.013102
9 10 109.931063 0.013454 0.005438
9 64 104.846187 0.017535 0.013767
9 20 109.884865 0.018346 0.012734
10 65 105.032046 0.006928 0.008909
10 21 105.613976 0.008779 0.008754
11 10 108.351023 0.018386 0.01296
11 12 108.703002 0.013454 0.008732
11 0 108.408613 0.010911 0.006217
11 22 107.297174 0.009486 0.0086
12 13 103.486401 0.013452 0.011076
12 1 100.328887 0.020333 0.008751
12 23 103.119474 0.019605 0.014273
13 14 106.527591 0.013444 0.013553
13 3 109.451012 0.023755 0.005891
13 24 102.547376 0.024219 0.01027
14 15 103.041557 0.013432 0.013827
14 4 103.514852 0.017509 0.014756
14 26 106.470692 0.018321 0.005284
15 16 100.983604 0.013426 0.005254
15 27 109.435593 0.008766 0.012799
16 17 107.846137 0.01343 0.006435
16 5 101.19023 0.007295 0.00863
16 27 100.975621 0.004913 0.009473
17 18 108.60388 0.013441 0.005039
17 6 107.788454 0.015891 0.009445
17 28 102.83141 0.014948 0.014966
18 19 107.622997 0.01345 0.006441
18 7 107.036561 0.023405 0.007416
18 29 109.61509 0.022774 0.012437
19 20 103.899889 0.013454 0.005232
19 9 101.59917 0.021467 0.008226
19 31 104.34711 0.022135 0.01432
20 21 101.289992 0.013453 0.014119
20 10 105.145952 0.012392 0.011352
20 32 104.824977 0.013515 0.008528
21 11 105.940364 0.013453 0.011727
21 32 102.40071 0.006928 0.009743
22 10 101.305673 0.009319 0.007136
22 23 106.990514 0.013454 0.00843
22 21 104.979172 0.007305 0.01479
22 43 100.865788 0.004928 0.006389
23 24 101.105963 0.013454 0.013185
23 11 106.492922 0.015915 0.006821
23 33 103.966682 0.014974 0.014549
24 25 106.381203 0.013449 0.012453
24 12 105.436711 0.023421 0.014008
24 34 108.200681 0.022791 0.010981
25 26 108.181242 0.013438 0.007917
25 14 104.322633 0.021445 0.013288
25 36 104.22903 0.022114 0.014017
26 27 103.336283 0.013428 0.010457
26 15 107.969135 0.012368 0.009565
26 37 101.764946 0.013493 0.008654
27 28 102.49429 0.013427 0.009226
27 37 100.592275 0.00691 0.011388
28 29 105.036756 0.013435 0.014127
28 16 108.852221 0.010893 0.005298
28 38 105.895142 0.009465 0.006845
29 30 106.010998 0.013446 0.005458
29 17 104.790992 0.020309 0.013972
29 39 106.613605 0.019579 0.011185
30 31 106.303211 0.013453 0.013794
30 19 102.979727 0.023766 0.013815
30 40 102.087961 0.024215 0.006754
31 32 100.844331 0.013454 0.008862
31 20 106.551777 0.017535 0.012862
31 42 109.125342 0.018346 0.010156
32 22 105.895931 0.013453 0.01064
32 43 106.848941 0.008779 0.010485
33 10 101.487342 0.003976 0.005398
33 34 109.304247 0.013454 0.00836
33 22 102.656136 0.010911 0.006284
33 44 101.022668 0.009486 0.009129
34 35 102.734002 0.013452 0.006461
34 23 104.239534 0.020333 0.009438
34 45 104.372147 0.019605 0.013847
35 36 100.244836 0.013444 0.009567
35 25 102.930262 0.023755 0.007932
35 46 106.319161 0.024219 0.009129
36 37 108.421341 0.013432 0.010069
36 26 107.945435 0.017509 0.009451
36 48 109.871041 0.018321 0.008433
37 38 104.54282 0.013426 0.014163
37 49 107.267198 0.008766 0.009383
38 39 104.527051 0.01343 0.013259
38 27 105.394275 0.007295 0.005505
38 49 107.582213 0.004913 0.012427
39 40 103.307012 0.013441 0.005075
39 28 102.529511 0.015891 0.013602
39 50 101.416011 0.014948 0.012426
40 41 103.271909 0.01345 0.012685
40 29 101.303231 0.023405 0.007986
40 51 104.394607 0.022774 0.014375
41 42 106.523515 0.013454 0.012841
41 31 101.664144 0.021467 0.013742
41 53 105.61712 0.022135 0.007886
42 43 105.269332 0.013453 0.013495
42 32 101.31206 0.012392 0.009784
42 54 104.107527 0.013515 0.006398
43 33 104.369706 0.013453 0.011748
43 54 107.679896 0.006928 0.012805
44 10 105.011667 0.005571 0.010256
44 45 101.83123 0.013454 0.006858
44 43 104.552963 0.007305 0.005273
44 65 104.54674 0.004928 0.005698
45 46 103.648318 0.013454 0.013799
45 33 105.463863 0.015915 0.005549
45 55 106.216048 0.014974 0.010303
46 47 102.215679 0.013449 0.010787
46 34 105.117299 0.023421 0.008518
46 56 107.324755 0.022791 0.013042
47 48 103.924912 0.013438 0.012154
47 36 101.075768 0.021445 0.010168
47 58 108.42812 0.022114 0.012655
48 49 100.610971 0.013428 0.013555
48 37 105.07988 0.012368 0.007744
48 59 104.812442 0.013493 0.008118
49 50 107.558354 0.013427 0.007172
49 59 108.051754 0.00691 0.009241
50 51 107.628074 0.013435 0.007541
50 38 100.023773 0.010893 0.010627
50 60 104.519983 0.009465 0.005435
51 52 109.569412 0.013446 0.009798
51 39 101.294175 0.020309 0.012762
51 61 106.668613 0.019579 0.014555
52 53 103.881247 0.013453 0.011289
52 41 102.79072 0.023766 0.005521
52 62 103.085951 0.024215 0.005693
53 54 100.564456 0.013454 0.005076
53 42 104.167067 0.017535 0.012825
53 64 104.877331 0.018346 0.014413
54 44 105.257811 0.013453 0.009339
54 65 109.080622 0.008779 0.008299
55 10 105.509082 0.016127 0.011186
55 56 105.847168 0.013454 0.010691
55 44 108.942278 0.010911 0.012409
55 0 108.17147 0.009486 0.009224
56 57 107.258419 0.013452 0.011453
56 45 103.083647 0.020333 0.011776
56 1 103.021605 0.019605 0.012059
57 58 106.456778 0.013444 0.005847
57 47 106.579575 0.023755 0.013309
57 2 106.927424 0.024219 0.005289
58 59 104.617952 0.013432 0.012934
58 48 108.149684 0.017509 0.010562
58 4 108.490872 0.018321 0.01382
59 60 100.32697 0.013426 0.014395
59 5 108.175887 0.008766 0.00542
60 61 104.489125 0.01343 0.005942
60 49 106.090496 0.007295 0.013285
61 62 103.083596 0.013441 0.006045
61 50 106.381398 0.015891 0.014444
61 6 106.063492 0.014948 0.008868
62 63 105.079453 0.01345 0.010289
62 51 102.348498 0.023405 0.00751
62 7 107.819015 0.022774 0.013038
63 64 100.867364 0.013454 0.011796
63 53 105.701691 0.021467 0.011927
63 9 105.428067 0.022135 0.005221
64 65 103.30245 0.013453 0.008561
64 54 106.195455 0.012392 0.010499
64 10 100.165735 0.013515 0.01392
65 55 101.984636 0.013453 0.010555
