src des bd delay plr 
0 10 103.582449 0.013454 0.007746
0 1 105.253902 0.013453 0.011575
0 55 102.973076 0.014233 0.01361
0 11 107.242716 0.015221 0.00685
1 2 101.608787 0.013453 0.01041
1 56 101.677144 0.004698 0.011614
1 12 105.121793 0.007152 0.009951
2 3 108.039676 0.013454 0.014398
2 56 107.546568 0.009355 0.009245
2 12 105.160431 0.007645 0.009375
3 4 104.292905 0.013453 0.014582
3 57 107.400438 0.018959 0.008271
3 13 102.490463 0.018175 0.008751
4 5 104.505274 0.013445 0.013944
4 59 105.23461 0.024125 0.008615
4 14 101.551892 0.023944 0.009764
5 6 109.780957 0.013434 0.014913
5 60 100.535734 0.019004 0.009933
5 16 107.254575 0.019755 0.009028
6 7 100.158399 0.013426 0.012361
6 61 102.310266 0.008687 0.005321
6 17 104.522642 0.010225 0.008119
7 8 104.156945 0.013429 0.010501
7 61 105.322973 0.007143 0.006152
7 17 105.901572 0.004684 0.014151
8 9 103.230314 0.013439 0.005244
8 62 106.684945 0.014206 0.006093
8 18 101.04257 0.013142 0.011894
9 10 106.080559 0.013449 0.006764
9 63 102.140623 0.022532 0.005853
9 19 103.465039 0.021876 0.005404
10 65 104.989924 0.022444 0.007081
10 21 103.838601 0.023083 0.014917
11 10 102.346804 0.025999 0.013137
11 12 102.830347 0.013453 0.008139
11 1 104.158934 0.008707 0.006585
11 23 101.348239 0.010242 0.005826
12 13 109.835892 0.013453 0.005038
12 23 100.618612 0.004698 0.010488
13 14 101.757305 0.013454 0.014558
13 2 107.575134 0.014228 0.005946
13 24 104.737638 0.013167 0.006793
14 15 108.121109 0.01345 0.010718
14 3 100.39213 0.022552 0.014171
14 25 104.211774 0.021897 0.007766
15 16 104.951151 0.01344 0.006476
15 5 109.309514 0.022425 0.010916
15 27 109.439257 0.023065 0.011586
16 17 105.61827 0.013429 0.009034
16 6 100.852569 0.014208 0.012033
16 28 103.255126 0.015197 0.011661
17 18 104.662326 0.013426 0.00657
17 29 103.287966 0.007143 0.012023
18 19 106.62272 0.013433 0.008349
18 7 103.332982 0.00934 0.010271
18 29 109.36053 0.007626 0.009216
19 20 109.535617 0.013444 0.010548
19 8 108.832957 0.018934 0.013788
19 30 101.452212 0.018149 0.011247
20 21 106.608433 0.013452 0.007022
20 10 107.758639 0.024131 0.014293
20 31 105.614217 0.023935 0.012951
21 11 106.994191 0.013454 0.012296
21 0 104.243552 0.01903 0.008514
21 22 102.578604 0.019779 0.014496
22 10 107.370705 0.036435 0.012558
22 23 107.006151 0.013453 0.005968
22 11 106.682417 0.014233 0.013344
22 33 102.296349 0.015221 0.008815
23 24 102.095372 0.013453 0.013156
23 34 100.922986 0.007152 0.012566
24 25 107.290132 0.013454 0.009093
24 12 101.475976 0.009355 0.012205
24 34 107.650416 0.007645 0.009693
25 26 106.545395 0.013453 0.006401
25 13 108.454034 0.018959 0.008064
25 35 105.684486 0.018175 0.008179
26 27 103.879356 0.013445 0.012404
26 15 103.895626 0.024125 0.013445
26 36 108.061611 0.023944 0.007318
27 28 104.37168 0.013434 0.008838
27 16 106.392709 0.019004 0.009294
27 38 101.900422 0.019755 0.014896
28 29 105.04767 0.013426 0.005652
28 17 100.82951 0.008687 0.008216
28 39 108.523631 0.010225 0.00755
29 30 100.744377 0.013429 0.011717
29 39 107.546791 0.004684 0.006416
30 31 107.35578 0.013439 0.00503
30 18 105.837082 0.014206 0.014711
30 40 103.798214 0.013142 0.00878
31 32 103.393618 0.013449 0.007867
31 19 106.269499 0.022532 0.010018
31 41 100.304717 0.021876 0.010832
32 22 107.87084 0.013454 0.00803
32 21 106.525835 0.022444 0.009963
32 43 103.944687 0.023083 0.013223
33 10 103.231627 0.036974 0.005813
33 34 101.471518 0.013453 0.014696
33 23 106.242434 0.008707 0.010633
33 45 104.803512 0.010242 0.005418
34 35 105.818688 0.013453 0.006915
34 45 101.531325 0.004698 0.011746
35 36 104.961614 0.013454 0.013886
35 24 101.825517 0.014228 0.010457
35 46 101.194475 0.013167 0.008932
36 37 109.944522 0.01345 0.009795
36 25 106.999773 0.022552 0.00532
36 47 106.457851 0.021897 0.007963
37 38 103.613385 0.01344 0.007531
37 27 102.199273 0.022425 0.010792
37 49 105.980945 0.023065 0.005482
38 39 103.811016 0.013429 0.011668
38 28 107.762793 0.014208 0.009396
38 50 107.67043 0.015197 0.012984
39 40 102.514461 0.013426 0.011815
39 51 108.104863 0.007143 0.006939
40 41 105.80393 0.013433 0.007255
40 29 102.332306 0.00934 0.010082
40 51 104.209869 0.007626 0.006012
41 42 103.301051 0.013444 0.00577
41 30 109.242855 0.018934 0.01369
41 52 100.68978 0.018149 0.010737
42 43 107.571383 0.013452 0.009975
42 32 109.742696 0.024131 0.011987
42 53 108.49377 0.023935 0.014806
43 33 109.094095 0.013454 0.013708
43 22 101.890013 0.01903 0.014216
43 44 102.949702 0.019779 0.008042
44 10 109.083413 0.03566 0.00965
44 45 105.989357 0.013453 0.014393
44 33 100.116987 0.014233 0.006812
44 55 104.62113 0.015221 0.005885
45 46 107.584474 0.013453 0.006508
45 56 106.006897 0.007152 0.008159
46 47 103.236987 0.013454 0.011712
46 34 100.966023 0.009355 0.009657
46 56 104.123713 0.007645 0.011503
47 48 101.992863 0.013453 0.012403
47 35 103.604545 0.018959 0.009325
47 57 106.855257 0.018175 0.012883
48 49 109.724283 0.013445 0.012435
48 37 106.80989 0.024125 0.010503
48 58 108.504091 0.023944 0.007746
49 50 100.482471 0.013434 0.007586
49 38 101.25858 0.019004 0.011177
49 60 105.425053 0.019755 0.00779
50 51 100.098771 0.013426 0.011486
50 39 107.251179 0.008687 0.01345
50 61 106.248502 0.010225 0.010293
51 52 102.401008 0.013429 0.014311
51 61 105.929314 0.004684 0.009462
52 53 109.448147 0.013439 0.011953
52 40 104.44227 0.014206 0.01105
52 62 102.821808 0.013142 0.005601
53 54 109.946453 0.013449 0.010509
53 41 103.374824 0.022532 0.011858
53 63 106.366378 0.021876 0.006073
54 44 103.368413 0.013454 0.006922
54 43 100.448671 0.022444 0.008823
54 65 107.781288 0.023083 0.011004
55 10 104.084124 0.024452 0.0142
55 56 105.080476 0.013453 0.007201
55 45 109.192235 0.008707 0.014845
55 1 103.379336 0.010242 0.00695
56 57 109.152683 0.013453 0.011828
57 58 101.176025 0.013454 0.013988
57 46 102.530935 0.014228 0.008523
57 2 101.929725 0.013167 0.01449
58 59 105.329188 0.01345 0.007219
58 47 102.325911 0.022552 0.008103
58 3 107.009765 0.021897 0.007958
59 60 108.631477 0.01344 0.01453
59 49 107.733801 0.022425 0.006571
59 5 107.561665 0.023065 0.014263
60 61 109.650293 0.013429 0.012273
60 50 109.075896 0.014208 0.007852
60 6 103.562928 0.015197 0.014478
61 62 100.148106 0.013426 0.010057
62 63 106.918897 0.013433 0.007205
62 51 103.486727 0.00934 0.005365
62 7 101.959328 0.007626 0.011103
63 64 109.619315 0.013444 0.011549
63 52 109.563739 0.018934 0.005617
63 8 108.593385 0.018149 0.006307
64 65 102.72642 0.013452 0.011845
64 54 108.44314 0.024131 0.013843
64 9 104.260434 0.023935 0.00718
65 55 105.953544 0.013454 0.01277
65 44 103.331695 0.01903 0.012573
65 0 107.646195 0.019779 0.012645
