1849103.8829145643
3765625.445846463
1849386.84599627
3585298.167900427
1849474.2425548774
3177492.1910105804
1849417.0934150864
2578138.756305863
1849314.3088983684
1852425.0475936013
1849242.486087496
1145789.897544607
1849240.0698075446
926598.5721885078
1849316.0302010477
1479998.2350686372
1849418.4924792578
2225197.322012386
1849471.1928695068
2898572.457259435
1849387.0824555801
3408116.1388047193
1849103.3124615005
3705289.2635484445
1848593.8473855439
3765104.5432582614
1847899.5516837912
3582862.2378916205
1847105.2687094947
3173762.507978144
1846342.0931816949
2574049.469751741
1845735.7064782884
1848921.9707727493
1845401.7926553115
1143421.3050825251
1845401.6903916881
924651.6264630932
1845735.5460534224
1477043.857964797
1846340.150422646
2221293.24331377
1847106.6766523242
2894536.816832169
1847901.772475373
3404928.835753179
1848592.761651794
3703758.8402161584
1849273.0833777043
3765624.8173862724
1849453.6133014057
3585298.2586454083
1849456.5641931356
3177490.7161429506
1849368.4869861826
2578138.9193947488
1849268.1281238499
1852424.7319186227
1849231.6235431237
1145788.8689290667
1849269.8874584516
926598.8835728253
1849368.727334648
1479998.605744603
1849456.5395138632
2225197.1955399048
1849451.588332505
2898573.3248164086
1849273.4832379022
3408115.9439954367
1848874.858302273
3705288.8167182477
1848264.8763935578
3765104.6191122797
1847507.9220810276
3582861.925997306
1846711.7858015145
3173762.8199936133
1846010.859644046
2574049.679524963
1845528.8759896427
1848922.013793147
1845360.8989179377
1143421.0420438144
1845528.7309632215
924652.1155661733
1846010.7722786656
1477045.1716656722
1846713.1492177062
2221294.004644351
1847506.7611550929
2894537.9356893613
1848265.3521166178
3404929.6108469656
1848875.245706186
3703758.73365578
1849102.844579773
3765625.2519382425
1849387.1946355614
3585297.995968404
1849471.6830358272
3177491.1488052323
1849420.3238660055
2578141.292852714
1849315.5157095962
1852422.8330675815
1849240.521687341
1145787.507920044
1849239.7447171027
926598.0260325099
1849315.8294497977
1479998.4222965303
1849418.5764686796
2225197.2584038335
1849471.3988017293
2898572.791401895
1849387.3112640237
3408115.739269859
1849103.1754102784
3705288.8053660626
1848593.8030311547
3765104.4540120163
1847898.8188366976
3582861.869856763
1847106.5779116198
3173762.8784056846
1846342.5321930042
2574049.1354138423
1845735.7970279003
1848921.5871495537
1845400.6603998798
1143420.3446459032
1845401.2378214663
924652.1722328382
1845735.4497120476
1477043.903305777
1846340.9222825782
2221294.0057495064
1847106.7736937483
2894536.3011286682
1847901.9576089846
3404929.312974703
1848593.3997836602
3703758.753189237
1849272.896468118
3765624.898261294
1849451.573207731
3585298.079335149
1849458.015179333
3177491.699653515
1849367.7981425715
2578138.143924825
1849269.8052115352
1852426.0821892843
1849230.3466766248
1145790.2489892212
1849269.9893979025
926598.5487329956
1849368.821470002
1479998.0603803275
1849456.7134062133
2225196.6431168714
1849451.3377820158
2898572.4582198323
1849273.8414119135
3408116.201185827
1848874.5490960001
3705288.734430515
1848265.000295243
3765104.3815789986
1847507.7712189062
3582862.505135393
1846711.715371169
3173762.1530359085
1846010.2538952588
2574049.347121003
1845529.323818212
1848921.6692912944
1845361.5876936559
1143421.187387302
1845528.8979002994
924652.153720201
1846010.2805960895
1477045.6792250134
1846711.850280067
2221292.6017869147
1847508.012629397
2894537.109969827
1848265.2861676184
3404928.9311172487
1848875.947474959
3703758.486625091
1849102.4757823208
3765624.4449040117
1849388.3039587298
3585297.6715471456
1849471.9637195775
3177490.1268328885
1849418.893162314
2578138.621522667
1849315.1345889426
1852424.2918672352
1849241.6631865867
1145789.2143385548
1849239.1237936718
926597.2009551602
1849315.477772088
1479998.1394571392
1849418.8205648297
2225198.9092428554
1849471.8241948667
2898571.7965879496
1849386.6368764334
3408114.7447412643
1849104.1785879554
3705288.3492278643
1848592.8779744878
3765103.378282129
1847899.234874243
3582861.0332474783
1847106.221738293
3173762.2618904226
1846342.295078426
2574049.0974030523
1845735.4587387803
1848921.622591962
1845401.4442973428
1143420.8414897076
1845401.5032916195
924652.1003047747
1845735.1265585846
1477044.4026615014
1846341.324604309
2221294.2035738
1847106.3490060652
2894535.7617002586
1847902.9617078397
3404929.000182284
1848592.5078678804
3703757.87469919
1849273.1465750963
3765625.709151861
1849451.69375984
3585299.167453257
1849457.6453605215
3177492.29568023
1849368.135240001
2578139.2818947206
1849269.9632415085
1852424.855473799
1849230.1391423
1145789.743697333
1849269.6549982745
926598.1690191918
1849370.4485997474
1479998.950930287
1849454.352201836
2225197.869399785
1849452.975175202
2898573.9349557688
1849273.4299283598
3408116.740186699
1848873.6167318367
3705289.921497684
1848267.0252056215
3765104.900474616
1847506.1442922777
3582863.3272400433
1846711.9798878357
3173763.035533982
1846010.3666154528
2574049.935625078
1845529.3677544545
1848921.7676675692
1845361.521687629
1143421.3246175789
1845529.6308891082
924651.8366342173
1846010.3030331852
1477045.276420494
1846710.840943183
2221294.1109283115
1847508.741982493
2894537.682805632
1848265.51748396
3404930.0356767266
1848875.2600383244
3703759.7852752316
1849102.26886832
3765623.830583171
1849387.706695913
3585296.971597275
1849472.484786346
3177490.3038998256
1849419.158109513
2578138.4631763017
1849314.874033354
1852424.0716924388
1849241.3646426066
1145789.6140845404
1849238.6710334928
926597.5029650651
1849317.6815776795
1479999.5485755012
1849417.2264411852
2225196.1811543438
1849471.159247303
2898572.212556064
1849387.1087599366
3408114.829225673
1849104.1557099938
3705287.9877346326
1848593.0863178421
3765103.5867099618
1847898.8161312093
3582861.811551338
1847106.9172090953
3173761.72264345
1846341.9819358443
2574048.80019892
1845735.6442777177
1848921.1565237257
1845401.725224509
1143420.1034563477
1845400.1537232378
924651.461748341
1845735.4770897732
1477045.037343659
1846341.8287582037
2221293.3367567644
1847106.833689691
2894536.0476534115
1847901.7854970167
3404928.190807044
1848593.616571367
3703757.777964808
1849273.079157507
3765625.841734549
1849451.655143728
3585299.1167899696
1849457.753585029
3177491.5627637394
1849367.8659493695
2578139.703329315
1849270.2210262567
1852424.6046153267
1849229.600961886
1145789.7489540102
1849271.2865263391
926596.9890537633
1849368.3843782484
1479998.0923446321
1849456.6912281462
2225196.983186643
1849450.726069504
2898573.5851555797
1849273.4669607328
3408116.2991597834
1848875.621340073
3705289.619424975
1848265.7143241868
3765105.4319322114
1847507.1073077854
3582862.8498558505
1846711.6133487239
3173763.4543844443
1846009.3083539354
2574049.7490893938
1845528.8339283676
1848922.156310755
1845362.5618865862
1143421.202396863
1845528.9384790459
924651.9417978482
1846010.6083440955
1477045.063683834
1846711.5722554054
2221294.3199544437
1847507.4645027318
2894537.085073865
1848266.1083860716
3404929.6894211755
1848875.271368684
3703759.56559009
1849102.178529725
3765624.153904295
1849388.4592562788
3585297.3889001263
1849471.6580576634
3177490.206577512
1849419.2516241162
2578138.6592784943
1849314.8873857905
1852424.1728177515
1849241.7357548287
1145789.3715754845
1849240.0732099726
926598.5670393828
1849316.291558497
1479998.6681708586
1849417.5111864952
2225198.3748675925
1849471.4129535789
2898572.0640238128
1849387.084646422
3408115.3369442686
1849102.9802834531
3705287.991008324
1848593.704795957
3765103.7029897743
1847899.2352512104
3582861.776602041
1847106.430041936
3173761.4324505962
1846342.5245819096
2574048.9481753926
1845734.4389572567
1848921.5061263503
1845402.4285745744
1143422.1086687814
1845400.8273564936
924650.9528237702
1845736.0068479287
1477044.0312369457
1846340.761899508
2221293.404481244
1847106.8014523415
2894536.0580511647
1847901.9060894947
3404928.6913355836
1848593.144680266
3703757.7673348524
1849273.0992774735
3765624.261410782
1849451.7795802187
3585297.724959803
1849457.2554697634
3177490.769223905
1849368.1969609242
2578137.5435777158
1849270.1548484438
1852425.5213170683
1849230.4894801935
1145789.8805749954
1849270.5732791899
926599.0910904713
1849367.9204647825
1479999.9541145316
1849456.7378987311
2225195.8370184205
1849451.1113411007
2898572.65990018
1849274.4040256862
3408114.7580156256
1848874.2554246574
3705288.375217911
1848265.3252974434
3765103.845426606
1847507.319621018
3582861.534764723
1846711.9347548326
3173761.9532058635
1846010.2253965298
2574048.0754282936
1845529.3207227415
1848920.1810940935
1845360.6943441725
1143421.1189855179
1845529.654242685
924651.8698651706
1846010.0648754176
1477045.3722023277
1846712.1745883615
2221292.290309918
1847507.7086642291
2894536.8787306137
1848265.6460078661
3404928.5311766365
1848875.5220287615
3703757.90759247
1849102.1635558533
3765623.9947855007
1849388.16899703
3585297.081994505
1849472.7909548644
3177490.4508990366
1849417.9085878024
2578139.4365753983
1849315.6924847567
1852424.334939723
1849240.6841004787
1145788.958566228
1849240.113903225
926598.5441576762
1849315.9218358581
1479998.4930598165
1849418.7245493853
2225196.536433559
1849471.1613437615
2898572.357457272
1849387.3056115014
3408114.572196823
1849103.4589259627
3705288.2285316773
1848593.3814484302
3765103.474889297
1847899.1514163825
3582860.8554452853
1847106.6067642348
3173762.0226164255
1846342.4872066414
2574048.7562765237
1845734.7998627808
1848921.2339189928
1845401.5401885607
1143421.032594102
1845401.535175619
924650.9375426322
1845735.0570438395
1477044.4322475332
1846341.5202867144
2221294.154662857
1847106.2689152965
2894535.493159222
1847902.484719787
3404928.5724642505
1848592.9113913067
3703757.5151078245
1849275.4374825258
3765625.843434167
1849450.1623244085
3585299.6980411597
1849457.0044502588
3177492.2696760166
1849367.9173661268
2578138.288801164
1849272.362680201
1852424.5249513458
1849229.0824486667
1145792.4219583117
1849270.2929805852
926598.8435184276
1849368.524243926
1479999.3593359678
1849456.6841096156
2225197.856262934
1849451.025839226
2898573.921513442
1849274.4899190005
3408116.7211532835
1848874.0131692528
3705290.2346257614
1848265.5675380775
3765105.5924248076
1847507.3265299078
3582863.3362693484
1846712.1542766257
3173762.9949500184
1846010.397296576
2574050.4747953448
1845528.5019789217
1848923.1875255206
1845361.2273403953
1143421.2715510712
1845529.9283843075
924651.5322262119
1846010.2244126385
1477045.3565142092
1846711.03725445
2221294.000818245
1847508.6436719147
2894537.8253086074
1848264.061831128
3404930.755431021
1848875.5883178532
3703759.398716876
