5965763.999537067
5968217.565606376
5184740.712864318
8666158.658324623
5968217.565606376
5968319.241115735
2610295.549430095
7980195.565346645
5968319.241115735
5968346.341164083
6684765.5031775655
3639717.2140795286
5968346.341164083
5966757.186049298
9463778.836134639
3508383.4171730317
5966757.186049298
5962163.317179066
5162150.665935889
8681993.733971715
5962163.317179066
5958783.808782177
2623403.3036374715
7984099.80887838
5958783.808782177
5960894.34673165
6689852.776099507
3636858.4745150073
5960894.34673165
5965763.999537067
9477077.512224192
3486300.122299445
15190988.306503983
5968367.098781144
3508383.4171730317
9712607.537384948
5968367.098781144
5968341.693940079
4225372.960301197
5445486.499848917
5968341.693940079
5967948.163942811
9122761.489680521
1204127.163719664
5967948.163942811
5964695.976124758
7455419.456146859
6605088.464956899
5964695.976124758
5959930.077372537
3486300.122299445
9722884.878436645
5959930.077372537
5959152.822674101
4237232.30595983
5450805.495677924
5959152.822674101
5963374.588081157
9122690.22502065
1209205.56971201
5963374.588081157
5967435.405696069
7474446.434488529
6590628.82609344
12381283.47061254
5968217.020652032
4909454.046584356
8530681.303329488
5968217.020652032
5968318.486439248
1204127.163719664
8154204.406531395
5968318.486439248
5968346.59578594
7013611.31048298
2610295.549430095
5968346.59578594
5966757.955002676
9468038.21655944
3792059.8159692963
5966757.955002676
5962163.358383926
4892109.208503136
8548060.259615554
5962163.358383926
5958783.243249138
1209205.56971201
8153952.388215791
5958783.243249138
5960895.231552988
7013230.157144132
2623403.3036374715
5960895.231552988
5965764.404993331
9482503.869397417
3780170.852783488
