5968358.415892616
5968321.814269043
2842292.589650821
6704366.192429727
5968321.814269043
5968177.678887387
8423028.917081695
813057.1827802631
5968177.678887387
5965571.037679186
8369664.320906401
5217995.639601419
5965571.037679186
5960697.717955471
3401955.511342539
9645608.006562794
5960697.717955471
5958825.798516543
2853574.940793368
6704938.158173201
5958825.798516543
5962394.189098783
8425305.640427718
821975.2433849133
5962394.189098783
5966899.884113603
8387553.167668815
5201318.519595122
5966899.884113603
5968358.415892616
3414335.764413844
9631657.212512871
10520081.305492166
5968367.565202641
5725369.489604241
4130957.4446179126
5968367.565202641
5967321.839457672
9671907.329383975
3394129.308108368
5967321.839457672
5963144.123058935
6261102.261501604
7680479.863414704
5963144.123058935
5959055.123528195
821975.2433849133
8887829.685994351
5959055.123528195
5960097.214693613
5729484.545313247
4143447.4405937833
5960097.214693613
5964911.1432962585
9682334.281640276
3371463.9069720474
5964911.1432962585
5968012.09709259
6276001.970877423
7662048.230450466
5968012.09709259
5968337.00808314
813057.1827802631
8887166.125073649
7719662.94570912
5968321.350557733
4046409.4763093987
6477877.310274058
5968321.350557733
5968177.092894876
8173778.328774062
2842292.589650821
5968177.092894876
5965571.876910583
8418093.255474683
5305252.207566083
5965571.876910583
5960697.282231808
3371463.9069720474
9543433.585287929
5960697.282231808
5958825.307053022
4042804.26859191
6483890.317497462
5958825.307053022
5962393.67764871
8176926.369598796
2853574.940793368
5962393.67764871
5966901.175857244
8434532.546943376
5283114.49492997
5966901.175857244
5968356.995694004
3394129.308108368
9530370.98112423
