5966322.336049358
5968304.817912962
4843541.382908294
9090878.804282362
5968304.817912962
5968315.435657475
2284028.936266625
7478911.055349056
5968315.435657475
5968294.7411095435
7426170.837655998
2345419.998343014
5968294.7411095435
5966259.204613189
9047097.59555952
4135670.658461356
5966259.204613189
5961469.9412547
4832412.982313371
9106578.45503862
5961469.9412547
5958729.393059685
2300189.3852940677
7484924.468338466
5958729.393059685
5961549.53428898
7428319.076584291
2345549.2835316183
5961549.53428898
5966322.336049358
9062938.820214737
4116153.1063226606
15032896.101980558
5968356.639857966
2345419.998343014
9360835.627012648
5968356.639857966
5968357.397859895
4759292.945002161
4680323.238674357
5968357.397859895
5967705.768529708
9400577.099583989
2499262.316211013
5967705.768529708
5964004.7010572255
6916792.824719628
6990952.274368989
5964004.7010572255
5959470.490303255
2345549.2835316183
9366428.401380166
5959470.490303255
5959523.756144883
4767973.60726466
4689446.948064936
5959523.756144883
5964086.880449063
9406017.924341254
2498954.5773370177
5964086.880449063
5967739.572012032
6937498.364696437
6970424.242993602
12446461.98984572
5968304.0987875275
4044587.8564453498
9122847.974021293
5968304.0987875275
5968314.327382772
2499262.316211013
7332836.233619145
5968314.327382772
5968295.217075859
7528590.599055003
2284028.936266625
5968295.217075859
5966258.70778518
9049802.771678394
4983639.63919164
5966258.70778518
5961471.357067463
4024756.6644000793
9138470.04592155
5961471.357067463
5958727.700585702
2498954.5773370177
7335331.777516489
5958727.700585702
5961551.91674984
7534380.98613754
2300189.3852940677
5961551.91674984
5966322.13789847
9065642.366456766
4972565.538052572
