5967810.091564019
5968353.617496666
1549011.6163162622
9279616.359601278
5968353.617496666
5968360.547415177
5576233.488640808
4515724.925452661
5968360.547415177
5967629.761274149
9552552.549691644
2847015.2050274815
5967629.761274149
5963815.495692507
6580266.969283145
7122549.323980593
5963815.495692507
5959365.072845271
1528095.8913455722
9285519.142941957
5959365.072845271
5959637.8672182
5575493.395803096
4525791.560520339
5959637.8672182
5964273.878161985
9560619.73529671
2845825.3865707945
5964273.878161985
5967810.091564019
6598555.060142772
7102443.515390013
13447287.547904277
5968315.055342641
2847015.2050274815
7377002.846286875
5968315.055342641
5968274.6330590695
7651112.964196335
1996890.6208807637
5968274.6330590695
5966112.344749437
8965812.539185246
4354581.019814435
5966112.344749437
5961293.652704372
3832458.7888267795
9207902.380667567
5961293.652704372
5958733.203206881
2845825.3865707945
7383474.9706128
5958733.203206881
5961737.98914947
7656370.0129962005
1998125.544865362
5961737.98914947
5966458.09172741
8981939.667852731
4335768.970953297
5966458.09172741
5968320.512853309
3853012.4872120414
9192544.610908676
11362973.674722636
5968353.411889646
1996890.6208807637
9292954.734591637
5968353.411889646
5968360.402423362
4950794.292663902
4846151.670347453
5968360.402423362
5967629.244858132
9498985.87414499
1549011.6163162622
5967629.244858132
5963815.667357215
6806587.192850552
7151458.870257795
5963815.667357215
5959365.039073358
1998125.544865362
9295480.612882806
5959365.039073358
5959638.558673333
4958462.788420219
4847648.167632863
5959638.558673333
5964273.634173387
9504059.47042283
1528095.8913455722
5964273.634173387
5967809.635130427
6827662.289590235
7134438.871412703
