5967879.704528619
5968345.772420503
1702619.0731387464
9205482.567710973
5968345.772420503
5968365.187136374
5762031.129976859
4361392.588470861
5968365.187136374
5967539.9985310435
9578670.035329627
3224630.5679186434
5967539.9985310435
5963606.849631933
6346077.531621765
7281555.73636582
5963606.849631933
5959257.688369529
1683279.4520649547
9211675.631232806
5959257.688369529
5959773.888457803
5771625.590453926
4372390.110822337
5959773.888457803
5964476.776899046
9586636.886013323
3222596.106488627
5964476.776899046
5967879.704528619
6364952.340136258
7261948.9603219405
13274750.40298756
5968316.0144769745
3224630.5679186434
7283532.282232213
5968316.0144769745
5968249.084738609
7799559.59702122
1617939.3032825158
5968249.084738609
5965949.588675317
8889105.7016905
4610247.770035888
5965949.588675317
5961102.274224594
3649680.6596752494
9331339.536310459
5961102.274224594
5958750.416549605
3222596.106488627
7290435.91233858
5958750.416549605
5961940.748657626
7804191.153953124
1620681.7721491086
5961940.748657626
5966603.2760585
8905499.645633137
4592161.00734201
5966603.2760585
5968335.012295142
3671000.7831301517
9316389.355430529
11197521.098703537
5968347.578140214
1617939.3032825158
9128377.53860023
5968347.578140214
5968365.44738937
5177209.015585621
4522658.633755868
5968365.44738937
5967539.742369811
9618957.294205049
1702619.0731387464
5967539.742369811
5963606.852185887
6705274.01182751
7407894.640967994
5963606.852185887
5959257.938385919
1620681.7721491086
9131482.922527086
5959257.938385919
5959774.160228153
5183757.230162958
4525299.221905373
5959774.160228153
5964474.673709677
9623593.376682635
1683279.4520649547
5964474.673709677
5967880.244334835
6726698.907643909
7391412.207969433
