5967278.716612692
5968370.400971104
2376774.0430429736
9661372.332381595
5968370.400971104
5968333.595016832
3702983.552319142
5834965.771325893
5968333.595016832
5968034.643189085
8751154.04905317
676327.5060766604
5968034.643189085
5964987.658951806
8002775.626403034
6150959.291123757
5964987.658951806
5960162.223730633
2361674.0349477674
9671837.6862007
5960162.223730633
5959022.829369111
3709110.341399572
5838645.715922668
5959022.829369111
5963055.625783403
8755670.719044078
687450.5881812071
5963055.625783403
5967278.716612692
8021878.749316462
6135874.6184800565
14327657.428441612
5968323.589114139
676327.5060766604
8250933.383878312
5968323.589114139
5968358.324347408
6587376.750177852
4106233.1603308357
5968358.324347408
5966953.601272806
9661372.332381595
3364002.9438460013
5966953.601272806
5962479.950568655
5321516.107696824
8341977.0266329255
5962479.950568655
5958845.355000888
687450.5881812071
8253795.31000426
5958845.355000888
5960626.236174617
6588319.193697548
4118887.140609626
5960626.236174617
5965496.975910078
9671837.6862007
3341177.9561114055
5965496.975910078
5968162.140354445
5337952.98431304
8325307.661817757
12102369.968239857
5968368.293598548
3364002.9438460013
9721217.122810818
5968368.293598548
5968334.931450799
4106233.1603308357
5996002.573198213
5968334.931450799
5968032.999354253
8799229.94868794
2376774.0430429736
5968032.999354253
5964988.781816172
7744213.859674639
5811652.124191539
5964988.781816172
5960161.528884339
3341177.9561114055
9728653.206439959
5960161.528884339
5959022.907627745
4118887.140609626
6004354.380144374
5959022.907627745
5963056.689190216
8800170.103912171
2361674.0349477674
5963056.689190216
5967279.0153443
7762418.425247701
5791212.625619631
