5967843.217220777
5968349.222782022
1604944.9901412996
9245955.156450279
5968349.222782022
5968362.97525532
5715949.825770026
4446160.54466602
5968362.97525532
5967591.193372895
9561784.773019366
3009119.9056924307
5967591.193372895
5963725.771123933
6478673.524243288
7188811.765046525
5963725.771123933
5959318.547849324
1584642.5306151563
9251990.113379177
5959318.547849324
5959695.907778068
5714832.823256933
4456640.3587457035
5959695.907778068
5964358.89194771
9569817.536151823
3007556.456158788
5964358.89194771
5967843.217220777
6497213.759504731
7168916.423790976
13374022.96834132
5968315.535845214
3009119.9056924307
7334616.819843314
5968315.535845214
5968264.238986407
7712923.393147716
1834183.317017873
5968264.238986407
5966043.752394557
8930990.074287966
4462217.076111584
5966043.752394557
5961210.794849488
3750390.44093805
9259210.915685503
5961210.794849488
5958738.943244733
3007556.456158788
7341282.866228276
5958738.943244733
5961824.382741308
7717917.054565587
1836016.0230896508
5961824.382741308
5966521.464058326
8947236.656289551
4443721.2531041335
5966521.464058326
5968326.933041935
3771278.1323300116
9244023.881989954
11293422.177391728
5968350.565721229
1834183.317017873
9221188.388271902
5968350.565721229
5968362.310432874
5045772.926145845
4707114.851445997
5968362.310432874
5967591.984492018
9548841.574199347
1604944.9901412996
5967591.984492018
5963726.813133676
6760673.157194908
7260827.818459862
5963726.813133676
5959317.19376752
1836016.0230896508
9223964.247127866
5959317.19376752
5959696.08025489
5052962.078961175
4709090.930377128
5959696.08025489
5964360.428008095
9553732.794293884
1584642.5306151563
5964360.428008095
5967840.306255815
6781905.811457139
7244040.057253001
