5964510.23795955
5967889.919198109
6327033.611556411
7289997.493377045
5967889.919198109
5968347.834749545
1735518.9330000526
9194640.831498012
5968347.834749545
5968363.129059813
5771842.307921338
4338462.664459162
5968363.129059813
5967525.283059063
9584574.842403134
3287351.990031293
5967525.283059063
5963570.543253701
6308058.574787246
7309519.58929415
5963570.543253701
5959242.260220369
1716475.1515436457
9200875.849944053
5959242.260220369
5959797.099345775
5781381.686975877
4349605.029481319
5959797.099345775
5964510.23795955
9592520.484870112
3285186.224796002
15158015.512074478
5968336.356332267
3643743.459057013
9338279.520983553
5968336.356332267
5968316.915941844
3287351.990031293
7269823.59063087
5968316.915941844
5968243.542229102
7825709.329134969
1555086.1219243614
5968243.542229102
5965922.409971131
8877882.842359511
4654318.826762838
5965922.409971131
5961069.39180635
3622300.324935524
9353159.027469922
5961069.39180635
5958757.935351418
3285186.224796002
7276791.917977521
5958757.935351418
5961971.292624123
7830234.107563097
1558123.216109433
5961971.292624123
5966628.074720489
8894316.943648005
4636347.752647539
11836730.309211677
5967889.9859740995
6711871.358003863
7434639.286627987
5967889.9859740995
5968346.808428903
1555086.1219243614
9101948.218186706
5968346.808428903
5968364.770146255
5216513.806220923
4469093.25855542
5968364.770146255
5967524.467916969
9640171.303225989
1735518.9330000526
5967524.467916969
5963571.5248575825
6690395.884587022
7451032.027835787
5963571.5248575825
5959241.405576009
1558123.216109433
9105149.502909005
5959241.405576009
5959795.812076498
5222873.4873752715
4471934.898811748
5959795.812076498
5964510.512981818
9644732.20899682
1716475.1515436457
