5966959.884850367
5968360.498812706
3259897.5676250164
9660598.461066395
5968360.498812706
5968322.868731423
2950539.574829942
6577388.900200658
5968322.868731423
5968159.668859931
8460180.693976056
665189.2648211931
5968159.668859931
5965491.430875183
8307879.29064281
5348269.667779499
5965491.430875183
5960615.227530413
3247261.76512533
9671067.117017094
5960615.227530413
5958849.468584317
2961046.9697240535
6578375.030170905
5958849.468584317
5962486.540209352
8465875.327922067
676534.837881197
5962486.540209352
5966959.884850367
8325966.802004393
5331847.926100906
14646012.248062458
5968334.373723156
665189.2648211931
8791752.30121726
5968334.373723156
5968367.356622169
5844414.072488455
4104410.9158633305
5968367.356622169
5967272.392662026
9660598.461066395
3361782.7193167633
5967272.392662026
5963049.722030776
6125177.983024463
7769508.054342787
5963049.722030776
5959017.88375648
676534.837881197
8792724.927890765
5959017.88375648
5960171.255453603
5848046.681992939
4117081.5000600773
5960171.255453603
5964994.458700347
9671067.117017094
3338945.397629898
5964994.458700347
5968037.686261988
6140273.187489588
7751325.405826458
12306753.227993477
5968358.60796341
3361782.7193167633
9563209.646853806
5968358.60796341
5968324.699353988
4104410.9158633305
6397793.006650982
5968324.699353988
5968158.380522084
8257618.776603095
2950539.574829942
5968158.380522084
5965491.947197167
8317418.349504789
5363984.853665175
5965491.947197167
5960616.269664226
3338945.397629898
9576155.113687493
5960616.269664226
5958849.17516935
4117081.5000600773
6404175.498313546
5958849.17516935
5962486.328598705
8260451.030062575
2961046.9697240535
5962486.328598705
5966961.171624601
8334110.549564396
5342060.158045153
