5968362.907024001
5968325.404890173
3089535.9199016546
6424603.0678963605
5968325.404890173
5968138.033911935
8509671.573612388
512109.6138168932
5968138.033911935
5965390.6161358915
8237042.083593441
5507684.2323964685
5965390.6161358915
5960523.433889917
3061838.602653743
9661767.633051729
5960523.433889917
5958874.730200322
3099117.504132724
6426099.183574273
5958874.730200322
5962603.754538424
8515158.2263897
527264.9351301014
5962603.754538424
5967026.140706171
8255359.033661275
5491560.367748445
5967026.140706171
5968362.907024001
3074832.9360984243
9651264.464509383
10344015.343552588
5968366.236891165
5990728.617058772
4082396.8987128404
5968366.236891165
5967212.105653443
9651264.464509383
3334878.0291065555
5967212.105653443
5962933.353804998
5961096.518481211
7880010.10873029
5962933.353804998
5958979.06092774
527264.9351301014
8679368.29135738
5958979.06092774
5960255.762890474
5993789.711663443
4095216.2428572625
5960255.762890474
5965101.761040903
9661767.633051729
3311892.7367983386
5965101.761040903
5968064.801745978
5976435.886381898
7862132.125381419
5968064.801745978
5968332.209252381
512109.6138168932
8678019.13480929
7416949.283240229
5968325.653053697
4082396.8987128404
6305471.522184502
5968325.653053697
5968136.989413298
8361833.5560853835
3074832.9360984243
5968136.989413298
5965392.1005991055
8197244.252632558
5441630.456276905
5965392.1005991055
5960522.42477109
3311892.7367983386
9619792.34891256
5960522.42477109
5958875.771262067
4095216.2428572625
6312287.563233554
5958875.771262067
5962602.791654492
8364281.823594666
3061838.602653743
5962602.791654492
5967026.519850198
8214239.926911713
5419980.5984460525
5967026.519850198
5968363.96532737
3334878.0291065555
9606999.292720443
