5968365.140865795
5968349.008226928
4637764.720638303
5094472.193062079
5968349.008226928
5967853.2296272665
9185969.23053466
1752925.467798519
5967853.2296272665
5964403.320122679
7299187.424233375
6760401.032348154
5964403.320122679
5959724.90402222
1618741.5768453535
9579470.26293063
5959724.90402222
5959295.742432579
4639977.647226631
5101426.93204541
5959295.742432579
5963681.475197685
9188866.136519996
1755073.9971942245
5963681.475197685
5967573.473974391
7315858.886284143
6739095.037347023
5967573.473974391
5968365.140865795
1638694.7642054083
9574670.690026129
9574670.690026129
5968329.1015687445
7314712.834465955
3090073.3585278867
5968329.1015687445
5966552.191424631
9270686.826013833
3732443.57899726
5966552.191424631
5961864.900640571
4498848.937790776
8930962.48720873
5961864.900640571
5958744.405608872
1755073.9971942245
7749740.602451226
5958744.405608872
5961168.813910062
7321469.068290041
3088336.827109276
5961168.813910062
5966011.75682686
9285788.043355549
3711388.050060793
5966011.75682686
5968258.489225313
4517186.799051292
8914658.983623782
5968258.489225313
5968316.233619702
1752925.467798519
7744876.304697071
5785755.7466798285
5968348.685698564
4413255.017524335
5743460.830410124
5968348.685698564
5967854.918789784
9230173.9095219
1638694.7642054083
5967854.918789784
5964403.061931573
7203250.095692568
6447183.101608185
5964403.061931573
5959724.632579184
3088336.827109276
9575520.940853704
5959724.632579184
5959295.379784043
4423930.919624311
5753158.614677194
5959295.379784043
5963682.762439165
9236267.863151962
1618741.5768453535
5963682.762439165
5967572.6219004765
7223038.470924814
6428518.544607311
5967572.6219004765
5968364.545344444
3090073.3585278867
9567509.742135916
