5964735.678789139
5967963.602071255
6076222.105160882
7492520.640170684
5967963.602071255
5968341.40324574
2003870.4377393834
9078783.54862294
5968341.40324574
5968366.849830432
5858152.404495201
4204807.123925017
5968366.849830432
5967414.406614047
9636799.507195314
3483598.5397090553
5967414.406614047
5963330.860372438
6056562.691531572
7511441.123585065
5963330.860372438
5959132.885168438
1986836.9953733622
9078850.440577656
5959132.885168438
5959960.484041953
5867225.800250791
4216804.514584555
5959960.484041953
5964735.678789139
9644547.62340302
3461393.9822541513
15195784.904932363
5968349.289022433
3483598.5397090553
9497295.469780577
5968349.289022433
5968319.127440499
3715180.8865396553
6956322.968131765
5968319.127440499
5968208.963571237
8014909.132238983
1129856.2243045573
5968208.963571237
5965728.31727213
8619910.605675831
4965636.298927573
5965728.31727213
5960856.97631621
3461393.9822541513
9511666.240294835
5960856.97631621
5958792.190428096
3712169.9464294594
6956120.3930519195
5958792.190428096
5962206.59467888
8018672.445654599
1135497.2044637608
5962206.59467888
5966785.100684152
8635855.602709929
4948419.130574463
11967650.625636574
5967962.1276432425
6544276.339578277
7733111.49171769
5967962.1276432425
5968340.66953765
1129856.2243045573
8929230.483223189
5968340.66953765
5968368.109034912
5496222.755880544
4106034.33209921
5968368.109034912
5967412.873857735
9703679.256095093
2003870.4377393834
5967412.873857735
5963331.775134521
6529739.445407682
7748911.559713634
5963331.775134521
5959133.102134037
1135497.2044637608
8933069.160055887
5959133.102134037
5959961.257397487
5501310.978787426
4110327.482178165
5959961.257397487
5964736.427063511
9713990.292355407
1986836.9953733622
