5967525.955161509
5968365.460806533
1740373.7726663775
9643233.42828373
5968365.460806533
5968346.620280001
4461443.6745089255
5222168.086438749
5968346.620280001
5967890.552673769
9098194.310584724
1546108.1125235572
5967890.552673769
5964513.045871814
7440832.818645488
6709798.58014366
5964513.045871814
5959798.358318916
1721377.4652402014
9647787.171225615
5959798.358318916
5959240.101760886
4464303.986644887
5228508.949562775
5959240.101760886
5963565.52843734
9101403.706396945
1549181.9631281416
5963565.52843734
5967525.955161509
7457213.64494102
6688314.370873721
13992195.092940412
5968316.993689168
1546108.1125235572
7829481.162755819
5968316.993689168
5968335.644100707
7267908.821677105
3296316.485971017
5968335.644100707
5966630.307652694
9341440.304270953
3639920.173210748
5966630.307652694
5961977.744395531
4642703.221428183
8892753.160562418
5961977.744395531
5958754.323141659
1549181.9631281416
7833992.50669715
5958754.323141659
5961069.203350043
7272338.654702426
3294140.626558826
5961069.203350043
5965917.774763371
9356308.579837779
3618460.3876980506
5965917.774763371
5968244.6037463
4660655.229173987
8876314.716527458
11844384.700560378
5968365.9536508005
3296316.485971017
9585454.7209275
5968365.9536508005
5968345.670912182
4335255.6379234325
5773303.6919079805
5968345.670912182
5967889.781180863
9193126.305400223
1740373.7726663775
5967889.781180863
5964515.005922924
7294044.09543403
6321634.580597136
5964515.005922924
5959798.025837776
3294140.626558826
9593397.941632753
5959798.025837776
5959240.560944529
4346412.475078194
5782837.580369406
5959240.560944529
5963566.619425723
9199365.114987575
1721377.4652402014
5963566.619425723
5967524.681300562
7313553.313738866
6302644.113502553
