5967941.968635628
5968342.665458985
1924714.938181975
9146131.013400136
5968342.665458985
5968367.954872135
5831541.961372341
4236822.92849718
5968367.954872135
5967444.922709233
9620645.847974034
3522158.4985595103
5967444.922709233
5963397.281266298
6123016.397916907
7455055.670313635
5963397.281266298
5959159.584588122
1907157.7051445316
9145991.960339284
5959159.584588122
5959916.936108508
5840757.912004694
4248609.787622012
5959916.936108508
5964674.639933944
9628455.31852346
3500145.629323041
5964674.639933944
5967941.968635628
6142488.997120528
7435970.9114590995
13096937.067798883
5968318.356609349
3599689.668872643
7043973.532375352
5968318.356609349
5968218.833357801
7962012.333498127
1243700.2380474363
5968218.833357801
5965781.217106576
8690729.512481917
4879860.292574509
5965781.217106576
5960915.755791945
3500145.629323041
9467237.398664989
5960915.755791945
5958777.395945384
3596900.5648136623
7043510.563061526
5958777.395945384
5962146.544566541
7965982.9137690095
1248513.3021720147
5962146.544566541
5966742.004991708
8706503.43652571
4862447.390055302
5966742.004991708
5968346.269884158
3522158.4985595103
9452726.594612746
11021099.920710746
5968343.059217103
1243700.2380474363
8974505.29614806
5968343.059217103
5968367.140705677
5418810.335672155
4203550.676365952
5968367.140705677
5967444.706306067
9717594.651926478
1924714.938181975
5967444.706306067
5963396.52518579
6622882.225669001
7667910.182638434
5963396.52518579
5959159.815779553
1248513.3021720147
8978173.203885533
5959159.815779553
5959916.793891017
5424239.690005254
4207436.075695867
5959916.793891017
5964673.602662903
9727854.123941485
1907157.7051445316
5964673.602662903
5967944.190452762
6637299.592619732
7651951.21012231
