5968064.465739368
5968331.3549764035
2538625.601282784
8690277.149273299
5968331.3549764035
5968366.565692828
6062003.787753789
4084245.120545306
5968366.565692828
5967218.746456921
9762065.558896834
3337140.361856566
5967218.746456921
5962947.69945857
5693074.900063953
7867864.318489689
5962947.69945857
5958981.842112934
2524144.119983773
8691585.957764633
5958981.842112934
5960246.797461835
6070014.049419259
4097052.317314009
5960246.797461835
5965089.19241444
9769349.701382166
3314168.7968748664
5965089.19241444
5968064.465739368
5713818.7411698615
7849951.873413066
12700655.856990699
5968325.413707687
4084245.120545306
6441151.0306764785
5968325.413707687
5968140.12036641
8350369.72571397
526649.9710359694
5968140.12036641
5965402.871633897
8210207.929053931
5490278.681304455
5965402.871633897
5960531.978229845
3314168.7968748664
9662547.221212946
5960531.978229845
5958873.001863265
4097052.317314009
6442591.62457504
5958873.001863265
5962592.3439636985
8352859.633011765
541357.8175617912
5962592.3439636985
5967019.162734847
8227168.915074438
5474124.853804084
5967019.162734847
5968361.3679320775
3337140.361856566
9652047.445377331
10607119.118050238
5968332.124239207
526649.9710359694
8686421.461399887
5968332.124239207
5968367.58603074
5974720.558614586
3547344.8567176885
5968367.58603074
5967218.48643546
9652047.445377331
2538625.601282784
5967218.48643546
5962947.091912007
5978896.543487563
8071245.941658844
5962947.091912007
5958980.980937869
541357.8175617912
8691196.703305103
5958980.980937869
5960248.430650013
5977842.968345732
3554274.5161422184
5960248.430650013
5965087.439364447
9662547.221212946
2524144.119983773
5965087.439364447
5968064.128029153
5994211.329881355
8052311.889466209
