5968368.214994403
5968341.667208367
4091073.575289871
5508250.419697318
5968341.667208367
5967963.823095266
8922359.019139903
1112444.9438479177
5967963.823095266
5964744.761171986
7745635.571672283
6529939.024452872
5964744.761171986
5959968.391553686
1999478.3420419234
9711983.81257448
5959968.391553686
5959127.810429014
4095424.09206853
5513290.3077822635
5959127.810429014
5963322.749432563
8926219.29543496
1118217.4742643423
5963322.749432563
5967409.2386806095
7761410.397529019
6515380.23474553
5967409.2386806095
5968368.214994403
2016429.0224690142
9701665.70278886
9801138.081319496
5968348.701908055
6942829.184418781
3732948.1618212718
5968348.701908055
5966789.806938249
9504258.365095044
3477991.810120838
5966789.806938249
5962216.856393638
4961755.972774022
8625002.659683285
5962216.856393638
5958791.746959844
1118217.4742643423
8026897.238609048
5958791.746959844
5960849.049822543
6942657.454677144
3729913.335021608
5960849.049822543
5965722.876746785
9518609.560757952
3455757.132192541
5965722.876746785
5968207.282911288
4978938.793079509
8609032.468142504
5968207.282911288
5968319.536714198
1112444.9438479177
8023162.3013218185
6340296.967744906
5968342.048023803
4200161.194717457
5862461.462781243
5968342.048023803
5967963.4673573645
9068447.040347204
2016429.0224690142
5967963.4673573645
5964743.713490681
7501342.751485823
6066128.296517696
5964743.713490681
5959969.805634411
3455757.132192541
9647159.401520772
5959969.805634411
5959126.599066844
4212188.9430253925
5871513.236041615
5959126.599066844
5963323.665879192
9068538.19487466
1999478.3420419234
5963323.665879192
5967408.90058989
7520236.358213475
6046440.422536911
5967408.90058989
5968368.269215598
3477991.810120838
9639420.318096915
