5968368.153319784
5968332.125884985
3568309.6190811284
5955569.7560854815
5968332.125884985
5968058.231586101
8695007.036826324
544885.5127679489
5968058.231586101
5965073.107219197
8045292.780213472
6015518.014030398
5965073.107219197
5960236.880415487
2501708.352719566
9663556.392921744
5960236.880415487
5958987.517826379
3575120.7313360367
5958774.752680546
5958987.517826379
5962963.972400838
8699744.636229295
559054.8681873162
5962963.972400838
5967226.317264855
8064249.358509554
6000234.186160716
5967226.317264855
5968368.153319784
2516262.169133993
9653059.085713593
10059379.714874458
5968360.758368325
6461000.4618855715
4086638.654107267
5968360.758368325
5967010.39377556
9653059.085713593
3340066.292744165
5967010.39377556
5962572.923701368
5453257.211120874
8242693.914732955
5962572.923701368
5958870.843164298
559054.8681873162
8339222.189318248
5958870.843164298
5960543.672990592
6462366.563856947
4099427.006088839
5960543.672990592
5965419.0027005775
9663556.392921744
3317108.5305402265
5965419.0027005775
5968143.302709326
5469446.6383690685
8225772.494121777
5968143.302709326
5968324.502300994
544885.5127679489
8336675.991693495
6885287.433321252
5968331.8582330495
4086638.654107267
6052669.412338338
5968331.8582330495
5968058.994704197
8705004.365424005
2516262.169133993
5968058.994704197
5965073.200196546
7835401.54428626
5726846.8482895
5965073.200196546
5960235.628254473
3317108.5305402265
9763579.534330072
5960235.628254473
5958986.69256948
4099427.006088839
6060730.476246902
5958986.69256948
5962963.227604646
8706256.63342307
2501708.352719566
5962963.227604646
5967226.837314816
7853354.3915904015
5706141.818238654
5967226.837314816
5968369.220632781
3340066.292744165
9756271.887707595
