5968365.434817102
5968330.490078999
3402565.2032794273
6110016.112663309
5968330.490078999
5968086.705773419
8628290.013223397
429463.69332111836
5968086.705773419
5965181.002032535
8103941.587357776
5845109.074167064
5965181.002032535
5960329.424050685
2684004.961550014
9657750.299824355
5960329.424050685
5958946.79122126
3410271.916926732
6112634.572011357
5958946.79122126
5962841.833550334
8633294.608701596
447677.35118874954
5962841.833550334
5967163.880217584
8122700.435771614
5829557.300435292
5967163.880217584
5968365.434817102
2697958.264473022
9647231.271775909
10151594.189614797
5968363.255844693
6302539.385318629
4072853.3608184173
5968363.255844693
5967079.399031123
9647231.271775909
3323193.1388241546
5967079.399031123
5962693.155330835
5621231.797205468
8119260.2792348135
5962693.155330835
5958903.12362044
447677.35118874954
8449867.790624704
5958903.12362044
5960445.835574049
6304453.461867541
4085738.69144944
5960445.835574049
5965314.736559479
9657750.299824355
3300142.5553669548
5965314.736559479
5968118.557825738
5637122.87338251
8102019.810030184
5968118.557825738
5968326.982011799
429463.69332111836
8447721.195027882
7064155.164969059
5968328.774576981
4072853.3608184173
6130460.053656052
5968328.774576981
5968087.251006485
8588024.463680107
2697958.264473022
5968087.251006485
5965180.2698208345
7953317.861261971
5625140.181199536
5965180.2698208345
5960330.2592197275
3300142.5553669548
9724608.901684972
5960330.2592197275
5958946.364908622
4085738.69144944
6138129.701362348
5958946.364908622
5962842.612948733
8589675.119031593
2684004.961550014
5962842.612948733
5967162.280479993
7970952.743220693
5604109.620312203
5967162.280479993
5968368.0444072345
3323193.1388241546
9712180.50885769
