5964482.977490052
5967880.201295452
6359508.886576572
7265938.03074172
5967880.201295452
5968347.493833069
1707211.2987995767
9203905.724955574
5968347.493833069
5968364.925077382
5763390.421646142
4358059.924010076
5968364.925077382
5967538.608107822
9579487.524435252
3233609.4054067265
5967538.608107822
5963601.146814448
6340617.730978968
7285533.100051009
5963601.146814448
5959256.08017541
1687914.5916639543
9210103.178791206
5959256.08017541
5959774.546924332
5772977.7234202
4369077.889496503
5959774.546924332
5964482.977490052
9587451.848871041
3231554.0028398777
15152375.418414207
5968334.772245783
3667043.516769133
9319500.478671627
5968334.772245783
5968316.34007608
3233609.4054067265
7281536.957576043
5968316.34007608
5968248.576308715
7803277.597267474
1608937.6641028933
5968248.576308715
5965946.174902414
8887472.198116237
4616530.673571402
5965946.174902414
5961096.0818096725
3645705.0138233295
9334441.008546028
5961096.0818096725
5958754.672519669
3231554.0028398777
7288451.416969496
5958754.672519669
5961942.334775387
7807894.87256957
1611720.1188016098
5961942.334775387
5966607.390649585
8903872.308503238
4598459.4742107205
11819286.122009637
5967880.583717781
6724540.917283541
7397593.198637077
5967880.583717781
5968347.302705755
1608937.6641028933
9124576.95272463
5968347.302705755
5968363.987297833
5182807.767161189
4514987.695471575
5968363.987297833
5967538.548059966
9621970.095157081
1707211.2987995767
5967538.548059966
5963601.290416773
6703109.09818979
7414059.801106087
5963601.290416773
5959256.770381305
1611720.1188016098
9127696.70024338
5959256.770381305
5959775.546144749
5189329.106315123
4517654.634152525
5959775.546144749
5964482.050519868
9626596.916917613
1687914.5916639543
