5968239.033576631
5968316.517503105
2490428.98969609
7865645.721018076
5968316.517503105
5968339.547973753
6823734.385416852
3381290.3456766414
5968339.547973753
5966661.644529502
9431422.632512856
3604640.6609869045
5966661.644529502
5962023.985511529
5102657.6510067955
8840587.199962493
5962023.985511529
5958760.988234535
2504583.8281153054
7870011.53055987
5958760.988234535
5961022.539070069
6828231.515707035
3378939.266619278
5961022.539070069
5965882.068441726
9444837.733147036
3583016.3967024176
5965882.068441726
5968239.033576631
5125476.460063985
8825129.919950483
11838475.016388781
5968345.471296963
4305662.473022727
5276226.483629378
5968345.471296963
5967905.43665775
9179205.113176696
1461090.2184567736
5967905.43665775
5964558.020951233
7332809.9960520845
6690738.681503014
5964558.020951233
5959831.404428283
3378939.266619278
9677069.09894781
5959831.404428283
5959215.388043579
4317007.509409769
5282313.384853624
5959215.388043579
5963523.004114604
9185499.384814953
1464596.3230669196
5963523.004114604
5967501.424192752
7352201.227571715
6669188.746404733
5967501.424192752
5968365.436247743
3381290.3456766414
9672619.044525493
9605398.674728408
5968316.962851839
1461090.2184567736
7984296.164763253
5968316.962851839
5968339.881012611
7209306.55075302
2490428.98969609
5968339.881012611
5966662.409537645
9371753.883397052
4031896.9604424494
5966662.409537645
5962022.328305095
4703316.927366241
8656974.7681279
5962022.328305095
5958761.130995183
1464596.3230669196
7984565.589046521
5958761.130995183
5961024.191164811
7208364.442090289
2504583.8281153054
5961024.191164811
5965879.639835301
9386526.555327417
4020247.0727629764
5965879.639835301
5968238.893707271
4721117.48935638
8639930.936671032
