5965279.979698218
5968111.231296566
5537601.11799373
8063849.366482436
5968111.231296566
5968328.411597915
2868788.970688933
8483001.172559882
5968328.411597915
5968363.547073776
6207566.613416583
4071078.1902961875
5968363.547073776
5967101.880037163
9661714.582652144
3321018.409248599
5967101.880037163
5962730.631055399
5516280.245909633
8081191.1733328765
5962730.631055399
5958913.851419524
2855307.1162662227
8485022.231291968
5958913.851419524
5960416.3351048175
6214850.694276653
4083974.154298941
5960416.3351048175
5965279.979698218
9674318.677744944
3297956.8346877284
15232593.930422535
5968365.985643191
3321018.409248599
9646482.70617633
5968365.985643191
5968328.961589
4071078.1902961875
6158691.405372236
5968328.961589
5968094.564006993
8551983.687034268
412297.64195087267
5968094.564006993
5965214.8817655295
7990738.978430096
5792069.4668179
5965214.8817655295
5960357.240605555
3297956.8346877284
9657004.298980398
5960357.240605555
5958938.03862744
4083974.154298941
6161132.075413618
5958938.03862744
5962803.87577885
8553758.264141323
431285.48142406496
5962803.87577885
5967142.520290521
8008274.009314856
5776434.554169814
12226851.260216488
5968112.103313524
5689814.018268259
8162386.746025603
5968112.103313524
5968328.211950531
412297.64195087267
8571418.248018278
5968328.211950531
5968363.87180349
6253349.776517767
3255703.4811858586
5968363.87180349
5967102.07058566
9646482.70617633
2868788.970688933
5967102.07058566
5962728.654347939
5674009.07004633
8180950.56409128
5962728.654347939
5958914.354377094
431285.48142406496
8576656.09425646
5958914.354377094
5960416.107336642
6255438.250871559
3264261.4909613268
5960416.107336642
5965280.188154614
9657004.298980398
2855307.1162662227
