5968152.73525165
5968325.630722683
2997976.688593195
8293555.378353824
5968325.630722683
5968359.906620992
6365078.187460002
4095483.777611354
5968359.906620992
5966982.395589632
9577950.949785082
3350879.533016784
5966982.395589632
5962527.5350069795
5368378.9204180855
8292174.0203255955
5962527.5350069795
5958855.852154629
3008168.679858712
8296258.149330979
5958855.852154629
5960584.300313787
6371607.443514808
4108212.6510970527
5960584.300313787
5965458.182477754
9590846.291986572
3327982.0767194456
5965458.182477754
5968152.73525165
5390210.475844389
8275377.334377652
12316259.881504716
5968333.3876710115
4095483.777611354
5895069.115664262
5968333.3876710115
5968046.974941635
8751948.095263517
607676.8967232916
5968046.974941635
5965030.577954898
7789557.522434797
6083191.580759843
5965030.577954898
5960199.702290635
3327982.0767194456
9667291.209629692
5960199.702290635
5959003.881557703
4108212.6510970527
5898509.066357466
5959003.881557703
5963012.147908098
8753043.75848827
620242.3726508428
5963012.147908098
5967251.91171144
7807634.585034605
6068010.145373314
5967251.91171144
5968368.040894311
3350879.533016784
9656807.513720807
10178221.355803512
5968324.166220607
607676.8967232916
8476847.811813885
5968324.166220607
5968359.163658716
6524098.624057278
2997976.688593195
5968359.163658716
5966982.513312472
9656807.513720807
3195237.5185559145
5966982.513312472
5962526.9811425535
5387234.631304159
8300895.689095374
5962526.9811425535
5958857.178448555
620242.3726508428
8482473.526484532
5958857.178448555
5960585.614130917
6525251.149289601
3008168.679858712
5960585.614130917
5965456.219349955
9667291.209629692
3182480.262010429
5965456.219349955
5968154.632900447
5403548.147793152
8282727.535448034
