5967961.075245431
5968340.813839312
1997624.2321195884
9083957.008696182
5968340.813839312
5968367.178928376
5856019.525476859
4207159.429702419
5968367.178928376
5967416.125178573
9635502.287629226
3486436.423207061
5967416.125178573
5963337.500132707
6061637.520097354
7507053.313406386
5963337.500132707
5959133.833548321
1980552.0527409697
9084007.477000924
5959133.833548321
5959957.270412025
5865102.31788906
4219141.260857741
5959957.270412025
5964732.3788319025
9643254.705255456
3464247.0776883196
5964732.3788319025
5967961.075245431
6081282.282927205
7488121.870377115
13045236.79969921
5968319.635152105
3706292.460427515
6963073.319930005
5968319.635152105
5968209.734125846
8010791.758260029
1138577.996556807
5968209.734125846
5965731.727431173
8625353.327936172
4958992.444969681
5965731.727431173
5960863.209440816
3464247.0776883196
9508204.234762393
5960863.209440816
5958787.701837903
3703299.9333785065
6962848.578179885
5958787.701837903
5962204.924011272
8014568.753390402
1144152.6864768816
5962204.924011272
5966780.800996861
8641284.382205427
4941761.669503917
5966780.800996861
5968348.44507048
3486436.423207061
9493823.457758045
10968707.894573146
5968342.186386076
1138577.996556807
8932677.811742144
5968342.186386076
5968365.375943853
5490219.17206862
4113521.0740835485
5968365.375943853
5967417.140621746
9704697.32696625
1997624.2321195884
5967417.140621746
5963337.128129896
6536918.946186169
7742664.1957247285
5963337.128129896
5959132.955621775
1144152.6864768816
8936502.59314636
5959132.955621775
5959959.47195343
5495329.422574689
4117786.219267031
5959959.47195343
5964730.34886434
9715005.076971773
1980552.0527409697
5964730.34886434
5967961.791054768
6551446.829441617
7726850.261952196
