5968207.042364401
5968319.373727059
2671081.5833643237
8033497.520593103
5968319.373727059
5968349.628555854
6624518.743686353
3755099.582831195
5968349.628555854
5966797.732723668
9480723.470128438
3471124.514436059
5966797.732723668
5962229.861719986
5193117.769013295
8611481.360539652
5962229.861719986
5958792.316620733
2683688.8991708374
8037190.275855007
5958792.316620733
5960839.750729194
6629868.537264936
3752025.7408008943
5960839.750729194
5965709.369251665
9493962.113506002
3448856.7614636356
5965709.369251665
5968207.042364401
5215588.797021117
8595476.32971991
12036085.277782822
5968340.017954642
4194475.199834033
5523288.936286649
5968340.017954642
5967967.679294806
9055564.286195278
1090780.0786785288
5967967.679294806
5964755.148584868
7512384.092216095
6512055.138758962
5964755.148584868
5959978.149563349
3448856.7614636356
9709532.120412745
5959978.149563349
5959121.427946173
4206538.082487524
5528264.993139125
5959121.427946173
5963312.857052205
9055694.598274274
1096730.7861807689
5963312.857052205
5967403.056299921
7531244.024847302
6497474.470574551
5967403.056299921
5968367.593790987
3471124.514436059
9699206.509236868
9847937.61201257
5968320.674217699
1090780.0786785288
8230855.711223074
5968320.674217699
5968349.050734538
6925999.377568453
2671081.5833643237
5968349.050734538
5966796.510383221
9512978.953160105
3684863.140274838
5966796.510383221
5962230.709590894
4978418.65737685
8501112.414315747
5962230.709590894
5958793.265328355
1096730.7861807689
8230373.5439622
5958793.265328355
5960839.228586452
6925876.9839192
2683688.8991708374
5960839.228586452
5965709.092509446
9527301.86627047
3672850.580121671
5965709.092509446
5968207.225040778
4995565.5777194975
8483586.321189033
