5967870.264723366
5968347.642841704
1675933.5086647698
9215123.747152269
5968347.642841704
5968365.161818353
5754200.108965893
4381698.591754449
5968365.161818353
5967553.304673694
9573960.316681396
3170825.873886193
5967553.304673694
5963637.654836824
6378901.967585242
7257914.148987381
5963637.654836824
5959271.025527288
1656343.104116226
9221276.47849458
5959271.025527288
5959753.570219166
5763837.203135797
4392570.287742001
5959753.570219166
5964446.858033793
9581945.978700997
3168906.379158742
5964446.858033793
5967870.264723366
6397692.6501438245
7238233.352206018
13299734.02689635
5968316.044871396
3170825.873886193
7295713.1816679835
5968316.044871396
5968252.860149997
7777461.138204645
1671896.2531724644
5968252.860149997
5965973.055771215
8899083.295085395
4572788.635636882
5965973.055771215
5961129.616870111
3673878.6464376873
9312918.402517103
5961129.616870111
5958747.286688687
3168906.379158742
7302558.910757287
5958747.286688687
5961911.393676228
7782183.918273093
1674397.0066802828
5961911.393676228
5966582.92118659
8915441.994737012
4554601.038392926
5966582.92118659
5968332.34020062
3695092.319183995
9297907.86500792
11221834.071131092
5968349.051368647
1671896.2531724644
9151261.285297541
5968349.051368647
5968364.406769294
5143864.616277823
4568655.789463078
5968364.406769294
5967552.017185168
9601047.384020437
1675933.5086647698
5967552.017185168
5963637.629873668
6718489.129798308
7371007.1596479295
5963637.629873668
5959271.939843098
1674397.0066802828
9154284.452497287
5959271.939843098
5959753.283374172
5150571.790215667
4571125.7003612835
5959753.283374172
5964446.801150949
9605746.821016857
1656343.104116226
5964446.801150949
5967870.223178193
6739867.42805912
7354450.543932461
