5964821.739026909
5967986.943473245
5986720.033528758
7572747.75609416
5967986.943473245
5968339.950614183
2119830.322942359
8986287.577291997
5968339.950614183
5968367.027213493
5898838.7942335075
4165868.8485461324
5968367.027213493
5967371.055869416
9661587.510129595
3436516.837870615
5967371.055869416
5963240.651505451
5966804.729515012
7591435.783629909
5963240.651505451
5959096.076514654
2103483.040670417
8986639.003244227
5959096.076514654
5960023.420995338
5907694.6224092515
4178122.6401013304
5960023.420995338
5964821.739026909
9669241.702490566
3414072.7094181264
15206565.860914988
5968353.267334187
3436516.837870615
9560742.490042858
5968353.267334187
5968320.064678842
3874537.1035734788
6835188.592797571
5968320.064678842
5968193.7551381225
8090038.099621918
975026.4843612262
5968193.7551381225
5965653.874296372
8522550.499834042
5085919.473367746
5965653.874296372
5960778.969428741
3414072.7094181264
9574913.176783133
5960778.969428741
5958808.55800179
3871233.2434332096
6835352.6077754
5958808.55800179
5962295.254521976
8093507.805062485
982042.3141196138
5962295.254521976
5966841.964629606
8538731.901458528
5068967.226323152
12012764.750003098
5967987.551026205
6415464.594626302
7845743.363548511
5967987.551026205
5968339.921191871
975026.4843612262
8868503.80426585
5968339.921191871
5968367.034706164
5605193.1886426145
3972285.8547044615
5968367.034706164
5967371.283250923
9686869.765352884
2119830.322942359
5967371.283250923
5963240.207872765
6400753.7587535
7861328.812494491
5963240.207872765
5959094.86315777
982042.3141196138
8872571.17354137
5959094.86315777
5960025.358903793
5609810.274356812
3977163.4517174107
5960025.358903793
5964820.384481728
9697241.772911897
2103483.040670417
