5965252.309633799
5968105.154453759
5560920.15648756
8033478.684365437
5968105.154453759
5968329.2915182235
2821837.0768929697
8511428.89438647
5968329.2915182235
5968364.174943531
6185999.735787901
4070529.1994807073
5968364.174943531
5967118.730682294
9675105.144770214
3320345.6493820553
5967118.730682294
5962759.577657662
5539676.846284326
8050901.128790022
5962759.577657662
5958923.913293324
2808232.7672719723
8513350.46873071
5958923.913293324
5960392.237190627
6193391.357913464
4083428.9082932686
5960392.237190627
5965252.309633799
9687663.296146864
3297280.419557514
15232716.752579888
5968365.517287753
3320345.6493820553
9646250.615940303
5968365.517287753
5968328.096670006
4070529.1994807073
6197781.471326189
5968328.096670006
5968101.180047177
8523320.390352543
406842.4405772768
5968101.180047177
5965241.71070989
8020877.3897265885
5749700.64550873
5965241.71070989
5960380.399009915
3297280.419557514
9656772.60449292
5960380.399009915
5958929.3100986555
4083428.9082932686
6200079.794228343
5958929.3100986555
5962773.415249897
8525195.470927406
426089.90660316485
5962773.415249897
5967125.991071993
8038332.5462138
5733995.974316221
12216228.984152641
5968105.341730835
5732074.581206719
8146008.668204177
5968105.341730835
5968328.063558258
406842.4405772768
8586516.548433146
5968328.063558258
5968364.174246732
6214099.728828864
3295235.9174030176
5968364.174246732
5967118.517349917
9646250.615940303
2821837.0768929697
5967118.517349917
5962760.632809012
5716342.013299859
8164626.224211321
5962760.632809012
5958923.565291592
426089.90660316485
8591692.87429209
5958923.565291592
5960391.428289145
6216331.505135285
3303559.2186089894
5960391.428289145
5965254.383485355
9656772.60449292
2808232.7672719723
