5966812.830557944
5968350.954219441
3651967.382170388
9527005.134410523
5968350.954219441
5968318.897448561
2690571.4475508905
6899090.071210888
5968318.897448561
5968202.356788326
8254467.622265864
1056270.7764182528
5968202.356788326
5965692.928758281
8469355.887558455
5022220.3948395485
5965692.928758281
5960819.743762501
3639920.36472904
9541282.034482284
5960819.743762501
5958798.083615536
2703014.8773817937
6899060.324311968
5958798.083615536
5962250.16952181
8253909.586437171
1062525.3362527115
5962250.16952181
5966812.830557944
8486927.443876415
5005129.188109896
14760867.46417257
5968340.041580039
1056270.7764182528
9034997.142208122
5968340.041580039
5968366.748784513
5547425.048971363
4185631.6999473106
5968366.748784513
5967392.809608041
9695384.274370303
3460438.560985614
5967392.809608041
5963290.362660282
6468838.362173014
7548937.530289266
5963290.362660282
5959112.95022798
1062525.3362527115
9035198.663917039
5959112.95022798
5959994.724486798
5552288.427992827
4197757.705223203
5959994.724486798
5964774.21756169
9705725.93772196
3438117.8476295457
5964774.21756169
5967974.193465625
6483454.674073796
7530128.981841828
12365881.086544938
5968350.845211714
3460438.560985614
9486232.230928812
5968350.845211714
5968319.350051961
3790502.6908161864
6606267.986532038
5968319.350051961
5968202.890547671
8050113.122117126
2690571.4475508905
5968202.890547671
5965692.69231841
8573834.470889654
5225589.508058787
5965692.69231841
5960820.975073912
3438117.8476295457
9499450.461072313
5960820.975073912
5958797.215323601
3787355.837425185
6611705.527522971
5958797.215323601
5962249.172331867
8053737.780535882
2703014.8773817937
5962249.172331867
5966813.179397902
8589893.529232174
5203154.939188425
