5964930.114862697
5968019.122585611
5871729.000024476
7683008.30137721
5968019.122585611
5968336.626388583
2284031.9564653197
8864446.033356575
5968336.626388583
5968367.159335135
5959836.761806562
4123992.484003542
5968367.159335135
5967310.311241298
9698951.188627407
3385651.4317899668
5967310.311241298
5963120.96423068
5851474.1072066035
7701382.142974314
5963120.96423068
5959047.517389938
2268517.8310530274
8865182.599873917
5959047.517389938
5960113.9469221635
5968373.330777763
4136528.3010930005
5960113.9469221635
5964930.114862697
9706467.668329136
3362941.9331611833
15218059.821686476
5968357.090298913
3385651.4317899668
9648347.735910501
5968357.090298913
5968321.866429646
4085988.294407387
6674225.075057663
5968321.866429646
5968173.545622301
8193452.215408785
776900.7370800741
5968173.545622301
5965552.422019524
8394130.764616853
5248735.74603801
5965552.422019524
5960677.105172878
3362941.9331611833
9662246.435284864
5960677.105172878
5958833.377042394
4082313.960234647
6674895.426621264
5958833.377042394
5962414.201653348
8196526.984323827
786334.8592243777
5962414.201653348
5966916.098916794
8410629.95205475
5232119.821637428
12069513.994017716
5968019.382944348
6243817.981337035
7975730.169458501
5968019.382944348
5968335.288581584
776900.7370800741
8791205.53802281
5968335.288581584
5968368.89340836
5753414.9736645
3796637.9420892284
5968368.89340836
5967309.6316945385
9668934.513988728
2284031.9564653197
5967309.6316945385
5963121.482943023
6228870.952242985
7994925.241448428
5963121.482943023
5959047.351365409
786334.8592243777
8795571.141288213
5959047.351365409
5960113.923846323
5757416.798525795
3802320.735305372
5960113.923846323
5964930.295653855
9679372.770062204
2268517.8310530274
