5965588.718218123
5968182.31472928
5293545.978002632
8439411.338464446
5968182.31472928
5968322.308022223
2820367.612232446
8156419.92047762
5968322.308022223
5968354.294987541
6495140.529674723
4011242.049508777
5968354.294987541
5966889.837816196
9523856.440065308
3402068.8797555277
5966889.837816196
5962371.671640856
5271365.140016756
8455798.697577687
5962371.671640856
5958821.415760814
2831815.346689039
8159637.961535065
5958821.415760814
5960714.204039002
6501070.239728249
4007706.8710456328
5960714.204039002
5965588.718218123
9536941.720184965
3379445.41816591
15214982.263517203
5968368.305173273
3402068.8797555277
9674697.905617815
5968368.305173273
5968336.566656149
4137487.8086606264
5700562.986726155
5968336.566656149
5968007.141685127
8907388.863243708
845603.4404312994
5968007.141685127
5964890.3065404575
7643548.599737469
6304577.534716462
5964890.3065404575
5960081.0636699
3379445.41816591
9685113.505398614
5960081.0636699
5959065.514431878
4149930.001185886
5704789.231903046
5959065.514431878
5963164.261718579
8907982.90461421
854082.4859335071
5963164.261718579
5967332.731598769
7662033.76816745
6289713.7040134175
12334898.938326193
5968181.874233434
5190783.74284291
8383022.627193746
5968181.874233434
5968320.6625019815
845603.4404312994
8402612.204407444
5968320.6625019815
5968356.553039597
6731144.048174479
2820367.612232446
5968356.553039597
5966889.234006838
9616940.946354575
3446959.551875464
5966889.234006838
5962371.146391574
5174051.628881642
8400866.775661556
5962371.146391574
5958822.739896657
854082.4859335071
8401636.052698115
5958822.739896657
5960713.302199237
6731625.928152953
2831815.346689039
5960713.302199237
5965590.148729315
9630939.32160136
3434624.257528735
