5968366.926447092
5968338.667670302
3913346.8842352973
5654266.706069633
5968338.667670302
5967997.640154287
8842251.804053396
907635.658945546
5967997.640154287
5964854.134994208
7895905.79274917
6358201.423842645
5964854.134994208
5960055.747524161
2157424.3661731877
9690713.306503415
5960055.747524161
5959077.091596599
3918479.5794319534
5658683.997024706
5959077.091596599
5963205.560828127
8846415.836731972
915363.7691914141
5963205.560828127
5967350.278711527
7911390.5703626685
6343411.879399193
5967350.278711527
5968366.926447092
2173473.671909576
9680316.858855292
9883949.979903037
5968353.828403477
6781432.526754418
3945184.4745448693
5968353.828403477
5966865.264629661
9589582.529166577
3418012.0268136673
5966865.264629661
5962334.858553804
5123090.770284373
8495822.54150542
5962334.858553804
5958815.460366185
915363.7691914141
8127466.031375277
5958815.460366185
5960745.203125375
6781754.4651593845
3941764.4417534485
5960745.203125375
5965623.217123664
9603666.05201238
3395470.4552484932
5965623.217123664
5968187.286168809
5139924.665959587
8479536.920503704
5968187.286168809
5968321.235880148
907635.658945546
8124122.24829563
6523223.517391462
5968339.329989378
4150610.845922693
5918334.361150842
5968339.329989378
5967997.136852434
8945460.127042195
2173473.671909576
5967997.136852434
5964854.213161851
7609112.43943273
5947804.826781859
5964854.213161851
5960055.304439541
3395470.4552484932
9681116.01484517
5960055.304439541
5959076.861702858
4162966.4059825814
5927089.675421575
5959076.861702858
5963203.945132327
8945930.636744196
2157424.3661731877
5963203.945132327
5967350.43073821
7627696.520843612
5927772.997773882
5967350.43073821
5968368.559995845
3418012.0268136673
9673503.525671968
