5968357.935317453
5968358.477783134
5428550.684482454
4594383.246532713
5968358.477783134
5967668.533062035
9546016.247183654
2675524.1755377054
5967668.533062035
5963907.977954354
6689317.418405621
7055821.3177656345
5963907.977954354
5959417.434444856
1486799.1763244078
9323911.4617914
5959417.434444856
5959579.572198424
5428227.342103544
4603993.2138889665
5959579.572198424
5964184.421687769
9554108.712381445
2674754.6240476435
5964184.421687769
5967771.473863218
6707341.593386697
7035504.340529487
5967771.473863218
5968357.935317453
1508195.1862856643
9318157.314529547
9318157.314529547
5968285.369368838
7588947.5598166585
2168885.0314307236
5968285.369368838
5966185.124455702
9005672.991186136
4244480.111996065
5966185.124455702
5961380.404546724
3924670.9839904653
9156428.26916487
5961380.404546724
5958730.967902651
2674754.6240476435
7431675.66878463
5958730.967902651
5961644.142051453
7594473.705789994
2169548.2599762706
5961644.142051453
5966394.388910714
9021664.033316702
4225322.36677238
5966394.388910714
5968311.027698287
3944867.2179797078
9140899.002665315
5968311.027698287
5968315.181191059
2675524.1755377054
7425420.3856584905
4993391.380033529
5968359.317971088
4854185.880865156
4993391.380033529
5968359.317971088
5967670.106365267
9448982.692060344
1508195.1862856643
5967670.106365267
5963907.265591066
6858980.465190858
7037020.726743477
5963907.265591066
5959417.459654556
2169548.2599762706
9372863.88738461
5959417.459654556
5959579.036304698
4862360.447777276
4994398.309566372
5959579.036304698
5964183.6582149565
9454244.036126086
1486799.1763244078
5964183.6582149565
5967774.040323274
6879879.2876584865
7019751.514941995
5967774.040323274
5968354.624280522
2168885.0314307236
9370604.512443002
