5968355.996019715
5968360.033667498
5381895.994280232
4620284.501862375
5968360.033667498
5967679.962515891
9544639.380341578
2621310.459403679
5967679.962515891
5963938.2070600875
6724108.410490583
7035463.103949187
5963938.2070600875
5959434.799512589
1477957.0788187343
9336661.933604619
5959434.799512589
5959560.219294473
5381708.949868796
4629742.980384889
5959560.219294473
5964152.989190709
9552737.18585686
2620678.6187306466
5964152.989190709
5967763.453774431
6742050.280247427
7015078.762180245
5967763.453774431
5968355.996019715
1499458.977101616
9330956.627967482
9330956.627967482
5968288.141934958
7569998.142499273
2223212.968157895
5968288.141934958
5966207.459521763
9018909.400052004
4210526.543439342
5966207.459521763
5961408.321320134
3954903.514745216
9140763.203547189
5961408.321320134
5958729.874562093
2620678.6187306466
7447659.421133209
5958729.874562093
5961615.476500015
7575605.138153769
2223706.776415529
5961615.476500015
5966372.846298904
9034854.341515463
4191259.090152049
5966372.846298904
5968309.003109313
3974986.8347397824
9125180.855726762
5968309.003109313
5968314.974162161
2621310.459403679
7441477.2376488885
5039953.584188908
5968358.431809213
4824513.028761572
5039953.584188908
5968358.431809213
5967679.960910603
9433770.55842515
1499458.977101616
5967679.960910603
5963938.396179361
6876341.490703275
7001125.044662474
5963938.396179361
5959434.215116755
2223706.776415529
9397682.459798979
5959434.215116755
5959560.6377884885
4832843.812006025
5040812.035227589
5959560.6377884885
5964154.726386892
9439087.343910543
1477957.0788187343
5964154.726386892
5967763.371700511
6897181.409580927
6983777.460033198
5967763.371700511
5968356.534998829
2223212.968157895
9395508.853109064
