5964707.6997383665
5967952.940404261
6106638.432172616
7466275.081811747
5967952.940404261
5968342.985064611
1966823.3381176048
9109809.835691104
5968342.985064611
5968366.537118921
5845579.10668255
4219181.781705103
5968366.537118921
5967428.274166809
9629161.274233093
3500929.013896952
5967428.274166809
5963361.410544311
6087066.466294058
7485270.915646121
5963361.410544311
5959145.358680348
1949549.9570192394
9109782.646238495
5959145.358680348
5959940.530463179
5854719.995288638
4231085.962711705
5959940.530463179
5964707.6997383665
9636938.756977484
3478810.391354933
15191780.135014595
5968347.685607471
3500929.013896952
9476594.842993064
5968347.685607471
5968318.610503292
3661923.4214566206
6996758.386156909
5968318.610503292
5968213.373674037
7990352.123770493
1182223.1988534092
5968213.373674037
5965752.979664297
8652542.625689888
4925930.98156811
5965752.979664297
5960882.524044206
3478810.391354933
9491029.886295026
5960882.524044206
5958787.239845074
3659013.2566093765
6996435.7556105675
5958787.239845074
5962177.038261035
7994212.367739291
1187466.4439021333
5962177.038261035
5966765.822937525
8668409.768085454
4908623.825720165
11952128.096301517
5967953.54316488
6587208.5648195185
7695635.014636156
5967953.54316488
5968340.846456044
1182223.1988534092
8949979.0729593
5968340.846456044
5968368.295063382
5460356.711832139
4150948.717880385
5968368.295063382
5967428.774819105
9709916.812974423
1966823.3381176048
5967428.774819105
5963360.557668942
6572726.480435603
7711509.229399032
5963360.557668942
5959145.403609706
1187466.4439021333
8953739.638695993
5959145.403609706
5959939.642785299
5465602.715830138
4155051.642885042
5959939.642785299
5964708.626737122
9720204.089535771
1949549.9570192394
