5968267.530517603
5968316.886330805
2347377.2096745684
7690297.932660383
5968316.886330805
5968323.532098509
7066259.523861579
2950662.267627952
5968323.532098509
5966498.861322512
9352872.199194113
3800154.7304359963
5966498.861322512
5961790.68246932
5034466.870475236
8959426.816804191
5961790.68246932
5958737.779750834
2362892.4862858034
7695391.028204376
5958737.779750834
5961239.6276422655
7069768.687543205
2949239.852073285
5961239.6276422655
5966070.956672778
9367856.320421353
3779384.0288481205
5966070.956672778
5968267.530517603
5057556.197045247
8943221.986560833
11612267.987709614
5968350.680961492
4470691.65867278
5011123.7175131785
5968350.680961492
5967827.4644629685
9257780.684089333
1892864.0015074546
5967827.4644629685
5964329.063802063
7144596.118919673
6797993.18593288
5964329.063802063
5959674.546468435
2949239.852073285
9535535.286130501
5959674.546468435
5959334.907838629
4481019.824686504
5018494.5858
5959334.907838629
5963761.497259482
9263766.621107958
1894465.3023611738
5963761.497259482
5967605.74757791
7164566.335465857
6776817.47217466
5967605.74757791
5968362.39653507
2950662.267627952
9530573.609651027
9317237.84036823
5968314.968107647
1892864.0015074546
7707234.375317227
5968314.968107647
5968324.768967783
7349514.606136676
2347377.2096745684
5968324.768967783
5966497.112456941
9225165.37695348
4429818.902171276
5966497.112456941
5961792.151137429
4404414.153129966
8849046.486265646
5961792.151137429
5958736.273027107
1894465.3023611738
7708405.192289983
5958736.273027107
5961241.567633455
7356111.457613979
2362892.4862858034
5961241.567633455
5966068.37273002
9240416.23454163
4418470.3179723965
5966068.37273002
5968270.0630319845
4423022.398235891
8832583.279853472
