5968351.313174477
5968363.0547556365
5745736.01549486
4406148.498142294
5968363.0547556365
5967568.847492746
9568875.711506944
3107973.9700925243
5967568.847492746
5963670.020258559
6417486.04225322
7230705.143935646
5963670.020258559
5959292.320898795
1626772.330796726
9232886.437328039
5959292.320898795
5959728.987858949
5755420.907894175
4416869.912058665
5959728.987858949
5964414.685685798
9576881.254594076
3106190.635776144
5964414.685685798
5967856.736829335
6436178.314910203
7210941.059961754
5967856.736829335
5968351.313174477
1646648.1787025062
9226778.7611995
9226778.7611995
5968257.50140587
7752039.262477648
1734959.9173600886
5968257.50140587
5966000.840416494
8911144.703978112
4529447.06029466
5966000.840416494
5961160.506373677
3702954.281610723
9291746.985364418
5961160.506373677
5958745.312132803
3106190.635776144
7317205.534029771
5958745.312132803
5961874.105523806
7756868.964660516
1737190.234775883
5961874.105523806
5966562.630316748
8927461.966251155
4511138.061339798
5966562.630316748
5968329.061999404
3724041.647733452
9276667.000949383
5968329.061999404
5968315.93441843
3107973.9700925243
7310425.232504634
4622439.930463256
5968364.421276954
5105351.765307531
4622439.930463256
5968364.421276954
5967567.694232841
9580464.522746937
1646648.1787025062
5967567.694232841
5963671.79298038
6734447.742396625
7328057.872298205
5963671.79298038
5959291.296565555
1737190.234775883
9181165.416229697
5959291.296565555
5959729.023567499
5112249.5317917075
4624711.949983172
5959729.023567499
5964415.351496341
9585239.66698217
1626772.330796726
5964415.351496341
5967856.530137564
6755770.670356834
7311413.521630788
5967856.530137564
5968349.164786946
1734959.9173600886
9178238.32031045
