5968338.173177996
5968316.32413902
2437803.622770787
7278576.717698808
5968316.32413902
5968247.285084348
7897056.673710334
1595490.5352615158
5968247.285084348
5965939.911881364
8698640.068105826
4625934.405017843
5965939.911881364
5961089.979102868
4144707.513961265
9339087.98708711
5961089.979102868
5958752.272095014
2452439.9528924376
7285504.499038085
5958752.272095014
5961949.811632816
7897597.01278599
1598338.0413017299
5961949.811632816
5966611.3907507025
8715505.340979626
4607886.146228628
5966611.3907507025
5968338.173177996
4156250.221166449
9324162.334858375
10916482.505655712
5968364.355768858
5191189.736245566
4353113.316156427
5968364.355768858
5967534.716239247
9626489.095340736
3247024.6206826703
5967534.716239247
5963593.88104651
6699896.900107097
7291490.4414548585
5963593.88104651
5959253.369417407
1598338.0413017299
9207771.832185201
5959253.369417407
5959780.255838835
5197671.2338170465
4364162.3404954225
5959780.255838835
5964490.718939474
9631099.178270198
3244943.1206680555
5964490.718939474
5967881.876867285
6721338.550153799
7271914.962783238
5967881.876867285
5968346.926257721
1595490.5352615158
9201562.455898762
8346965.371095468
5968315.909514148
3247024.6206826703
6897971.6370048
5968315.909514148
5968248.359385014
7808847.427862628
2437803.622770787
5968248.359385014
5965939.7718852535
8885048.182048067
5100129.060891143
5965939.7718852535
5961090.505081435
3639800.0048972364
9431127.96434661
5961090.505081435
5958752.193469686
3244943.1206680555
6902163.7478465745
5958752.193469686
5961951.338683976
7813442.324371078
2452439.9528924376
5961951.338683976
5966611.366530084
8901456.777330747
5077209.723032469
5966611.366530084
5968336.63288533
3661166.1078766626
9417663.884903064
