5964250.710892631
5967802.207992819
6626996.456526677
7084508.280745789
5967802.207992819
5968352.627389434
1536389.049820776
9289456.179526886
5968352.627389434
5968360.390465557
5537403.233534057
4535908.090936069
5968360.390465557
5967640.6755231405
9550513.38067038
2801940.023728618
5967640.6755231405
5963837.699181247
6608779.428929873
7104671.059569406
5963837.699181247
5959380.435111413
1515328.3575891955
9295323.070933737
5959380.435111413
5959621.589396742
5536769.100220884
4545855.361740895
5959621.589396742
5964250.710892631
9558588.415603016
2800857.823048754
15099958.080023205
5968317.982540453
3876637.4123433596
9178687.00272545
5968317.982540453
5968315.104095771
2801940.023728618
7389375.147200633
5968315.104095771
5968277.366049065
7634449.104049553
2042115.9661611256
5968277.366049065
5966132.843666244
8975992.815186143
4325254.700518673
5966132.843666244
5961314.740533572
3856176.2360999854
9194091.609896403
5961314.740533572
5958735.36182447
2800857.823048754
7395794.182396662
5958735.36182447
5961710.607648518
7639779.494126403
2043193.5727374423
5961710.607648518
5966441.734465491
8992084.48890899
4306351.9908160735
11671191.966035735
5967800.297153639
6841011.979084148
7104165.686711686
5967800.297153639
5968352.497378998
2042115.9661611256
9313195.836512838
5968352.497378998
5968362.170978326
4925005.024740095
4884841.7434069095
5968362.170978326
5967639.084887509
9485568.888954462
1536389.049820776
5967639.084887509
5963838.885000173
6819982.136759865
7121251.090066166
5963838.885000173
5959380.010305689
2043193.5727374423
9315652.115288176
5959380.010305689
5959620.7794945305
4932809.940853931
4886206.933835542
5959620.7794945305
5964252.18141554
9490690.435566714
1515328.3575891955
