5967891.254473497
5968345.669626595
1730699.451571703
9196165.191279825
5968345.669626595
5968366.06878818
5770393.283019099
4341694.844577486
5968366.06878818
5967526.510018528
9583702.739750069
3278382.0957565475
5967526.510018528
5963577.0072892755
6313479.77044208
7305493.183502299
5963577.0072892755
5959243.83514456
1711613.788155923
9202395.093624007
5959243.83514456
5959793.695520225
5779942.289452681
4352814.490834555
5959793.695520225
5964501.937337927
9591651.573435247
3276235.3745871666
5964501.937337927
5967891.254473497
6332442.034484426
7285958.056162422
13249660.921989502
5968316.596601968
3278382.0957565475
7271752.177062283
5968316.596601968
5968244.334446631
7821944.398138516
1564071.193676358
5968244.334446631
5965925.737317392
8879461.288164701
4647989.929600133
5965925.737317392
5961075.486584133
3626161.3287564768
9350015.56728398
5961075.486584133
5958753.187871423
3276235.3745871666
7278710.687666262
5958753.187871423
5961970.183425985
7826482.968783966
1567066.3922703278
5961970.183425985
5966623.253822255
8895887.840314334
4630003.385828257
5966623.253822255
5968336.303920074
3647586.2091886415
9335125.991184019
11172986.377343895
5968347.138255072
1564071.193676358
9105711.728399495
5968347.138255072
5968365.216140948
5210864.687053391
4476749.883969305
5968365.216140948
5967526.420943388
9637116.328453233
1730699.451571703
5967526.420943388
5963577.045260217
6692489.027535171
7444853.887159957
5963577.045260217
5959242.9679117855
1567066.3922703278
9108898.33166269
5959242.9679117855
5959794.121652916
5217252.599429853
4479562.54526812
5959794.121652916
5964503.334754934
9641687.876550954
1711613.788155923
5964503.334754934
5967889.600393169
6713957.747568894
7428447.4727981305
