5965812.162689304
5968227.55609391
5158597.178474781
8731735.689465897
5968227.55609391
5968317.466283474
2557940.959405955
7932049.498176476
5968317.466283474
5968343.22280533
6741527.063446182
3532951.1713943975
5968343.22280533
5966719.069743495
9449473.492989996
3546068.0232449453
5966719.069743495
5962104.819004734
5135906.451402137
8747414.766249597
5962104.819004734
5958774.743092938
2571496.979982404
7936147.556881458
5958774.743092938
5960948.189874355
6746370.261007324
3530298.3886569524
5960948.189874355
5965812.162689304
9462824.322040267
3524168.29200406
15182283.768165281
5968367.027123168
3532951.1713943975
9726289.9673355
5968367.027123168
5968342.8823557515
4256727.623401866
5374698.379537018
5968342.8823557515
5967931.2779792305
9156347.59180404
1309899.9461309058
5967931.2779792305
5964638.871430084
7403917.7007440105
6659387.3924213
5964638.871430084
5959888.3851553565
3524168.29200406
9730953.136789778
5959888.3851553565
5959180.344347954
4268383.714282946
5380335.092539252
5959180.344347954
5963434.459914983
9162733.173953857
1314274.754230696
5963434.459914983
5967463.149364758
7423097.549763862
6637725.573798363
12392272.849648908
5968225.777996862
4830859.353570426
8575200.431974856
5968225.777996862
5968319.245161756
1309899.9461309058
8083702.814284019
5968319.245161756
5968343.470374846
7094560.123517732
2557940.959405955
5968343.470374846
5966717.557057467
9427520.249447461
3891208.033376647
5966717.557057467
5962104.950423644
4813330.170295362
8592441.793237438
5962104.950423644
5958773.332484205
1314274.754230696
8083664.41747579
5958773.332484205
5960947.014994057
7093942.319692111
2571496.979982404
5960947.014994057
5965814.091159479
9442114.690030893
3879420.879060861
