5966699.2768799765
5968341.264451728
3949124.5925201536
9404315.414426876
5968341.264451728
5968317.945724723
2529158.804319673
7141814.10657855
5968317.945724723
5968229.867614748
8042689.6618732605
1372009.008833727
5968229.867614748
5965840.2729651965
8601630.880662318
4785421.059078802
5965840.2729651965
5960978.227508389
3937404.812026492
9418982.334460905
5960978.227508389
5958768.239032085
2542962.240765414
7141069.593696123
5958768.239032085
5962071.30321527
8042770.048132181
1376017.4729791316
5962071.30321527
5966699.2768799765
8618792.160243643
4767778.744718013
14839221.682781456
5968344.066861053
1372009.008833727
9165442.452002496
5968344.066861053
5968365.366328411
5333874.694152735
4276249.405211359
5968365.366328411
5967477.746653475
9704191.677497553
3470541.173184315
5967477.746653475
5963470.452254689
6650253.7002106635
7393626.907303682
5963470.452254689
5959192.297550061
1376017.4729791316
9171792.64029247
5959192.297550061
5959868.503108949
5339687.926937836
4287785.720480842
5959868.503108949
5964605.530431772
9708527.01093122
3468004.5411011
5964605.530431772
5967921.755579738
6671871.283852127
7374359.97220337
12399668.474551685
5968341.660893057
3569471.844471357
9441723.189918125
5968341.660893057
5968318.862027493
3470541.173184315
6775137.026107863
5968318.862027493
5968230.229582742
7904440.06245308
2529158.804319673
5968230.229582742
5965839.8180596065
8770138.338821895
5144394.010910569
5965839.8180596065
5960977.563210816
3547685.3078715573
9455100.473295238
5960977.563210816
5958769.158751699
3468004.5411011
6779842.646903432
5958769.158751699
5962071.258333343
7908643.193220621
2542962.240765414
5962071.258333343
5966697.420750528
8785727.08318156
5121647.614468942
