5968330.56889374
5968316.837882277
2400746.7738107815
7303002.8795878375
5968316.837882277
5968255.354372099
7827677.679653069
1703415.6071933
5968255.354372099
5965986.313050029
8746602.74044789
4551067.2306838455
5965986.313050029
5961145.492800765
4244282.583631423
9302288.505439661
5961145.492800765
5958745.490852495
2415736.723309236
7309814.323162467
5958745.490852495
5961894.003175459
7828443.13172773
1705780.4710439001
5961894.003175459
5966571.523739298
8763322.89014463
4532819.679103157
5966571.523739298
5968330.56889374
4255745.078539894
9287242.891949495
10970896.617900163
5968363.56324143
5124553.361453869
4393823.904805461
5968363.56324143
5967560.958887197
9590712.153098596
3139408.746046887
5967560.958887197
5963653.271577425
6726396.323552182
7244257.9025917705
5963653.271577425
5959282.337481283
1705780.4710439001
9227028.162375392
5959282.337481283
5959741.006376445
5131355.647075266
4404620.004744143
5959741.006376445
5964433.279836104
9595450.576076467
3137556.3969125194
5964433.279836104
5967862.316778025
6747745.829278311
7224536.963809929
5967862.316778025
5968348.711759092
1703415.6071933
9220895.325136444
8428207.98845873
5968314.337364647
3139408.746046887
6958402.739660143
5968314.337364647
5968256.721841209
7764699.257999571
2400746.7738107815
5968256.721841209
5965986.287496099
8905057.88968796
5082531.7840089025
5965986.287496099
5961145.347202634
3688305.016123966
9421639.825307705
5961145.347202634
5958745.629288187
3137556.3969125194
6962348.0479348535
5958745.629288187
5961893.198491031
7769476.262268193
2415736.723309236
5961893.198491031
5966571.026203016
8921395.88046895
5059542.354721543
5966571.026203016
5968334.017081007
3709457.4008707544
9408141.211815098
