5968354.440376287
5968320.635442022
2777401.8874710216
6784828.3433937
5968320.635442022
5968188.481450875
8355115.002692719
911864.1351442864
5968188.481450875
5965621.090701256
8410145.226376584
5136500.713103315
5965621.090701256
5960748.128088847
3500191.472066381
9601833.347915452
5960748.128088847
5958813.985391459
2789168.787066078
6785149.157220698
5958813.985391459
5962333.529714879
8354266.220289879
919554.6716622876
5962333.529714879
5966865.75988841
8427904.847286327
5119653.129603472
5966865.75988841
5968354.440376287
3512424.8167830226
9587746.737062821
10571544.984178068
5968367.626993398
5651152.141255633
4151538.4606924937
5968367.626993398
5967351.390397622
9680714.498317705
3419137.8967867396
5967351.390397622
5963204.504566279
6347042.300254904
7625388.704150092
5963204.504566279
5959079.568516596
919554.6716622876
8948505.405748123
5959079.568516596
5960052.9265369885
5655575.8700869605
4163888.9454622413
5960052.9265369885
5964856.25785711
9691109.550194826
3396603.193512931
5964856.25785711
5967996.192395081
6361822.153834151
7606800.300693114
5967996.192395081
5968337.875423548
911864.1351442864
8948034.179357795
7805042.266030793
5968320.4186270395
3940720.413920063
6530132.22593546
5968320.4186270395
5968188.325097265
8121955.692912364
2777401.8874710216
5968188.325097265
5965621.870683593
8482252.667292906
5270793.813816242
5965621.870683593
5960747.779155745
3396603.193512931
9524351.53864129
5960747.779155745
5958813.352866715
3937300.3455664096
6535909.24022771
5958813.352866715
5962333.672182523
8125301.625488974
2789168.787066078
5962333.672182523
5966864.630571848
8498534.112147246
5248529.10245155
5966864.630571848
5968355.774031786
3419137.8967867396
9511222.107569661
