5968351.076362174
5968362.916591765
5708179.121536442
4449901.142068404
5968362.916591765
5967594.131040668
9561193.633918442
3000106.636875487
5967594.131040668
5963730.671906313
6484281.560037521
7185048.175813436
5963730.671906313
5959321.457752898
1581079.1690411766
9253782.759757504
5959321.457752898
5959691.364379511
5707083.051136866
4460357.587951049
5959691.364379511
5964357.528970317
9569228.030161072
2998562.8312319783
5964357.528970317
5967836.986215381
6502805.649132815
7165142.149828005
5967836.986215381
5968351.076362174
1601419.0115545085
9247755.754833622
9247755.754833622
5968264.843965764
7709410.122777104
1843231.6095457694
5968264.843965764
5966047.203935136
8932851.199664371
4456146.203977855
5966047.203935136
5961214.950915766
3754816.095512302
9256291.85828652
5961214.950915766
5958740.772425666
2998562.8312319783
7343541.636431217
5958740.772425666
5961816.243877744
7714419.918340735
1845028.0070449514
5961816.243877744
5966521.10143817
8949093.440512793
4437630.858456238
5966521.10143817
5968325.010309043
3775684.197797177
9241095.102318287
5968325.010309043
5968315.44594662
3000106.636875487
7336885.580555489
4714840.955466575
5968361.986519702
5040402.256576332
4714840.955466575
5968361.986519702
5967593.862578159
9546004.060674956
1601419.0115545085
5967593.862578159
5963730.799714653
6763131.374825342
7254716.798572618
5963730.799714653
5959321.810684679
1845028.0070449514
9227898.44777702
5959321.810684679
5959691.351659499
5047618.997471512
4716787.635216499
5959691.351659499
5964357.459129281
9550905.34333366
1581079.1690411766
5964357.459129281
5967836.630013656
6784355.081966174
7237918.889082537
5967836.630013656
5968351.944466446
1843231.6095457694
9225136.425898567
