5968351.600606716
5968363.146859797
5752944.546817061
4385145.708121458
5968363.146859797
5967555.760506033
9573206.081126852
3161837.31236378
5967555.760506033
5963640.668663792
6384404.947047642
7253995.611056338
5963640.668663792
5959276.463042965
1651985.9189812557
9222912.729252111
5959276.463042965
5959749.602553038
5762588.655339852
4395997.548040963
5959749.602553038
5964444.627790692
9581194.871701349
3159936.113292769
5964444.627790692
5967864.328078633
6403179.329214328
7234304.610936257
5967864.328078633
5968351.600606716
1671618.2206838808
9216765.47285365
9216765.47285365
5968253.5841584345
7773798.341534546
1680914.615620578
5968253.5841584345
5965976.791726628
8900780.626020042
4566562.10964083
5965976.791726628
5961133.100475013
3677983.866906221
9309867.72193874
5961133.100475013
5958748.7251336295
3159936.113292769
7304623.463728784
5958748.7251336295
5961903.070753394
7778538.078617533
1683374.2739602514
5961903.070753394
5966583.111462079
8917135.634667715
4548354.94585128
5966583.111462079
5968331.5933990795
3699178.8908433556
9294847.724270262
5968331.5933990795
5968315.730379842
3161837.31236378
7297783.597765256
4576347.910351673
5968366.010751626
5138324.915194755
4576347.910351673
5968366.010751626
5967555.221241714
9598080.864307502
1671618.2206838808
5967555.221241714
5963641.500636773
6720736.067834462
7364855.383919362
5963641.500636773
5959276.37634549
1683374.2739602514
9158113.049284285
5959276.37634549
5959748.254374792
5145063.449738231
4578786.178569484
5959748.254374792
5964444.2149609225
9602791.916935882
1651985.9189812557
5964444.2149609225
5967866.484412065
6742107.004612064
7348286.427238662
5967866.484412065
5968348.387647729
1680914.615620578
9155103.741800979
