5968233.122720142
5968318.629598465
2513335.2014347515
7888841.540090188
5968318.629598465
5968341.017859267
6794481.178436089
3434878.658437046
5968341.017859267
5966681.372645827
9437497.025040882
3583287.4965517395
5966681.372645827
5962053.145855776
5113863.0847660955
8807635.546055537
5962053.145855776
5958764.946748212
2527282.476528414
7893109.534049107
5958764.946748212
5960998.392621088
6799100.202558943
3432420.69537738
5960998.392621088
5965855.155487646
9450890.198712302
3561565.04524605
5965855.155487646
5968233.122720142
5136638.278909176
8792099.39756297
11866744.758880652
5968344.304545841
4287794.676248058
5310734.641349184
5968344.304545841
5967914.549250585
9170836.243054243
1407571.9453778153
5967914.549250585
5964586.079316496
7357656.625167579
6679267.114982185
5964586.079316496
5959852.680495327
3432420.69537738
9695872.70330873
5959852.680495327
5959201.470671502
4299252.5305184955
5316661.040621248
5959201.470671502
5963492.872135691
9177162.054349251
1411370.0998607646
5963492.872135691
5967487.478520348
7376973.25969487
6657676.730668339
5967487.478520348
5968365.709307021
3434878.658437046
9691489.323359214
9640604.948022125
5968317.2392146215
1407571.9453778153
8019320.244525481
5968317.2392146215
5968342.250606064
7168795.43296755
2513335.2014347515
5968342.250606064
5966681.162220105
9391216.358109264
3982207.3310650154
5966681.162220105
5962052.583054614
4741928.152133177
8633976.853061333
5962052.583054614
5958763.886991884
1411370.0998607646
8019477.582587855
5958763.886991884
5960998.507725103
7167966.599448107
2527282.476528414
5960998.507725103
5965856.341919516
9405926.788166394
3970514.2118140655
5965856.341919516
5968234.626496992
4759631.410172063
8616863.418514602
