5968341.573795393
5968318.285986196
2525149.893056017
7148577.758779157
5968318.285986196
5968231.091518973
8036828.441759046
1380916.9257553453
5968231.091518973
5965842.58141611
8605438.74708004
4778945.976365793
5965842.58141611
5960984.720266057
3945706.0287954607
9415698.066825254
5960984.720266057
5958766.739864252
2538989.9462789455
7147812.437506547
5958766.739864252
5962066.168157167
8036927.152774442
1384873.5524565727
5962066.168157167
5966694.52328593
8622588.726617321
4761287.727171115
5966694.52328593
5968341.573795393
3957417.919971959
9401021.499832107
10808621.544515328
5968365.806821849
5328062.919259532
4279117.987604243
5968365.806821849
5967480.568763301
9700998.377902946
3461604.785949719
5967480.568763301
5963474.380789655
6652096.282472367
7389440.855036606
5963474.380789655
5959196.073719768
1384873.5524565727
9173125.460886687
5959196.073719768
5959861.446507241
5333903.459277358
4290633.32300511
5959861.446507241
5964604.651307556
9705343.080279194
3459083.9767628703
5964604.651307556
5967919.354235476
6673706.338112542
7370162.167992291
5967919.354235476
5968344.330587255
1380916.9257553453
9166780.776411716
8182720.4587114
5968316.292380957
3461604.785949719
6779974.491451373
5968316.292380957
5968232.317706149
7900518.478981269
2525149.893056017
5968232.317706149
5965841.973321131
8775641.14963114
5142426.1952795265
5965841.973321131
5960984.201626927
3551134.4293888435
9454030.444569824
5960984.201626927
5958767.313385423
3459083.9767628703
6784659.757376457
5958767.313385423
5962068.047634116
7904737.364211769
2538989.9462789455
5962068.047634116
5966691.343333558
8791215.758934157
5119672.303169821
5966691.343333558
5968343.756727123
3572905.342248247
9440649.605354706
