5968368.0084005
5968342.607070407
4271403.540744281
5365937.418824646
5968342.607070407
5967929.376163054
9006498.207070295
1323159.6327236288
5967929.376163054
5964631.887079629
7595928.147432127
6662005.722059127
5964631.887079629
5959884.107438054
1854604.1448879074
9726131.564725343
5959884.107438054
5959180.585164218
4275006.732501069
5371612.372244617
5959180.585164218
5963442.631908982
9010042.840541106
1327451.2794059524
5963442.631908982
5967466.718131096
7611998.194019344
6640353.661501552
5967466.718131096
5968368.0084005
1872535.7383624217
9721856.278425716
9721856.278425716
5968342.786601382
7104663.408473072
3519613.6177441943
5968342.786601382
5966712.82715336
9422531.409977462
3550985.9958272064
5966712.82715336
5962098.499845147
4803565.171198757
8755597.25926264
5962098.499845147
5958773.037533731
1327451.2794059524
7930236.3129242845
5958773.037533731
5960954.324625413
7104017.1591250505
3516986.3750827014
5960954.324625413
5965820.813639639
9437141.191716142
3529109.6585376104
5965820.813639639
5968225.519371992
4821115.01836124
8739940.38853547
5968225.519371992
5968318.273918497
1323159.6327236288
7926117.162768399
6156296.460837011
5968341.337730649
4260828.530240729
5814522.450156488
5968341.337730649
5967931.612766281
9158254.270866292
1872535.7383624217
5967931.612766281
5964629.554885395
7397565.77582791
6189086.6169596575
5964629.554885395
5959884.931826005
3516986.3750827014
9618187.689504365
5959884.931826005
5959180.450942038
4272457.934990827
5823831.612867804
5959180.450942038
5963443.700225962
9164632.281650806
1854604.1448879074
5963443.700225962
5967465.693692649
7416764.750034028
6169739.923573519
5967465.693692649
5968368.825406612
3519613.6177441943
9610338.966339216
