5968188.357211658
5968321.335926235
2793385.0771374707
8134849.2930269195
5968321.335926235
5968354.257683954
6516927.068537945
3967216.4301103526
5968354.257683954
5966873.002028317
9515901.3534565
3412546.6812463463
5966873.002028317
5962348.45685432
5256996.554455782
8482462.598720862
5962348.45685432
5958814.543129353
2805035.821000147
8138148.7111586975
5958814.543129353
5960736.365595952
6522757.877196685
3963759.9447660963
5960736.365595952
5965608.9346595835
9529015.272151537
3389977.6901855953
5965608.9346595835
5968188.357211658
5279229.876799
8466140.740408275
12148552.380367005
5968337.766157231
4146110.377324984
5669664.097039524
5968337.766157231
5968000.56586115
8932749.578236626
886828.1770228944
5968000.56586115
5964865.620016442
7620551.817819785
6340324.149778617
5964865.620016442
5960064.9902204955
3389977.6901855953
9688790.62166101
5960064.9902204955
5959071.784503516
4158495.547908477
5674016.31715238
5959071.784503516
5963192.912279517
8933260.860341143
894798.682997213
5963192.912279517
5967344.234507852
7639101.859099638
6325511.325637913
5967344.234507852
5968367.791657415
3412546.6812463463
9678389.01049433
9982378.746143682
5968320.533334851
886828.1770228944
8372941.925243766
5968320.533334851
5968355.756224287
6764661.1994901
2793385.0771374707
5968355.756224287
5966873.612723134
9598665.573661398
3487823.6917379103
5966873.612723134
5962346.827992787
5140049.244561939
8417693.34406239
5962346.827992787
5958815.996379053
894798.682997213
8372048.52744058
5958815.996379053
5960735.785300995
6765035.57480122
2805035.821000147
5960735.785300995
5965609.748374747
9612719.902279666
3475548.89693767
5965609.748374747
5968187.267117468
5156851.541227602
8399902.044109484
