5965488.419449175
5968161.3900651205
5367220.9133775765
8312144.347979061
5968161.3900651205
5968322.188620435
2956415.9328524326
8262092.936617699
5968322.188620435
5968358.08271106
6393666.0769883795
4103221.564243186
5968358.08271106
5966962.644725654
9565024.416695138
3360328.2400500723
5966962.644725654
5962491.005753098
5345306.95800027
8328847.773424504
5962491.005753098
5958848.957916487
2966891.529428217
8264915.355629516
5958848.957916487
5960612.927292498
6400063.016418891
4115896.295234566
5960612.927292498
5965488.419449175
9577965.177483685
3337482.5450838036
15224159.815061316
5968367.882923801
3360328.2400500723
9660091.807758896
5968367.882923801
5968333.963449806
4103221.564243186
5850735.70723418
5968333.963449806
5968038.328319789
8786760.277212512
657803.336208285
5968038.328319789
5964999.739365407
7756090.959479879
6133125.9110064795
5964999.739365407
5960170.737008922
3337482.5450838036
9670562.22623512
5960170.737008922
5959019.849200984
4115896.295234566
5854352.61334589
5959019.849200984
5963044.012038728
8787743.565349903
669288.9430905035
5963044.012038728
5967271.550721139
7774261.252586067
6118016.745795286
12302875.833845558
5968159.850084352
5355175.06187244
8304702.232831805
5968159.850084352
5968323.101754014
657803.336208285
8462233.678442802
5968323.101754014
5968358.496721631
6570715.698008737
2956415.9328524326
5968358.496721631
5966962.650564772
9660091.807758896
3251793.283930905
5966962.650564772
5962491.218182276
5338769.889723797
8322799.363640586
5962491.218182276
5958849.382443763
669288.9430905035
8467921.20492299
5958849.382443763
5960612.038938648
6571714.821262305
2966891.529428217
5960612.038938648
5965488.495451577
9670562.22623512
3239136.558129125
