5967135.219813448
5968366.249410724
2782919.7610648572
9646307.75892178
5968366.249410724
5968327.5750472145
3328480.287602019
6181484.412370602
5968327.5750472145
5968098.194165136
8599333.118956808
408184.8974264183
5968098.194165136
5965230.644267893
8132613.146492186
5767339.292643206
5965230.644267893
5960371.671406365
2769213.668249747
9656828.904289626
5960371.671406365
5958931.16285876
3336603.71600028
6183842.105866675
5958931.16285876
5962784.404604166
8604454.965815833
427368.3909583306
5962784.404604166
5967135.219813448
8151276.915582434
5751661.842482304
14486245.591369092
5968328.210317366
408184.8974264183
8499566.380205542
5968328.210317366
5968363.833350765
6230434.665780563
4070662.156781863
5968363.833350765
5967110.47537113
9646307.75892178
3320510.080280617
5967110.47537113
5962749.863640176
5698702.571834586
8063496.69805117
5962749.863640176
5958918.251824015
427368.3909583306
8501529.498513447
5958918.251824015
5960404.907593619
6232604.842529762
4083562.004600275
5960404.907593619
5965262.810606524
9656828.904289626
3297446.9006686187
5965262.810606524
5968107.812731103
5714462.5251795985
8046108.91024861
12210342.89675668
5968364.980422889
3320510.080280617
9686476.747723794
5968364.980422889
5968329.399557486
4070662.156781863
6168336.886609753
5968329.399557486
5968099.484811563
8535238.648792483
2782919.7610648572
5968099.484811563
5965230.7188144
8008304.376023417
5580668.022553957
5965230.7188144
5960370.219968072
3297446.9006686187
9698993.60981034
5960370.219968072
5958931.1734911585
4083562.004600275
6175819.207723137
5958931.1734911585
5962786.128705568
8537070.455355281
2769213.668249747
5962786.128705568
5967133.994036207
8025793.121268179
5559490.149600613
