5966942.349764877
5968360.165917696
3308532.3995878682
9663819.166719638
5968360.165917696
5968322.469481916
2915670.7520418437
6617418.582839554
5968322.469481916
5968165.081960709
8448079.909092085
710418.3054531697
5968165.081960709
5965517.8632625155
8327076.124570309
5306982.294825984
5965517.8632625155
5960639.669610789
3295978.6117626876
9674274.825403582
5960639.669610789
5958842.333064995
2926423.321729082
6618273.947736631
5958842.333064995
5962456.6074822275
8453824.863634655
720926.4627685684
5962456.6074822275
5966942.349764877
8345101.782342174
5290480.32832366
14661008.879239392
5968335.081225006
710418.3054531697
8821745.589560943
5968335.081225006
5968366.96725349
5806633.113073234
4111984.2369078146
5968366.96725349
5967288.726142745
9663819.166719638
3371020.6293035257
5967288.726142745
5963079.371269947
6168069.697696603
7741166.467506072
5963079.371269947
5959029.113377703
720926.4627685684
8822620.77556204
5959029.113377703
5960149.040494635
5810416.557815065
4124603.4814683893
5960149.040494635
5964967.129086123
9674274.825403582
3348233.5428177314
5964967.129086123
5968030.146327801
6183102.927593383
7722904.640375897
12315021.854434894
5968357.799902059
3371020.6293035257
9552510.06137686
5968357.799902059
5968322.959465289
4111984.2369078146
6422718.829313671
5968322.959465289
5968166.351403493
8230915.144760738
2915670.7520418437
5968166.351403493
5965516.763515657
8349078.767923999
5344898.328469799
5965516.763515657
5960640.952180239
3348233.5428177314
9565494.387678664
5960640.952180239
5958841.882006707
4124603.4814683893
6428986.182901199
5958841.882006707
5962456.115294935
8233848.518486
2926423.321729082
5962456.115294935
5966942.806993759
8365691.25313285
5322903.782956451
