5965334.542207277
5968123.696240171
5492268.811717849
8125059.322978213
5968123.696240171
5968327.392376398
2963389.19619683
8426663.929049382
5968327.392376398
5968362.769164552
6251863.346220945
4074498.5731946705
5968362.769164552
5967066.915502994
9635789.273426432
3325209.336873383
5967066.915502994
5962670.772321353
5470795.306278943
8142240.860998799
5962670.772321353
5958896.562629184
2950138.9876485956
8428885.359180195
5958896.562629184
5960462.967377
6258934.211811947
4087371.243846461
5960462.967377
5965334.542207277
9648483.249338713
3302170.1422328316
15231726.635171333
5968366.059695494
3325209.336873383
9647927.274879336
5968366.059695494
5968329.8985937275
4074498.5731946705
6080874.310346174
5968329.8985937275
5968081.053511039
8609788.956313217
444804.9658175339
5968081.053511039
5965161.3435267145
7930974.1162952855
5877011.858663194
5965161.3435267145
5960310.047748263
3302170.1422328316
9658442.781240994
5960310.047748263
5958957.760024476
4087371.243846461
6083603.691106091
5958957.760024476
5962863.375908032
8611365.362123143
462371.39299632213
5962863.375908032
5967175.633374379
7948667.904806789
5861512.882931644
12247350.417593885
5968124.510322699
5605545.046039351
8196104.3190619
5968124.510322699
5968326.300692973
444804.9658175339
8542172.145973122
5968326.300692973
5968363.107156775
6332157.863828797
3177933.740604115
5968363.107156775
5967067.668689313
9647927.274879336
2963389.19619683
5967067.668689313
5962670.097394608
5589596.348123528
8214556.144533082
5962670.097394608
5958897.517465735
462371.39299632213
8547529.51673489
5958897.517465735
5960463.385974235
6333969.792670654
3186962.36541013
5960463.385974235
5965333.826658702
9658442.781240994
2950138.9876485956
