5964339.5768001815
5967829.743838071
6525174.955431412
7150169.274488437
5967829.743838071
5968351.292494976
1587825.3745917324
9255021.935359105
5968351.292494976
5968363.006250329
5677176.358044042
4464978.072991065
5968363.006250329
5967603.459465731
9558925.389732769
2964144.0853046537
5967603.459465731
5963750.153358723
6506708.017428485
7170123.030704178
5963750.153358723
5959331.292025051
1567340.6222700623
9261020.14018783
5959331.292025051
5959677.926505635
5676161.676004241
4475343.615031504
5959677.926505635
5964339.5768001815
9566968.02692813
2962681.431455359
15121131.072154311
5968324.641828327
3793434.82858689
9229485.279776035
5968324.641828327
5968315.122481109
2964144.0853046537
7346040.493757489
5968315.122481109
5968267.694910816
7695481.633690358
1879330.977345828
5968267.694910816
5966063.211517777
8940368.728737012
4432022.568375724
5966063.211517777
5961232.742243432
3772638.6717045275
9244720.462381003
5961232.742243432
5958740.30037905
2962681.431455359
7352655.495810706
5958740.30037905
5961797.305848848
7700551.601428825
1880989.778195815
5961797.305848848
5966505.160437853
8956584.694403455
4413438.599621977
11728500.651866011
5967831.391480881
6794242.606869166
7213521.613872335
5967831.391480881
5968351.232950065
1879330.977345828
9240936.174834805
5968351.232950065
5968361.923127295
5019076.381769148
4745672.469889097
5968361.923127295
5967603.401364282
9534759.370654749
1587825.3745917324
5967603.401364282
5963748.469537361
6773052.076011806
7230371.906246457
5963748.469537361
5959333.0795938065
1880989.778195815
9243643.833403407
5959333.0795938065
5959677.487973447
5026400.825116646
4747510.128297806
5959677.487973447
5964338.820528381
9539699.973035783
1567340.6222700623
