5968369.33354786
5968329.282429936
3443504.150946687
6071199.699992855
5968329.282429936
5968079.897770443
8644518.975280331
450663.93578200956
5968079.897770443
5965154.708071424
8088770.642238028
5887628.300640074
5965154.708071424
5960306.044372753
2637932.692707356
9658713.372632228
5960306.044372753
5958955.681882829
3450981.1641613333
6073964.184316676
5958955.681882829
5962872.792027454
8649458.685763914
467994.0229496126
5962872.792027454
5967178.516240192
8107581.410146456
5872144.414164035
5967178.516240192
5968369.33354786
2652028.3686766415
9648199.023465361
10128278.324361859
5968362.589236379
6342019.075578383
4075141.878473727
5968362.589236379
5967062.176276703
9648199.023465361
3325998.4062160756
5967062.176276703
5962663.34228775
5579091.564715151
8149900.028591133
5962663.34228775
5958895.009676889
467994.0229496126
8421930.746737095
5958895.009676889
5960469.643107549
6343794.518183116
4088010.902528851
5960469.643107549
5965341.083831966
9658713.372632228
3302963.5631298404
5965341.083831966
5968124.857629846
5595055.122139552
8132739.4392863335
5968124.857629846
5968326.696536015
450663.93578200956
8419683.838383459
7019587.366753056
5968332.068427292
4075141.878473727
6110379.098324567
5968332.068427292
5968078.444385582
8617046.91825105
2652028.3686766415
5968078.444385582
5965154.5950765535
7923566.579051295
5649977.637214774
5965154.5950765535
5960305.318744597
3302963.5631298404
9738974.880909834
5960305.318744597
5958957.649832887
4088010.902528851
6118148.995058925
5958957.649832887
5962872.4046627
8618595.810641736
2637932.692707356
5962872.4046627
5967178.424801598
7941280.145833695
5629028.280440695
5967178.424801598
5968366.819511091
3325998.4062160756
9726595.162282787
