5967592.082180865
5968362.365434052
1612133.291448157
9554535.988635963
5968362.365434052
5968350.0203674
4691677.19490156
5056539.346351068
5968350.0203674
5967841.607174545
9213314.514587225
1816096.9456297704
5967841.607174545
5964370.507433862
7256295.365054542
6777039.68597209
5964370.507433862
5959699.72385234
1591911.082571187
9559410.349967849
5959699.72385234
5959315.626891588
4693694.066276562
5063682.783265678
5959315.626891588
5963713.829213385
9216114.248645067
1817992.4177079147
5963713.829213385
5967592.082180865
7273055.359376076
6755789.041405512
13885160.044886578
5968315.600869837
1816096.9456297704
7719973.366305657
5968315.600869837
5968326.319480231
7330113.052391218
3027137.2521069
5968326.319480231
5966527.97042313
9249905.22603934
3762515.716945612
5966527.97042313
5961832.100122815
4455925.757210139
8943552.812789403
5961832.100122815
5958739.706647138
1817992.4177079147
7724941.273232391
5958739.706647138
5961204.25523477
7336798.369281164
3025541.1949913087
5961204.25523477
5966036.044919698
9265073.652046667
3741590.312938835
5966036.044919698
5968263.826696052
4474384.782002989
8927292.715766963
11755257.987275941
5968364.21314357
3027137.2521069
9562994.927951984
5968364.21314357
5968349.670670716
4438730.3273919625
5731482.2849036865
5968349.670670716
5967841.494532967
9242385.053420525
1612133.291448157
5967841.494532967
5964370.406980625
7176495.223232107
6486040.706129663
5964370.406980625
5959699.795815026
3025541.1949913087
9571023.151474891
5959699.795815026
5959314.291032028
4449250.258768898
5730334.021066483
5959314.291032028
5963716.225178292
9248429.357704142
1591911.082571187
5963716.225178292
5967589.985313617
7196367.498684705
6467473.078490963
