5964566.447222471
5967907.927284742
6262794.128226107
7338984.290927771
5967907.927284742
5968345.963425689
1796007.212360662
9177085.432777893
5968345.963425689
5968365.4219384305
5790322.535643405
4301142.270813127
5968365.4219384305
5967498.166903954
9595716.199228264
3394671.87258138
5967498.166903954
5963511.0391411465
6243650.483550897
7358357.559394415
5963511.0391411465
5959212.707228843
1777477.3348608941
9183389.449256886
5959212.707228843
5959838.00463685
5799762.469410046
4312519.561509301
5959838.00463685
5964566.447222471
9603619.6743279
3392284.879587913
15168684.00314754
5968339.823193011
3599242.99842036
9376588.402115747
5968339.823193011
5968316.782026783
3394671.87258138
7199193.957105452
5968316.782026783
5968235.834871348
7871410.577208384
1447718.6669285058
5968235.834871348
5965874.38297538
8816881.443388943
4730704.257386024
5965874.38297538
5961015.290372263
3577596.235324731
9391344.111364875
5961015.290372263
5958765.721251109
3392284.879587913
7198289.619629123
5958765.721251109
5962029.975202808
7875749.153738775
1451302.8923289606
5962029.975202808
5966668.176069695
8832358.53585687
4712927.562050031
11870901.168137625
5967909.287764115
6687834.928181495
7508931.979660589
5967909.287764115
5968344.716806155
1447718.6669285058
9057362.352535846
5968344.716806155
5968367.033647363
5284813.030680629
4377604.710892252
5968367.033647363
5967497.66405673
9677309.20745891
1796007.212360662
5967497.66405673
5963511.09571446
6666273.411973607
7525174.487677732
5963511.09571446
5959213.450680728
1451302.8923289606
9060725.677310226
5959213.450680728
5959835.243238107
5290855.132012462
4380793.498713332
5959835.243238107
5964567.776460032
9681736.979522169
1777477.3348608941
