5968274.132389006
5968316.097847691
2334927.730975288
7669717.902217612
5968316.097847691
5968321.916644325
7097556.588185155
2896623.519074126
5968321.916644325
5966477.06432686
9324749.877172146
3827453.8816553075
5966477.06432686
5961762.814781102
5028681.038734996
8971021.697072301
5961762.814781102
5958734.652216429
2350567.018465305
7674898.722937676
5958734.652216429
5961268.004281432
7100940.3792131
2895326.2743413416
5961268.004281432
5966090.915714174
9339810.099177515
3806794.266969273
5966090.915714174
5968274.132389006
5051793.752113012
8954856.9371056
11584023.478994902
5968351.564797593
4493928.727313948
4979490.754189764
5968351.564797593
5967816.836832723
9269026.916490288
1947104.9659927974
5967816.836832723
5964300.573287973
7122463.840349283
6813280.10179723
5964300.573287973
5959655.290898116
2895326.2743413416
9518998.048159258
5959655.290898116
5959350.648733353
4504119.068483328
4987020.998790319
5959350.648733353
5963790.924736607
9274968.235653562
1948507.3966418842
5963790.924736607
5967617.958981861
7142503.424220111
6792157.078122325
5967617.958981861
5968361.917468306
2896623.519074126
9513977.523573209
9280420.317679984
5968316.081555456
1947104.9659927974
7673053.282854706
5968316.081555456
5968322.406594321
7363677.620803255
2334927.730975288
5968322.406594321
5966475.482265937
9208027.01579048
4479548.473783076
5966475.482265937
5961762.98106129
4368454.754332931
8874008.520944286
5961762.98106129
5958734.564213234
1948507.3966418842
7674339.400639301
5958734.564213234
5961269.105523003
7370207.915158621
2350567.018465305
5961269.105523003
5966091.733663294
9223334.891107744
4468229.728924204
5966091.733663294
5968273.445705168
4387168.236525092
8857620.154313214
