5967712.409759005
5968356.647890885
1486701.9600150823
9396982.420642847
5968356.647890885
5968357.780550798
5156428.20473841
4752190.817757946
5968357.780550798
5967735.0735913245
9458521.87086556
2358978.872883926
5967735.0735913245
5964081.122189232
6894426.51663856
6942087.45566127
5964081.122189232
5959515.893260495
1465042.4460615467
9402438.517582927
5959515.893260495
5959477.13897193
5156916.084531996
4760916.440837156
5959477.13897193
5964010.075441402
9460480.37195075
2359061.5412898636
5964010.075441402
5967712.409759005
6911976.499913981
6921395.92464562
13660567.161459375
5968314.939475636
2358978.872883926
7524103.663856991
5968314.939475636
5968302.557192503
7483176.065523315
2485713.3251132863
5968302.557192503
5966314.414823636
9087165.42812611
4052461.497245424
5966314.414823636
5961545.225643123
4107959.772768769
9069150.938700661
5961545.225643123
5958726.833678187
2359061.5412898636
7529916.14251205
5958726.833678187
5961481.552375279
7489166.040093215
2485450.5156054897
5961481.552375279
5966263.7210758
9102877.561528923
4032657.377515476
5966263.7210758
5968296.544279981
4127500.699975619
9053324.665819488
11559265.128379852
5968359.1822382575
2485713.3251132863
9518325.225971393
5968359.1822382575
5968355.479543295
4687135.980936943
5265290.947440342
5968355.479543295
5967734.3361665215
9364243.170036681
1486701.9600150823
5967734.3361665215
5964081.0607829075
6965582.689925159
6829480.66002696
5964081.0607829075
5959516.090700045
2485450.5156054897
9520091.857463196
5959516.090700045
5959476.981363085
4696213.195767936
5265455.282402689
5959476.981363085
5964011.345446808
9369822.291862724
1465042.4460615467
5964011.345446808
5967710.853236523
6986127.876978549
6811742.474016466
