5966755.558118617
5968348.227228188
3800328.2921890197
9464620.862869753
5968348.227228188
5968317.458225834
2605786.3705418417
7020361.4888004735
5968317.458225834
5968216.4904422965
8148312.569673798
1212916.0725394979
5968216.4904422965
5965766.275988798
8534358.91318152
4902859.979862077
5965766.275988798
5960898.3201011475
3788453.9813014674
9479094.694782013
5960898.3201011475
5958782.555251479
2618926.157180929
7019970.063233069
5958782.555251479
5962160.536883352
8148070.598265544
1217940.5066070808
5962160.536883352
5966755.558118617
8551728.20886514
4885498.321929341
14800889.349278457
5968341.9693843145
1212916.0725394979
9127954.338820323
5968341.9693843145
5968366.612243847
5439541.502405534
4227886.825653889
5968366.612243847
5967436.322942159
9713701.562249696
3511409.6537599666
5967436.322942159
5963380.084322863
6597807.842689456
7470118.549731515
5963380.084322863
5959151.914711548
1217940.5066070808
9127872.395710537
5959151.914711548
5959930.536009404
5444877.930153035
4239732.893354154
5959930.536009404
5964690.023764464
9723975.649687946
3489343.5333066476
5964690.023764464
5967948.5400997605
6612255.485436034
7451079.214833464
12383908.221458923
5968347.642166083
3511409.6537599666
9462535.29617725
5968347.642166083
5968317.419755408
3630817.8853687705
6689458.713259406
5968317.419755408
5968216.850916542
7976138.413366607
2605786.3705418417
5968216.850916542
5965767.121092687
8671621.735862918
5182471.603294692
5965767.121092687
5960898.634582587
3489343.5333066476
9475838.117929626
5960898.634582587
5958783.341691122
3627968.528123655
6694532.891074823
5958783.341691122
5962159.103531785
7980054.741681802
2618926.157180929
5962159.103531785
5966755.565260063
8687444.541639084
5159872.518886171
