5966596.575337294
5968334.191433317
4197685.813196224
9308660.7112147
5968334.191433317
5968317.759742158
2421810.5592556032
7288558.168839715
5968317.759742158
5968250.459085123
7868117.026336593
1640402.3420212532
5968250.459085123
5965960.11714478
8718509.811147023
4594610.815876858
5965960.11714478
5961111.935360673
4186178.113234463
9323636.700208623
5961111.935360673
5958751.0503382515
2436597.4382275185
7295438.041094168
5958751.0503382515
5961923.694782124
7868750.61360215
1643042.2564569246
5961923.694782124
5966596.575337294
8735316.322553478
4576478.698461027
14899310.043481048
5968348.2599801915
1640402.3420212532
9209460.086239027
5968348.2599801915
5968363.590959282
5163282.675982993
4369775.652366142
5968363.590959282
5967545.849110362
9611465.624772701
3202226.2091935356
5967545.849110362
5963619.3878572285
6710726.264659815
7271672.339586124
5963619.3878572285
5959263.66817031
1643042.2564569246
9215637.168364925
5959263.66817031
5959767.427594843
5169896.640039147
4380723.929714061
5959767.427594843
5964463.640268023
9616130.771329386
3200240.2432087385
5964463.640268023
5967874.515889645
6732130.89518825
7252035.403895185
12420886.940122705
5968333.79226335
3680953.483688406
9413537.579904849
5968333.79226335
5968316.971114792
3202226.2091935356
6923030.253966471
5968316.971114792
5968249.30234988
7790321.281367958
2421810.5592556032
5968249.30234988
5965960.38625925
8893220.988976844
5092507.793451348
5965960.38625925
5961112.296780331
3659676.9502884117
9427016.036535932
5961112.296780331
5958751.201235661
3200240.2432087385
6927120.227439838
5958751.201235661
5961925.079051131
7794992.218424138
2436597.4382275185
5961925.079051131
5966596.94919339
8909601.49763264
5069558.003509493
