5965862.057673782
5968234.657444701
5134733.709325413
8797611.411638534
5968234.657444701
5968318.124465197
2509438.2605926036
7884949.010606619
5968318.124465197
5968340.241711415
6799349.720936982
3425934.3489224515
5968340.241711415
5966678.603662685
9436460.04857231
3586802.0064659445
5966678.603662685
5962046.257405901
5111949.984531725
8813133.277505646
5962046.257405901
5958766.410136157
2523420.6923700934
7889236.009627362
5958766.410136157
5960999.829465712
6803946.687902492
3423493.2043099357
5960999.829465712
5965862.057673782
9449856.839447385
3565094.792472144
15172759.616150705
5968365.761472709
3425934.3489224515
9688322.951614827
5968365.761472709
5968344.56376584
4290733.596690973
5304952.5285238
5968344.56376584
5967912.739097644
9172210.802036166
1416498.480067575
5967912.739097644
5964582.854782512
7353489.016161852
6681151.327652943
5964582.854782512
5959847.334474126
3423493.2043099357
9692715.363234408
5959847.334474126
5959207.639326629
4302171.86904276
5310907.507963035
5959207.639326629
5963494.084344948
9178533.176653083
1420246.0336777535
5963494.084344948
5967490.992646782
7372818.389938053
6659567.829159386
12402253.75747197
5968234.336564914
4753182.014954857
8620699.341154719
5968234.336564914
5968317.260614256
1416498.480067575
8013465.502537225
5968317.260614256
5968340.696902516
7175560.533098163
2509438.2605926036
5968340.696902516
5966678.082663719
9387949.988106309
3990502.7655454115
5966678.082663719
5962047.072520002
4735464.772806506
8637799.784720572
5962047.072520002
5958765.491018577
1420246.0336777535
8013645.213635009
5958765.491018577
5961000.975530701
7174712.724785285
2523420.6923700934
5961000.975530701
5965861.9318153905
9402670.970823836
3978814.4400190953
