5968363.461841892
5968323.500963558
3015992.4392808755
6504187.361843751
5968323.500963558
5968149.455606514
8483238.489855237
587158.6140281059
5968149.455606514
5965443.92134854
8273453.6373842
5424286.097434589
5965443.92134854
5960571.821516303
3158311.9151837514
9666026.034817737
5960571.821516303
5958861.171587004
3026055.6652811575
6505414.896728525
5958861.171587004
5962542.238978645
8488835.100631451
600219.7710975851
5962542.238978645
5966991.032835344
8291653.169587431
5408009.370463417
5966991.032835344
5968363.461841892
3171113.308797258
9655538.882847838
10393639.140010593
5968366.910217372
5914098.631376021
4092490.115282126
5968366.910217372
5967244.056725061
9655538.882847838
3347221.0361271333
5967244.056725061
5962993.894930098
6046639.334429317
7821990.833307069
5962993.894930098
5958999.804366614
600219.7710975851
8738264.781807274
5958999.804366614
5960210.224620467
5917457.023714907
4105238.6878216006
5960210.224620467
5965047.702325605
9666026.034817737
3324303.06416502
5965047.702325605
5968050.600019092
6061849.5854221005
7803953.518593284
5968050.600019092
5968333.134092746
587158.6140281059
8737113.69663235
7504036.129156789
5968323.608042847
4092490.115282126
6352994.718633688
5968323.608042847
5968148.9401354715
8307093.866406598
3015992.4392808755
5968148.9401354715
5965444.27216321
8259707.824795228
5400241.295563618
5965444.27216321
5960571.1352380635
3324303.06416502
9596478.511377307
5960571.1352380635
5958861.189951825
4105238.6878216006
6359587.239336417
5958861.189951825
5962543.398321563
8309742.375136967
3026055.6652811575
5962543.398321563
5966991.213157615
8276544.058756939
5378446.671264364
5966991.213157615
5968362.552132311
3347221.0361271333
9583603.384374097
