5966120.443607067
5968276.292419657
5045847.896786053
8968838.944847243
5968276.292419657
5968316.273344758
2322026.9949798174
7646097.73200625
5968316.273344758
5968318.794791609
7134329.447548391
2833510.875277287
5968318.794791609
5966453.092324506
9292101.662004549
3860049.6097779907
5966453.092324506
5961726.355766722
5022709.977493049
8984955.033488367
5961726.355766722
5958735.093259548
2337796.308261078
7651380.362837745
5958735.093259548
5961299.478646597
7137570.932798411
2832362.3139339336
5961299.478646597
5966120.443607067
9307254.007743198
3839519.9192139083
15105814.508105084
5968362.0069209235
2833510.875277287
9494945.16005638
5968362.0069209235
5968351.932200212
4521735.307410599
4943038.552697555
5968351.932200212
5967804.830271555
9282543.012635674
2010440.7318311606
5967804.830271555
5964267.201914431
7097047.963042671
6831631.070496832
5964267.201914431
5959631.6567552965
2832362.3139339336
9500036.411216037
5959631.6567552965
5959372.442401729
4531759.888951125
4950755.730299394
5959372.442401729
5963822.307243235
9288433.494979102
2011619.915265367
5963822.307243235
5967633.505273616
7117169.217072281
6810570.121216352
12439094.304527437
5968277.321357091
4345768.90372295
8887091.140063109
5968277.321357091
5968315.081018024
2010440.7318311606
7633309.396287567
5968315.081018024
5968317.56369955
7380683.788662544
2322026.9949798174
5968317.56369955
5966454.322518542
9188372.759103054
4537557.726143064
5966454.322518542
5961726.240086408
4326929.515776742
8903394.537231993
5961726.240086408
5958734.390553013
2011619.915265367
7634733.710982084
5958734.390553013
5961299.579602169
7387137.124673355
2337796.308261078
5961299.579602169
5966120.247789078
9203746.39435736
4526273.191221543
