5966210.581713124
5968290.75504449
5031879.992147348
9020015.891492583
5968290.75504449
5968314.123720075
2291498.732081637
7568445.2739741
5968314.123720075
5968308.438898374
7262321.93916639
2616829.2599782525
5968308.438898374
5966368.319591359
9181666.337664427
3977498.1471379544
5966368.319591359
5961612.901855737
5008686.03110361
9035955.961576436
5961612.901855737
5958729.656305704
2307582.197183091
7574065.061955778
5958729.656305704
5961411.435083005
7265075.519432878
2616218.246714186
5961411.435083005
5966210.581713124
9197123.8738003
3957420.3792272387
15075406.555294232
5968359.07089323
2616829.2599782525
9432525.74772364
5968359.07089323
5968354.890146857
4622445.965089671
4822079.347299737
5968354.890146857
5967762.6272840835
9332026.418743715
2227701.7237418
5967762.6272840835
5964150.709215222
7013408.944205864
6898626.897623247
5964150.709215222
5959558.504047506
2616218.246714186
9437849.58188722
5959558.504047506
5959437.534078797
4631888.664544181
4830428.261547635
5959437.534078797
5963940.732342512
9337727.704465259
2228174.0878285347
5963940.732342512
5967681.966046164
7033797.912189528
6877792.501331803
12444901.574898316
5968290.260036192
4207741.086088131
8990084.178623969
5968290.260036192
5968313.697269339
2227701.7237418
7498366.808998844
5968313.697269339
5968310.3379463805
7442819.46229434
2291498.732081637
5968310.3379463805
5966366.7854847675
9123894.906204166
4736162.400065484
5966366.7854847675
5961612.288704801
4188467.472603159
9006086.580148607
5961612.288704801
5958730.000936493
2228174.0878285347
7500263.715944246
5958730.000936493
5961409.847216727
7448992.855495637
2307582.197183091
5961409.847216727
5966211.925880263
9139483.799968528
4724978.306388398
