5968334.823378495
5968314.833406297
2418701.5263688103
7290589.776553685
5968314.833406297
5968251.49816116
7862322.640666882
1649412.443853137
5968251.49816116
5965962.987566393
8722511.14777885
4588355.854066697
5965962.987566393
5961118.112159441
4194492.575394646
9320559.884824475
5961118.112159441
5958749.459701759
2433517.500909499
7297462.53982548
5958749.459701759
5961922.074790379
7862975.250026734
1652012.2304029902
5961922.074790379
5966592.207934633
8739304.390453473
4570209.870140286
5966592.207934633
5968334.823378495
4205991.717456902
9305574.201099923
10943650.603875112
5968364.1072220225
5157714.7832327355
4373167.490933428
5968364.1072220225
5967547.583409034
9608474.784986956
3193242.61568247
5967547.583409034
5963624.103192045
6712932.959249705
7267724.687665855
5963624.103192045
5959267.777618189
1652012.2304029902
9217240.570552198
5959267.777618189
5959760.897119959
5164356.428742419
4384091.962920992
5959760.897119959
5964461.660629223
9613149.894833023
3191274.372489342
5964461.660629223
5967872.276932864
6734329.434281899
7248076.167136825
5967872.276932864
5968348.259024565
1649412.443853137
9211069.85281164
8387659.231703088
5968315.630084138
3193242.61568247
6928071.2649064325
5968315.630084138
5968251.145411494
7786630.776572342
2418701.5263688103
5968251.145411494
5965963.12637523
8894887.251828395
5091030.879159408
5965963.12637523
5961118.331787824
3663718.5679392596
9426219.894746402
5961118.331787824
5958749.79729958
3191274.372489342
6932141.60268218
5958749.79729958
5961921.661207974
7791317.179919825
2433517.500909499
5961921.661207974
5966591.5567914955
8911261.472712068
5068075.580400297
5966591.5567914955
5968335.257075753
3684977.5144440164
9412737.570508888
