5965174.974060773
5968084.568208764
5633389.4734154
7943362.781478207
5968084.568208764
5968331.014868601
2682586.3958078837
8597696.873068761
5968331.014868601
5968365.630260586
6123710.001559704
4073530.721229138
5968365.630260586
5967167.925406229
9716963.059772825
3324024.2472158205
5967167.925406229
5962850.604700996
5612386.5358304875
7961023.672777814
5962850.604700996
5958951.776716504
2668580.8978955112
8599318.668410342
5958951.776716504
5960319.28209051
6131410.13224129
4086410.18811394
5960319.28209051
5965174.974060773
9729378.165152874
3300978.7188412677
15231844.613062065
5968363.53298005
3324024.2472158205
9647518.45740334
5968363.53298005
5968326.642681533
4073530.721229138
6315709.570036413
5968326.642681533
5968120.874677541
8438340.655691378
435852.9487430365
5968120.874677541
5965319.864212113
8112260.881196062
5623066.289546928
5965319.864212113
5960453.511680359
3300978.7188412677
9658035.547180315
5960453.511680359
5958902.7267357875
4086410.18811394
6317586.11596247
5958902.7267357875
5962683.182365252
8440516.09508249
453793.6377041503
5962683.182365252
5967075.077183506
8129476.60355151
5607146.6795109175
12182877.04679831
5968085.169704737
5859300.127859976
8098838.163169641
5968085.169704737
5968330.311745303
435852.9487430365
8633674.739042921
5968330.311745303
5968365.991356769
6097042.429430341
3416195.062809925
5968365.991356769
5967168.251556244
9647518.45740334
2682586.3958078837
5967168.251556244
5962850.4842125615
5843774.641792078
8117614.496008028
5962850.4842125615
5958951.340142981
453793.6377041503
8638661.27636841
5958951.340142981
5960319.343738078
6099702.980033732
3423829.44673995
5960319.343738078
5965174.88755061
9658035.547180315
2668580.8978955112
