5968084.980933756
5968329.152952068
2674913.804142744
8602539.153405018
5968329.152952068
5968365.721656607
6120351.348614876
4073903.194897242
5968365.721656607
5967170.741920861
9719366.81263631
3324479.2809442636
5967170.741920861
5962857.252522603
5616541.664412155
7956066.837107483
5962857.252522603
5958950.253732217
2660885.8328532954
8604145.090140402
5958950.253732217
5960319.571799865
6128066.650875288
4086781.8806869835
5960319.571799865
5965168.338565785
9731772.639645087
3301437.955470199
5965168.338565785
5968084.980933756
5637532.056782541
7938391.9768895
12619285.184782606
5968326.726670799
4073903.194897242
6322300.504414609
5968326.726670799
5968122.051506236
8433657.098658822
439313.4030035534
5968122.051506236
5965324.017321267
8117388.5097890245
5616040.836507852
5965324.017321267
5960458.800734845
3301437.955470199
9658192.122804727
5960458.800734845
5958897.584567544
4086781.8806869835
6324152.131137256
5958897.584567544
5962681.5587202115
8435846.98055315
457110.8206935949
5962681.5587202115
5967071.640355934
8134589.871719817
5600110.059832068
5967071.640355934
5968363.700046433
3324479.2809442636
9647675.266007857
10518594.8679334
5968330.575901518
439313.4030035534
8636380.888347603
5968330.575901518
5968365.68299794
6090559.570834848
3423024.275464808
5968365.68299794
5967170.068590468
9647675.266007857
2674913.804142744
5967170.068590468
5962857.190807653
5850887.087555258
8115084.927843012
5962857.190807653
5958951.698638883
457110.8206935949
8641355.772206264
5958951.698638883
5960317.872520587
6093242.863920744
3430622.7975778594
5960317.872520587
5965167.795614114
9658192.122804727
2660885.8328532954
5965167.795614114
5968085.213902136
5866400.31860904
8096300.1079972265
