5967117.196569101
5968364.786774799
2829655.5219974215
9646266.435091656
5968364.786774799
5968327.232510426
3288611.3198161693
6220641.448173374
5968327.232510426
5968104.982160945
8583975.504540905
407219.3747585377
5968104.982160945
5965257.907220611
8148720.771284695
5725013.6452049315
5965257.907220611
5960394.633160889
2816079.1048936006
9656788.86998744
5960394.633160889
5958921.597005425
3296964.752746968
6222856.952122157
5958921.597005425
5962757.402553461
8589158.345822128
426450.29984923213
5962757.402553461
5967117.196569101
8167330.19485652
5709267.898955262
14503012.863723595
5968328.944410888
407219.3747585377
8528093.022000657
5968328.944410888
5968364.452459207
6191250.1944600465
4070567.210786224
5968364.452459207
5967127.393866845
9646266.435091656
3320391.749496285
5967127.393866845
5962779.14569969
5741079.082300622
8033300.863637971
5962779.14569969
5958926.786781584
426450.29984923213
8529954.78502291
5958926.786781584
5960381.074917473
6193561.857070988
4083466.6516065504
5960381.074917473
5965236.532273089
9656788.86998744
3297327.8233257476
5965236.532273089
5968101.244677463
5756769.163564356
8015833.6574397655
12221102.761676861
5968365.240861144
3320391.749496285
9672850.03367943
5968365.240861144
5968329.332781594
4070567.210786224
6189571.853533823
5968329.332781594
5968104.307400164
8506673.74392373
2829655.5219974215
5968104.307400164
5965256.737228405
8038538.783809325
5556996.189623584
5965256.737228405
5960395.073698562
3297327.8233257476
9685415.002450014
5960395.073698562
5958922.122933612
4083466.6516065504
6196949.516254825
5958922.122933612
5962756.107955404
8508604.089394258
2816079.1048936006
5962756.107955404
5967117.356811155
8055948.349711321
5535739.767245832
