5968104.140109358
5968328.781810609
2814022.4258356243
8516191.636306327
5968328.781810609
5968364.71736215
6182437.688499566
4070513.2672465774
5968364.71736215
5967120.698279372
9677368.941954603
3320325.688101759
5967120.698279372
5962766.433669304
5543625.286936459
8045858.462942614
5962766.433669304
5958922.312164101
2800398.3584141093
8518094.243253024
5958922.312164101
5960389.015904478
6189844.933330637
4083413.6979074106
5960389.015904478
5965249.447533329
9689919.091262782
3297260.9559749835
5965249.447533329
5968104.140109358
5564855.4496501945
8028423.744946556
12537323.68152324
5968328.57006578
4070513.2672465774
6204319.959983152
5968328.57006578
5968102.283657013
8518550.966186218
406680.47534551006
5968102.283657013
5965245.682165651
8025926.741250027
5742633.288765198
5965245.682165651
5960386.595552595
3297260.9559749835
9656765.796469603
5960386.595552595
5958924.179192345
4083413.6979074106
6206592.621055701
5958924.179192345
5962771.90431865
8520440.252042664
425937.42822249944
5962771.90431865
5967122.008947596
8043366.208414313
5726918.371829255
5967122.008947596
5968365.538953523
3320325.688101759
9646244.08311684
10428207.642021995
5968328.835505827
406680.47534551006
8589068.444941508
5968328.835505827
5968363.910060277
6207557.395490222
3301876.0357058854
5968363.910060277
5967120.479964776
9646244.08311684
2814022.4258356243
5967120.479964776
5962767.382828952
5723420.346954443
8161932.654150058
5962767.382828952
5958923.031551111
425937.42822249944
8594233.671557419
5958923.031551111
5960389.58799137
6209809.837661668
3310162.175277265
5960389.58799137
5965247.55210864
9656765.796469603
2800398.3584141093
5965247.55210864
5968105.410590475
5739140.333334112
8143305.182528613
