5967217.739482991
5968364.534823223
2553634.0237521925
9651415.215079024
5968364.534823223
5968333.339637343
3533365.148625895
5987551.189433358
5968333.339637343
5968064.082624407
8680720.701573139
514942.5263474344
5968064.082624407
5965097.074703481
8057056.294500215
5979960.551255147
5965097.074703481
5960252.361837723
2539211.659852996
9661917.77032338
5960252.361837723
5958981.204577607
3540360.5198119567
5990633.03707229
5958981.204577607
5962934.835729061
8685515.186961025
530002.3928744332
5962934.835729061
5967217.739482991
8075974.775393869
5964619.416646042
14399830.375353077
5968325.494113513
514942.5263474344
8359555.957995613
5968325.494113513
5968360.976360506
6427885.662843029
4082753.5580321546
5968360.976360506
5967025.447826706
9651415.215079024
3335312.6061445405
5967025.447826706
5962598.616902172
5488103.940554544
8216800.229526858
5962598.616902172
5958875.953328003
530002.3928744332
8362018.272049522
5958875.953328003
5960525.990799743
6429363.175191909
4095567.1051487275
5960525.990799743
5965394.298695501
9661917.77032338
3312330.6196756964
5965394.298695501
5968139.086906678
5504230.956365997
8199811.574461631
12152824.775264347
5968368.202348156
3335312.6061445405
9758768.251758022
5968368.202348156
5968331.148926076
4082753.5580321546
6068307.21196593
5968331.148926076
5968063.959125562
8680449.456470938
2553634.0237521925
5968063.959125562
5965097.347313111
7859713.984068687
5705154.651542918
5965097.347313111
5960252.750651769
3312330.6196756964
9771038.47312566
5960252.750651769
5958980.597507692
4095567.1051487275
6076289.217742332
5958980.597507692
5962935.752263158
8681784.196571773
2539211.659852996
5962935.752263158
5967215.525021061
7877601.207202435
5684381.188236389
