5968300.623970306
5968314.500637309
2283032.51443147
7516659.563911458
5968314.500637309
5968301.777778451
7354668.182151263
2463101.863069994
5968301.777778451
5966305.294314289
9104919.14426548
4065668.608274551
5966305.294314289
5961534.526058242
4939653.053944401
9075050.976677986
5961534.526058242
5958726.069792928
2299204.9757392635
7522504.921717476
5958726.069792928
5961490.863161331
7357076.155568227
2462900.9065332133
5961490.863161331
5966272.860869752
9120593.863622695
4045909.0125431716
5966272.860869752
5968300.623970306
4950736.442487862
9059243.871311069
11358794.438409952
5968356.494275262
4698562.20020088
4740399.915018171
5968356.494275262
5967730.27773179
9369970.526130002
2381601.314702358
5967730.27773179
5964067.879094504
6957551.196995809
6949799.481616241
5964067.879094504
5959509.917140749
2462900.9065332133
9396502.731144065
5959509.917140749
5959482.828286581
4707578.083035798
4749189.869723429
5959482.828286581
5964026.908974004
9375526.384431427
2381618.9103344292
5964026.908974004
5967713.714870964
6978120.860098326
6929135.98312216
5967713.714870964
5968357.347274372
2463101.863069994
9391023.817235077
8979676.710055329
5968314.021144283
2381601.314702358
7404114.434019009
5968314.021144283
5968303.394594735
7490339.220322174
2283032.51443147
5968303.394594735
5966305.155500244
9081007.053227935
4876511.826827313
5966305.155500244
5961532.291599524
4094338.6418141937
9080574.20579553
5961532.291599524
5958726.331930274
2381618.9103344292
7406348.423366476
5958726.331930274
5961492.5367424665
7496298.038266902
2299204.9757392635
5961492.5367424665
5966272.67844174
9096740.69077896
4865394.1479088245
5966272.67844174
5968299.32960575
4113928.5023439047
9064785.386653634
