5967149.534222825
5968364.527748084
2736450.5797864664
9646675.42213522
5968364.527748084
5968331.0589712495
3368739.398316994
6142446.465248653
5968331.0589712495
5968091.873610872
8615003.097091667
416786.8800198205
5968091.873610872
5965203.300834434
8116833.028333299
5809738.188703625
5965203.300834434
5960347.354050504
2722611.1507371985
9657196.068611145
5960347.354050504
5958941.428435908
3376635.1529696183
6144944.735229014
5958941.428435908
5962816.452979055
8620061.599572761
435567.3520310177
5962816.452979055
5967149.534222825
8135550.21573402
5794131.705170685
14469304.82887203
5968327.454570708
416786.8800198205
8471211.013620296
5968327.454570708
5968363.981686632
6269727.927434479
4071535.8159350245
5968363.981686632
5967092.98213547
9646675.42213522
3321579.073114332
5967092.98213547
5962719.593760421
5656403.731497818
8093852.754345524
5962719.593760421
5958908.865717183
435567.3520310177
8473273.393001249
5958908.865717183
5960429.024987122
6271757.601387768
4084429.2237982
5960429.024987122
5965289.549286408
9657196.068611145
3298520.766596362
5965289.549286408
5968114.166952138
5672235.210880991
8076545.483399148
12199333.382538188
5968366.380642692
3321579.073114332
9700383.461507725
5968366.380642692
5968328.406070772
4071535.8159350245
6147503.556143789
5968328.406070772
5968092.719609186
8563969.089425724
2736450.5797864664
5968092.719609186
5965204.336283212
7978235.899814325
5604757.627331108
5965204.336283212
5960347.462601583
3298520.766596362
9712854.173858393
5960347.462601583
5958939.974300505
4084429.2237982
6155088.822709509
5958939.974300505
5962815.966134208
8565701.966036348
2722611.1507371985
5962815.966134208
5967150.158138462
7995805.006501851
5583659.6692047855
