5965037.519867046
5968051.744073385
5762122.974853405
7796748.542515838
5968051.744073385
5968332.775788306
2456986.736495657
8744524.022419667
5968332.775788306
5968366.652021705
6028260.869338142
4093962.207251413
5968366.652021705
5967248.34191808
9741146.947963161
3349020.760992005
5967248.34191808
5963001.142820081
5741529.757354364
7814806.936099571
5963001.142820081
5959002.176509868
2442203.258649599
8745651.620505719
5959002.176509868
5960205.375908522
6036442.893105164
4106701.49704203
5960205.375908522
5965037.519867046
9748507.577367688
3326114.023080228
15226252.952259537
5968360.602112786
3349020.760992005
9656162.439202182
5968360.602112786
5968323.764029632
4093962.207251413
6514139.279638881
5968323.764029632
5968150.696121648
8300318.5310561275
597340.7135011496
5968150.696121648
5965450.818154919
8267538.206191964
5413912.84891298
5965450.818154919
5960575.916017743
3326114.023080228
9666647.56397947
5960575.916017743
5958862.195248124
4106701.49704203
6515334.23382318
5958862.195248124
5962533.409708011
8302994.197577019
610153.1948032344
5962533.409708011
5966988.367721011
8284355.318995678
5397617.0049717855
12122354.665246628
5968049.698407753
6072519.058791304
8026956.29435853
5968049.698407753
5968334.397639837
597340.7135011496
8718302.998704879
5968334.397639837
5968364.99874693
5904581.805268108
3624687.374228358
5968364.99874693
5967250.345566788
9656162.439202182
2456986.736495657
5967250.345566788
5962999.128653119
6057322.210795857
8045975.886024507
5962999.128653119
5959003.237747641
610153.1948032344
8722953.182057643
5959003.237747641
5960203.503988638
5907976.446762933
3631217.9334141714
5960203.503988638
5965040.426738972
9666647.56397947
2442203.258649599
