5968008.491944489
5968338.949821477
2235123.2343607405
8899806.79980788
5968338.949821477
5968367.2598443795
5941260.0936883595
4135002.6657734076
5968367.2598443795
5967327.450729041
9687546.400575668
3399048.122284905
5967327.450729041
5963157.442759941
5884586.230633927
7668932.499863443
5963157.442759941
5959059.09226684
2219378.9102983577
8900427.442007203
5959059.09226684
5960089.511994152
5949891.121736921
4147463.8727687816
5960089.511994152
5964897.326286553
9695105.71721681
3376410.2334047123
5964897.326286553
5968008.491944489
5904742.835535243
7650466.847353839
12887943.188058859
5968321.431201482
4024424.4427602706
6721107.068969347
5968321.431201482
5968179.790697014
8162913.091301073
833361.2898292898
5968179.790697014
5965581.36338456
8431418.993620522
5200971.473562019
5965581.36338456
5960708.164113425
3376410.2334047123
9636422.545306971
5960708.164113425
5958823.155614478
4020858.3020431097
6721627.126031333
5958823.155614478
5962382.7215432525
8166100.795751259
842007.0134088849
5962382.7215432525
5966893.402916507
8447824.254306642
5184260.173651189
5966893.402916507
5968356.2737653125
3399048.122284905
9622444.589435555
10806315.439779168
5968337.973985047
833361.2898292898
8813312.64759624
5968337.973985047
5968366.085389794
5709850.129816612
3847531.8649828946
5968366.085389794
5967328.4728999715
9673634.100542985
2235123.2343607405
5967328.4728999715
5963157.209472954
6278994.869751795
7967701.336847027
5963157.209472954
5959058.371434583
842007.0134088849
8817591.049416868
5959058.371434583
5960089.906564707
5714026.461576025
3852977.5594849894
5960089.906564707
5964896.281587554
9684055.907806052
2219378.9102983577
5964896.281587554
5968011.182566622
6293871.621669751
7952318.432665645
