5968360.481975605
5968321.43068611
2909911.687383093
6624108.5869243285
5968321.43068611
5968166.548194803
8446093.699821174
718119.9795220612
5968166.548194803
5965520.4434881145
8330310.175448575
5300101.339719927
5965520.4434881145
5960646.710982044
3304126.561508966
9674842.230659055
5960646.710982044
5958838.613520966
2920704.192737553
6624940.143851037
5958838.613520966
5962453.806987664
8451844.95773725
728494.6051660231
5962453.806987664
5966937.406789189
8348324.010900565
5283587.84963269
5966937.406789189
5968360.481975605
3316662.8940296816
9664387.312365904
10469110.461317778
5968366.947870194
5800341.591644754
4113324.094521208
5968366.947870194
5967290.920766548
9664387.312365904
3372652.4851287487
5967290.920766548
5963084.170294906
6175235.0065779425
7736454.679404438
5963084.170294906
5959032.553358258
728494.6051660231
8827624.93890563
5959032.553358258
5960141.662656509
5804151.101144734
4125931.539621414
5960141.662656509
5964965.953163067
9674842.230659055
3349872.3372821
5964965.953163067
5968027.810422781
6190256.24390874
7718180.044932609
5968027.810422781
5968335.481357316
718119.9795220612
8826767.833553992
7633777.323347337
5968323.101791886
4113324.094521208
6426913.438376599
5968323.101791886
5968166.338394597
8226479.15781437
2909911.687383093
5968166.338394597
5965520.510675887
8354377.518608206
5341759.772678843
5965520.510675887
5960646.2543665245
3349872.3372821
9563743.416658849
5960646.2543665245
5958838.870620733
4125931.539621414
6433160.548138006
5958838.870620733
5962453.08151375
8229426.306829698
2920704.192737553
5962453.08151375
5966937.931577872
8370975.531209738
5319754.799395642
5966937.931577872
5968360.000599264
3372652.4851287487
9550753.203747084
