5967012.822786954
5968362.225678615
3114852.9902684963
9652886.647356436
5968362.225678615
5968325.149182836
3058645.2144945287
6457712.705471315
5968325.149182836
5968141.9997959165
8498500.063396886
541808.6664030515
5968141.9997959165
5965414.585364756
8252060.134930677
5472892.513715718
5965414.585364756
5960540.893216946
3101940.2922410113
9663384.285297189
5960540.893216946
5958872.095709166
3068425.4927668474
6459098.363541015
5958872.095709166
5962576.162150897
8504035.24559311
556072.0636745857
5962576.162150897
5967012.822786954
8270328.688212435
5456704.436075883
14599944.322472379
5968332.662372458
541808.6664030515
8702563.009546962
5968332.662372458
5968366.308171753
5958738.810428957
4086227.7623856976
5968366.308171753
5967225.385726833
9652886.647356436
3339565.66121921
5967225.385726833
5962959.237454248
5996704.650713084
7855750.6560797235
5962959.237454248
5958986.280537302
556072.0636745857
8703830.481243586
5958986.280537302
5960239.588991352
5961922.942747832
4099020.407208923
5960239.588991352
5965076.015892758
9663384.285297189
3316607.3066213015
5965076.015892758
5968060.087325977
6011991.052735804
7837805.63647169
12280447.052659646
5968361.503154582
3339565.66121921
9597110.795272678
5968361.503154582
5968325.51165242
4086227.7623856976
6325090.565492219
5968325.51165242
5968142.398466254
8338940.482863725
3058645.2144945287
5968142.398466254
5965413.5248607965
8223194.045559714
5424162.348357031
5965413.5248607965
5960540.837574315
3316607.3066213015
9609938.303359693
5960540.837574315
5958871.373874028
4099020.407208923
6331815.199843347
5958871.373874028
5962575.834343893
8341471.261112423
3068425.4927668474
5962575.834343893
5967013.937780275
8240125.193374321
5402450.4837417705
