5968365.03992587
5968329.037275544
3281990.391718273
6227192.391853965
5968329.037275544
5968106.855273558
8581440.985399846
407811.9987100942
5968106.855273558
5965260.300219072
8151441.38822752
5717954.411904043
5965260.300219072
5960401.051001287
2823930.8144693123
9656813.804768885
5960401.051001287
5958919.278595186
3290386.728954853
6229381.675428765
5958919.278595186
5962753.530289446
8586634.99664079
427014.87981019175
5962753.530289446
5967111.441411744
8170041.61863549
5702196.652787898
5967111.441411744
5968365.03992587
2837488.0164920413
9646292.012116278
10222558.900929673
5968364.8930985015
6184717.853135329
4070626.3423042507
5968364.8930985015
5967130.429305163
9646292.012116278
3320465.3238036535
5967130.429305163
5962783.249459837
5748162.108505422
8028274.959532808
5962783.249459837
5958929.804741848
427014.87981019175
8534717.877552902
5958929.804741848
5960373.927280384
6187055.053427047
4083525.575399153
5960373.927280384
5965235.3691103235
9656813.804768885
3297400.24720039
5965235.3691103235
5968099.0978398
5763840.131244984
8010795.245300755
5968099.0978398
5968328.844112443
407811.9987100942
8532871.935193606
7197257.510430099
5968328.397701987
4070626.3423042507
6193156.445146043
5968328.397701987
5968106.456926412
8501918.885990914
2837488.0164920413
5968106.456926412
5965260.349380056
8043603.1845158115
5553085.863490697
5965260.349380056
5960400.391073646
3297400.24720039
9683174.604134344
5960400.391073646
5958919.3806878915
4083525.575399153
6200515.980078344
5958919.3806878915
5962752.561210659
8503866.778546128
2823930.8144693123
5962752.561210659
5967111.911736405
8060998.293414443
5531815.858475248
5967111.911736405
5968365.965252413
3320465.3238036535
9670601.778564816
