5968350.502732819
5968320.77320767
2656671.0490499255
6946238.525829834
5968320.77320767
5968207.939337135
8213117.10027598
1116839.8494750643
5968207.939337135
5965721.535907177
8494365.12807312
4975575.89989049
5965721.535907177
5960850.987035943
3697639.1676775287
9516850.179431044
5960850.987035943
5958790.22839558
2669391.430185118
6946062.824117042
5958790.22839558
5962216.031969529
8212680.712220156
1122585.6550283257
5962216.031969529
5966787.04855479
8511858.041143898
4958381.871122231
5966787.04855479
5968350.502732819
3709619.3064695667
9502495.856401497
10675867.151377168
5968366.728373383
5505208.782195552
4201329.350263256
5968366.728373383
5967409.880415262
9702171.799578823
3479400.5503724525
5967409.880415262
5963324.846639787
6519012.547908963
7518009.580795521
5963324.846639787
5959129.508422185
1122585.6550283257
9071146.626450459
5959129.508422185
5959966.383039875
5510256.719141853
4213348.4373762
5959966.383039875
5964744.970069235
9712487.160869785
3457174.145258876
5964744.970069235
5967963.089686722
6533561.349513259
7499111.609738354
5967963.089686722
5968340.504005668
1116839.8494750643
9071056.867796965
7974250.202805976
5968317.699447473
3728459.4004561305
6638323.533262067
5968317.699447473
5968209.62824756
8021074.298363963
2656671.0490499255
5968209.62824756
5965720.895232138
8611779.654412856
5208228.009352982
5965720.895232138
5960851.404594146
3457174.145258876
9489926.35997236
5960851.404594146
5958790.514347777
3725425.548454943
6643618.555079349
5958790.514347777
5962215.946564465
8024812.662968187
2669391.430185118
5962215.946564465
5966788.358725404
8627745.423569102
5185728.332140891
5966788.358725404
5968351.2921383595
3479400.5503724525
9476673.2153495
