5968366.738490503
5968336.170457375
3738849.592813345
5803519.527228448
5968336.170457375
5968028.5727738
8766395.845304256
714224.9991100056
5968028.5727738
5964964.632466062
7992179.999112355
6186641.684923111
5964964.632466062
5960146.007702184
2325588.1522235135
9674554.819163458
5960146.007702184
5959030.357613081
3744804.275722143
5807321.302616382
5959030.357613081
5963082.963466161
8770853.437388292
724658.5134836356
5963082.963466161
5967291.250171411
8011319.098655628
6171610.900614503
5967291.250171411
5968366.738490503
2340838.5627641273
9664098.079326993
9970097.531467741
5968357.403470385
6620730.740598947
4112644.5452918354
5968357.403470385
5966938.537148861
9664098.079326993
3371824.814099472
5966938.537148861
5962454.646736391
5287074.876680996
8368302.355333054
5962454.646736391
5958841.411060521
724658.5134836356
8231664.098463586
5958841.411060521
5960643.706114821
6621565.560140927
4125255.253108959
5960643.706114821
5965521.72150964
9674554.819163458
3349040.1197958197
5965521.72150964
5968166.043670754
5303577.218501947
8351699.5921011465
5968166.043670754
5968322.746084298
714224.9991100056
8228718.107569941
6704934.063248774
5968336.001537101
4112644.5452918354
5981845.072850206
5968336.001537101
5968028.1095691295
8824232.302815134
2340838.5627641273
5968028.1095691295
5964964.980755332
7720567.646658907
5834556.966720137
5964964.980755332
5960144.319353302
3349040.1197958197
9719959.111712111
5960144.319353302
5959030.667314389
4125255.253108959
5990269.532594
5959030.667314389
5963083.844177145
8825090.087552894
2325588.1522235135
5963083.844177145
5967289.839609818
7738836.60521834
5814186.750087335
5967289.839609818
5968368.869480078
3371824.814099472
9712491.738817912
