5967676.066830504
5968358.962509178
1503578.1395236726
9441355.21773638
5968358.962509178
5968354.645483515
5016627.355362574
4839323.20572394
5968354.645483515
5967768.7342299465
9383013.317032468
2196001.442822048
5967768.7342299465
5964167.693256194
7001782.306237075
6888466.552825225
5964167.693256194
5959569.474946376
1482127.951928757
9446645.327776123
5959569.474946376
5959426.311739065
5017554.459005138
4847580.73763672
5959426.311739065
5963923.537790142
9385225.53678251
2196572.348638826
5963923.537790142
5967676.066830504
7019091.832897842
6867597.175101751
13729366.422375172
5968315.081799547
2196001.442822048
7579448.001980118
5968315.081799547
5968310.05916944
7433390.751310068
2648467.5884960936
5968310.05916944
5966380.412352162
9133017.287935553
3959835.830578878
5966380.412352162
5961630.266415382
4208274.736157563
9028206.405386038
5961630.266415382
5958728.1168871885
2196572.348638826
7585017.26644809
5958728.1168871885
5961397.928998609
7439603.572371126
2647776.303598308
5961397.928998609
5966196.175297278
9148574.994543074
3939694.001909141
5966196.175297278
5968287.659627096
4227483.49725277
9012240.832882537
11620526.374873502
5968360.826592709
2648467.5884960936
9545287.867438383
5968360.826592709
5968352.935990137
4607251.611252343
5405262.50646388
5968352.935990137
5967770.2465587575
9324506.514656052
1503578.1395236726
5967770.2465587575
5964167.212001739
7025266.910112952
6724644.082368019
5964167.212001739
5959568.773218501
2647776.303598308
9553383.151838817
5959568.773218501
5959426.894064825
4616778.777324774
5405016.495734432
5959426.894064825
5963922.532963485
9330236.469333729
1482127.951928757
5963922.532963485
5967675.911901011
7045618.314963559
6706658.332879971
