5968286.602988379
5968313.783401504
2305375.2997083524
7609866.25192519
5968313.783401504
5968314.710328361
7192617.835899372
2734278.4967586687
5968314.710328361
5966414.0466619935
9241204.710256811
3912800.815188565
5966414.0466619935
5961675.993002641
5015043.619489269
9007707.878310781
5961675.993002641
5958730.419538374
2321315.860142785
7615305.615344562
5958730.419538374
5961351.706202422
7195635.310830009
2733372.0333471918
5961351.706202422
5966159.18681637
9256497.45266252
3892478.100016171
5966159.18681637
5968286.602988379
5038212.23150467
8991669.954463024
11499383.043104853
5968353.529124228
4566868.860909388
4886821.631352296
5968353.529124228
5967785.369510263
9304616.25522095
2109980.124426561
5967785.369510263
5964213.07714576
7058042.259813894
6861554.313662726
5964213.07714576
5959599.905908526
2733372.0333471918
9470994.86438297
5959599.905908526
5959398.525783217
4576631.1025193175
4894829.10323222
5959398.525783217
5963879.649003993
9310422.137266524
2110825.393817743
5963879.649003993
5967655.312934369
7078287.134274089
6840595.790410071
5967655.312934369
5968360.071803429
2734278.4967586687
9465794.335728168
9168919.818193445
5968314.476807651
2109980.124426561
7571215.302978549
5968314.476807651
5968314.518631558
7408424.363319451
2305375.2997083524
5968314.518631558
5966413.877437149
9158264.292483486
4628622.759003009
5966413.877437149
5961676.846045768
4262713.356079458
8950079.727649845
5961676.846045768
5958730.27308038
2110825.393817743
7572854.209673502
5958730.27308038
5961352.067111954
7414751.991704471
2321315.860142785
5961352.067111954
5966160.533783814
9173737.846197259
4617388.61132567
5966160.533783814
5968283.791305106
4281750.225922719
8933915.258022385
