5964424.094358644
5967863.269228873
6425134.93614552
7218708.235758314
5967863.269228873
5968348.733172902
1654818.175578523
9223397.759309642
5968348.733172902
5968362.668015361
5748084.715849318
4399068.5411907835
5968362.668015361
5967564.518279773
9570285.444282366
3125968.1218875716
5967564.518279773
5963660.947681348
6406414.23175415
7238449.447350457
5963660.947681348
5959285.206433167
1635023.4411809763
9229520.426452382
5959285.206433167
5959735.9478700375
5757754.713432518
4409834.941720137
5959735.9478700375
5964424.094358644
9578285.494845893
3124143.5013916064
15140486.136946011
5968331.64713452
3715667.087287651
9282709.52406797
5968331.64713452
5968315.713023438
3125968.1218875716
7306161.259438371
5968315.713023438
5968256.360935453
7759273.4486408485
1716902.643575652
5968256.360935453
5965993.217722511
8907647.510969618
4541808.5203986615
5965993.217722511
5961150.625115806
3694542.109188372
9297769.849313416
5961150.625115806
5958747.90032689
3124143.5013916064
7312959.569708406
5958747.90032689
5961883.756269578
7764074.582159499
1719208.0873247418
5961883.756269578
5966567.205358901
8923976.375947671
4523534.791296837
11783684.014906256
5967861.128983304
6751160.923425249
7323719.134843399
5967861.128983304
5968349.298313754
1716902.643575652
9170487.788272481
5968349.298313754
5968363.014192203
5116329.49567179
4607034.801469619
5968363.014192203
5967565.315644268
9586319.448762637
1654818.175578523
5967565.315644268
5963659.753056575
6729821.326191136
7340339.864008197
5963659.753056575
5959286.160970124
1719208.0873247418
9173443.885828981
5959286.160970124
5959735.971466246
5123171.893399737
4609365.937518132
5959735.971466246
5964425.161939257
9591073.008993791
1635023.4411809763
