5965201.103363456
5968093.034091577
5608820.761025341
7973231.205146963
5968093.034091577
5968329.652842129
2728720.423442337
8568779.847547052
5968329.652842129
5968365.099761967
6144066.227062024
4071755.975153558
5968365.099761967
5967152.185769753
9702731.867747271
3321849.1394876717
5967152.185769753
5962819.470213771
5587736.69256039
7990813.551435931
5962819.470213771
5958942.252707378
2714852.698471497
8570502.635860855
5958942.252707378
5960342.775041492
6151664.310319853
4084647.2255341136
5960342.775041492
5965201.103363456
9715195.456530426
3298791.76816866
15232342.346177319
5968364.188976556
3321849.1394876717
9646769.190667126
5968364.188976556
5968326.932349559
4071755.975153558
6276295.817125163
5968326.932349559
5968113.811969888
8466494.82846532
418939.7525947944
5968113.811969888
5965294.822563796
8081643.681172342
5665193.13845018
5965294.822563796
5960428.987670998
3298791.76816866
9657288.997016072
5960428.987670998
5958911.205090406
4084647.2255341136
6278311.933655439
5958911.205090406
5962713.413953212
8468569.940462966
437623.0111180705
5962713.413953212
5967092.4655696405
8098937.964494294
5649346.470205487
12194241.34044434
5968092.303600959
5816823.18338027
8114230.964455228
5968092.303600959
5968329.791060572
418939.7525947944
8617647.680358412
5968329.791060572
5968364.885678702
6135941.445698515
3375497.089485576
5968364.885678702
5967152.0671505155
9646769.190667126
2728720.423442337
5967152.0671505155
5962820.031783844
5801228.816443456
8132954.881630075
5962820.031783844
5958941.500924655
437623.0111180705
8622698.203673009
5958941.500924655
5960344.135219936
6138457.734948846
3383361.570152342
5960344.135219936
5965200.707460684
9657288.997016072
2714852.698471497
