5968362.982497936
5968352.310087064
4776530.917969559
4997905.488933361
5968352.310087064
5967823.357786847
9256827.269481674
1915452.0361514373
5967823.357786847
5964317.577107452
7189165.881136981
6804310.462825512
5964317.577107452
5959665.182358383
1554376.7052480092
9528614.217934258
5959665.182358383
5959341.810467337
4778257.513305759
5005340.919481519
5959341.810467337
5963770.939266483
9259474.020192416
1916968.772804786
5963770.939266483
5967611.043262038
7206069.2534888275
6783155.522660432
5967611.043262038
5968362.982497936
1575000.9758858187
9523630.080066973
9523630.080066973
5968323.135038261
7355367.968690839
2928160.6439718795
5968323.135038261
5966489.236734112
9217993.710696302
3811453.448672673
5966489.236734112
5961778.126138784
4389394.570005904
8964217.668141011
5961778.126138784
5958737.311008789
1916968.772804786
7686818.110060105
5958737.311008789
5961251.012501441
7361936.713492169
2926788.8748274026
5961251.012501441
5966081.984445186
9233268.954661887
3790727.4526145174
5966081.984445186
5968269.2999597415
4408044.77036184
8948030.07799388
5968269.2999597415
5968315.143590819
1915452.0361514373
7681686.750093666
5646159.626207708
5968350.883794255
4480302.606688571
5646159.626207708
5968350.883794255
5967824.653402219
9262425.63447436
1575000.9758858187
5967824.653402219
5964316.729649921
7135337.472616098
6547633.454547227
5964316.729649921
5959666.135597563
2926788.8748274026
9564853.821012044
5959666.135597563
5959342.366247352
4490574.020740904
5645234.903190375
5959342.366247352
5963771.615124034
9268395.144782074
1554376.7052480092
5963771.615124034
5967611.034157686
7155338.923215421
6529221.938304197
5967611.034157686
5968363.072545504
2928160.6439718795
9556802.822837615
