5968139.031106647
5968325.260647303
3050830.5522346543
8375659.565131923
5968325.260647303
5968361.54194708
6293796.583709418
4080347.8932361347
5968361.54194708
5967035.443927181
9613043.900609294
3332370.465969828
5967035.443927181
5962616.4609346595
5430676.658633762
8198720.897966185
5962616.4609346595
5958881.129564734
3037776.523744634
8378065.039241236
5958881.129564734
5960510.830658689
6300664.811939685
4093180.022992835
5960510.830658689
5965376.096763839
9625816.45434103
3309372.8224656577
5965376.096763839
5968139.031106647
5452290.439041797
8181682.577193722
12399546.878167693
5968331.756153175
4080347.8932361347
6010010.357575031
5968331.756153175
5968068.486063315
8663309.044727875
495520.9804020033
5968068.486063315
5965111.467590705
7876821.848195091
5955074.225367242
5965111.467590705
5960268.765726881
3309372.8224656577
9660905.308214432
5960268.765726881
5958972.569494679
4093180.022992835
6013005.151336031
5958972.569494679
5962921.984046362
8664700.203092085
511209.9566415325
5962921.984046362
5967204.587508998
7894661.201687087
5939698.912970797
5967204.587508998
5968366.907325432
3332370.465969828
9650398.948154025
10273478.236139609
5968325.379366451
495520.9804020033
8516496.660441805
5968325.379366451
5968363.434139131
6404723.574997519
3108279.9668687093
5968363.434139131
5967034.3590389965
9650398.948154025
3050830.5522346543
5967034.3590389965
5962616.352448994
5512557.592393593
8246458.918341881
5962616.352448994
5958880.30368106
511209.9566415325
8521957.907435413
5958880.30368106
5960510.815128219
6406280.498395191
3117748.212253266
5960510.815128219
5965378.798723007
9660905.308214432
3037776.523744634
5965378.798723007
5968136.534419685
5528640.989041283
8228112.506484507
