5967953.3114856575
5968341.755569548
1960721.8005314155
9114997.024491575
5968341.755569548
5968365.326437093
5843529.424919744
4221647.868528445
5968365.326437093
5967430.482613932
9627916.80533622
3503900.540908534
5967430.482613932
5963368.370939851
6092187.37110579
7480925.793890813
5963368.370939851
5959146.115394014
1943409.7040130026
9114953.723339392
5959146.115394014
5959936.7553133955
5852680.543589901
4233535.899186847
5959936.7553133955
5964703.366098264
9635698.178934766
3481797.843005078
5964703.366098264
5967953.3114856575
6111746.982913215
7461917.438449596
13071134.282785403
5968318.677993195
3653023.8778263484
7003512.94274742
5968318.677993195
5968214.6058874205
7986275.644897789
1190997.1249703963
5968214.6058874205
5965755.767336194
8657999.408086907
4919321.8242880795
5965755.767336194
5960889.485608998
3481797.843005078
9487606.330489913
5960889.485608998
5958782.890609274
3650132.6331238807
7003168.450204402
5958782.890609274
5962175.404670818
7990150.474029214
1196178.238698016
5962175.404670818
5966761.73311128
8673852.839570584
4902000.194046968
5966761.73311128
5968347.1760161705
3503900.540908534
9473159.980512552
10995013.630918993
5968341.326869798
1190997.1249703963
8953468.127642924
5968341.326869798
5968366.773952197
5454391.176246372
4158461.772987166
5968366.773952197
5967431.658697048
9710987.573167337
1960721.8005314155
5967431.658697048
5963367.221730504
6579906.09129171
7705267.255392658
5963367.221730504
5959146.375211614
1196178.238698016
8957214.90807516
5959146.375211614
5959937.698872531
5459662.467116587
4162534.7318135
5959937.698872531
5964702.046316898
9721272.756071202
1943409.7040130026
5964702.046316898
5967952.967306551
6594377.513002625
7689380.923803179
