5968293.6324485
5968315.672597034
2287863.926962523
7552937.986741058
5968315.672597034
5968307.203562474
7289336.218610311
2571645.8324263073
5968307.203562474
5966348.808692863
9158967.949646112
4003014.545540166
5966348.808692863
5961590.252645917
5007027.689598894
9047198.320125587
5961590.252645917
5958727.487986106
2303986.2639811966
7558622.688558603
5958727.487986106
5961436.000004954
7291987.013649801
2571154.0690292413
5961436.000004954
5966226.338032876
9174490.154088844
3983030.1520758667
5966226.338032876
5968293.6324485
5030227.850169004
9031296.380557222
11414942.410330415
5968355.172647663
4644429.700841028
4797704.764940676
5968355.172647663
5967752.730016756
9342937.508796908
2272958.0915294336
5967752.730016756
5964125.835424558
6996687.3486211365
6913359.2793878615
5964125.835424558
5959545.5368885305
2571154.0690292413
9425456.543285541
5959545.5368885305
5959448.30889963
4653748.046407742
4806183.931893921
5959448.30889963
5963968.381774296
9348595.508438071
2273293.5506431265
5963968.381774296
5967690.610846226
7017129.815723165
6892574.944418746
5967690.610846226
5968359.049098429
2571645.8324263073
9420085.84041702
9055879.068815941
5968314.364631666
2272958.0915294336
7470534.0590575375
5968314.364631666
5968306.829789621
7456495.005739317
2287863.926962523
5968306.829789621
5966349.70536652
9111041.074005725
4777458.783884023
5966349.70536652
5961590.823769067
4160434.6343768267
9027841.398425767
5961590.823769067
5958726.6328578
2273293.5506431265
7472527.234782096
5958726.6328578
5961436.027186246
7462604.799753268
2303986.2639811966
5961436.027186246
5966228.557082565
9126673.057422476
4766298.975856234
5966228.557082565
5968293.384221584
4179800.616723714
9011903.092128543
