5966998.302824861
5968360.294864993
3163046.7727284916
9655131.339718657
5968360.294864993
5968324.323478399
3022049.359922026
6497531.630957012
5968324.323478399
5968148.249454717
8485395.190776458
580434.0407815786
5968148.249454717
5965439.944869566
8270367.175870341
5431231.277906718
5965439.944869566
5960565.725223666
3150230.7083513592
9665620.144943492
5960565.725223666
5958863.107540337
3032072.6527550113
6498781.252038502
5958863.107540337
5962544.850301794
8490982.502114186
593662.2928291176
5962544.850301794
5966998.302824861
8288577.048904959
5414965.718069668
14615480.035972198
5968333.493232583
580434.0407815786
8732159.1022786
5968333.493232583
5968366.107725791
5920473.696973494
4091530.9363073073
5968366.107725791
5967241.461758293
9655131.339718657
3346046.9779008445
5967241.461758293
5962989.8841324765
6039491.24770185
7826805.068804065
5962989.8841324765
5958996.48490112
593662.2928291176
8733325.936409915
5958996.48490112
5960216.896374922
5923805.589725177
4104286.4069166514
5960216.896374922
5965048.990037221
9665620.144943492
3323124.7019520407
5965048.990037221
5968052.683432053
6054712.577249207
7808780.356736326
12289466.090193652
5968362.065081476
3346046.9779008445
9585512.187538678
5968362.065081476
5968324.126979884
4091530.9363073073
6348972.738812942
5968324.126979884
5968147.200020059
8311634.693320961
3022049.359922026
5968147.200020059
5965440.841367329
8254472.2871796815
5403624.8108412335
5965440.841367329
5960565.412889936
3323124.7019520407
9598378.888125593
5960565.412889936
5958864.5635424275
4104286.4069166514
6355583.837570688
5958864.5635424275
5962545.577600112
8314267.70377402
3032072.6527550113
5962545.577600112
5966996.639398915
8271322.343655475
5381840.678272157
