5967927.305420828
5968343.499396137
1855608.8276257035
9162144.532671556
5968343.499396137
5968366.286023719
5809092.8850637255
4269178.976274392
5968366.286023719
5967472.330662307
9607053.826705512
3492827.8450017916
5967472.330662307
5963457.195486291
6185485.432456916
7404103.350176957
5963457.195486291
5959187.590242469
1837548.6003488111
9168507.589647967
5959187.590242469
5959876.380869524
5818429.872654244
4280759.630872653
5959876.380869524
5964615.744165176
9614914.994897665
3490247.164873387
5964615.744165176
5967927.305420828
6204789.3195515685
7384866.31363397
13148248.878765987
5968318.129716364
3492827.8450017916
7124944.963405183
5968318.129716364
5968227.757265364
7914254.600330915
1349810.8796267766
5968227.757265364
5965829.4140713
8756420.96222757
4801601.866649211
5965829.4140713
5960968.352945442
3539174.848394441
9427200.320905289
5960968.352945442
5958769.051207669
3490247.164873387
7124248.489892883
5958769.051207669
5962087.333627757
7918416.894779372
1353950.820123758
5962087.333627757
5966703.033448217
8772039.452216873
4784002.305896637
5966703.033448217
5968342.691193482
3561000.7221316597
9412560.697579497
11072613.653986173
5968344.4651897345
1349810.8796267766
9017304.90879075
5968344.4651897345
5968364.871929913
5348405.677903679
4294137.587393295
5968364.871929913
5967473.349937494
9712186.266839355
1855608.8276257035
5967473.349937494
5963457.75269299
6645713.267215285
7593338.29825046
5963457.75269299
5959186.711705605
1353950.820123758
9020814.972210322
5959186.711705605
5959875.0690556085
5354151.93170857
4297658.802736762
5959875.0690556085
5964617.554144806
9716493.779870264
1837548.6003488111
5964617.554144806
5967926.193851837
6667346.45036872
7577230.657480323
