5964222.805589274
5967788.741439103
6661305.561636516
7063285.214671684
5967788.741439103
5968353.426157286
1522994.4897393342
9301550.59334624
5968353.426157286
5968361.092321053
5490769.872452452
4560620.735141726
5968361.092321053
5967652.361803983
9548366.788871178
2747798.244872798
5967652.361803983
5963868.257462601
6643171.06467061
7083514.496208942
5963868.257462601
5959396.370396471
1501776.277040209
9307370.192286396
5959396.370396471
5959602.529741235
5490271.305971189
4570422.16001361
5959602.529741235
5964222.805589274
9556449.694882236
2746847.373725394
15092497.629451962
5968315.958145079
3905509.2738564727
9162308.529990565
5968315.958145079
5968314.450039527
2747798.244872798
7404573.076129058
5968314.450039527
5968280.757555829
7614737.779653744
2096422.996661516
5968280.757555829
5966155.5229584295
8988500.806668675
4290390.222336338
5966155.5229584295
5961342.637215716
3885161.1227864074
9177767.41754386
5961342.637215716
5958733.4240748
2746847.373725394
7410922.754924108
5958733.4240748
5961682.4213887835
7620152.73657759
2097319.122862841
5961682.4213887835
5966420.546300617
9004549.476389892
4271379.501506842
11651618.965696754
5967789.980670535
6857402.971556319
7067923.118033985
5967789.980670535
5968353.718752208
2096422.996661516
9337668.613674289
5968353.718752208
5968359.244386043
4894400.663632557
4931324.571575436
5968359.244386043
5967653.224230429
9469709.234182807
1522994.4897393342
5967653.224230429
5963868.263311013
6836428.5025096
7085086.927092473
5963868.263311013
5959396.17220874
2097319.122862841
9340040.145968674
5959396.17220874
5959602.440838752
4902364.445157886
4932535.241370069
5959602.440838752
5964223.157998758
9474892.050934188
1501776.277040209
