5967850.687262171
5968350.962478112
1627026.0250735178
9235362.140116373
5968350.962478112
5968362.4729068335
5740141.933604234
4424091.362116046
5968362.4729068335
5967579.2704707375
9565517.282856395
3063068.667976655
5967579.2704707375
5963696.721916218
6445205.966584391
7211537.381537239
5963696.721916218
5959301.662925722
1606952.9437487526
9241436.278690595
5959301.662925722
5959715.539449361
5749856.729183753
4434705.885553058
5959715.539449361
5964388.432208234
9573535.430430317
3061384.7872153735
5964388.432208234
5967850.687262171
6463828.981013356
7191712.56669105
13349371.329306414
5968315.7965852795
3063068.667976655
7321256.587197777
5968315.7965852795
5968260.444052841
7734138.404565142
1780029.1299807604
5968260.444052841
5966019.967953557
8920027.134762313
4498762.665076664
5966019.967953557
5961183.772072158
3724248.8908168534
9276851.185160719
5961183.772072158
5958742.106646315
3061384.7872153735
7327986.654818059
5958742.106646315
5961853.573946652
7739042.754843803
1782076.060780485
5961853.573946652
5966541.9364197645
8936312.624747485
4480370.882964293
5966541.9364197645
5968328.6069874065
3745246.25716227
9261722.102105474
11269784.69594638
5968349.277664601
1780029.1299807604
9197670.239646517
5968349.277664601
5968363.7675377475
5078135.6866035955
4660891.864998107
5968363.7675377475
5967578.269439773
9565986.37374861
1627026.0250735178
5967578.269439773
5963696.884053153
6746192.648952562
7297468.944009704
5963696.884053153
5959302.961816155
1782076.060780485
9200529.07698326
5959302.961816155
5959714.574149528
5085166.146435073
4663027.621851732
5959714.574149528
5964389.415509138
9570814.83597255
1606952.9437487526
5964389.415509138
5967850.465520338
6767474.648968162
7280759.9910673965
