5967733.1632908
5968356.929390198
1485993.4997476751
9368831.422142737
5968356.929390198
5968358.494843718
5249714.390884889
4696289.656422532
5968358.494843718
5967712.399999497
9509714.421361
2467588.336316035
5967712.399999497
5964022.57282511
6823527.413911428
6979703.298329794
5964022.57282511
5959481.360886784
1464325.11383585
9374393.194915023
5959481.360886784
5959511.230338011
5249917.645087992
4705322.561180836
5959511.230338011
5964069.784827749
9511504.561159385
2467365.116444229
5964069.784827749
5967733.1632908
6841238.200442382
6959137.180971672
13614048.3370916
5968314.771394677
2467588.336316035
7488913.428042054
5968314.771394677
5968296.645146823
7518132.53789349
2377113.736464586
5968296.645146823
5966270.514255922
9058066.3805827
4116612.098654973
5966270.514255922
5961488.600403012
4043278.186327247
9097951.808926253
5961488.600403012
5958726.651730671
2467365.116444229
7494882.801867226
5958726.651730671
5961538.183460241
7523967.6690555895
2377153.280008336
5961538.183460241
5966307.484356345
9073877.685788516
4097032.4638053766
5966307.484356345
5968302.915273005
4063042.97725434
9082224.186749225
11517259.848078651
5968357.123313599
2377113.736464586
9467020.19670195
5968357.123313599
5968356.803433119
4742733.575319083
5171999.767471234
5968356.803433119
5967713.670264974
9392202.16579494
1485993.4997476751
5967713.670264974
5964020.671647783
6927596.01574757
6900124.141332213
5964020.671647783
5959480.5988943055
2377153.280008336
9468955.754997788
5959480.5988943055
5959512.25567553
4751504.918860236
5172446.225991712
5959512.25567553
5964069.932696186
9397675.152844034
1464325.11383585
5964069.932696186
5967734.178683737
6948266.884944205
6882547.104572632
