5968368.01268294
5968336.543963611
3869392.337336548
5691292.485314339
5968336.543963611
5968005.746169958
8822880.951477371
857894.2845599845
5968005.746169958
5964881.972841534
7933534.051821175
6315285.088513358
5964881.972841534
5960078.30898796
2198603.908466035
9686191.653952872
5960078.30898796
5959064.689011156
3874729.4681196776
5695555.404468218
5959064.689011156
5963172.692463855
8827119.232351951
866216.2781395519
5963172.692463855
5967337.625881715
7948952.479668429
6300434.303160485
5967337.625881715
5968368.01268294
2214447.023550391
9675778.891315896
9905181.773799853
5968354.697893272
6741181.316106114
3998060.9896537894
5968354.697893272
5966883.925397163
9611451.8672865
3405144.6212272597
5966883.925397163
5962364.727851777
5163856.568869542
8463777.39332807
5962364.727851777
5958821.20152806
866216.2781395519
8153185.162555417
5958821.20152806
5960719.422764163
6741629.854211571
3994547.9383461257
5960719.422764163
5965598.036989029
9625466.775750836
3382536.508670839
5965598.036989029
5968181.930810366
5180606.310445889
8447412.537513586
5968181.930810366
5968321.632951232
857894.2845599845
8149941.380568574
6568771.027382424
5968336.898686188
4140016.9193019685
5933508.25790582
5968336.898686188
5968005.879106343
8914976.750394331
2214447.023550391
5968005.879106343
5964882.1846494535
7636643.381411062
5918997.818133785
5964882.1846494535
5960078.1565951975
3382536.508670839
9690372.443580795
5960078.1565951975
5959065.965680868
4152442.8081901944
5942183.694886255
5959065.965680868
5963173.237790223
8915546.374011181
2198603.908466035
5963173.237790223
5967335.4289898
7655148.380563212
5898882.629362488
5967335.4289898
5968368.934360943
3405144.6212272597
9682795.08204379
