5968353.976917402
5968361.73633664
5661628.398605964
4472629.864798398
5968361.73633664
5967607.295441662
9557843.166142717
2946105.7013605502
5967607.295441662
5963759.987254137
6517984.995503523
7162691.581287309
5963759.987254137
5959337.358195404
1560742.6455910641
9264701.049793348
5959337.358195404
5959670.645574009
5660656.204991824
4482950.003357851
5959670.645574009
5964329.528412445
9565889.396176005
2944684.117304207
5964329.528412445
5967825.081689038
6536423.818906222
7142715.361842127
5967825.081689038
5968353.976917402
1581298.8909542747
9258718.102748472
9258718.102748472
5968268.889321284
7688549.238536809
1897438.922283518
5968268.889321284
5966070.388914748
8944191.687105961
4419982.541351874
5966070.388914748
5961242.388727923
3781676.827789699
9238963.119961454
5961242.388727923
5958737.790394241
2944684.117304207
7357288.380044918
5958737.790394241
5961787.796866481
7693647.170475715
1899030.360391237
5961787.796866481
5966500.232728178
8960394.310881302
4401361.795411204
5966500.232728178
5968323.140764976
3802434.2856455166
9223708.759014793
5968323.140764976
5968315.5257921815
2946105.7013605502
7350695.465212421
4761141.998920401
5968363.133958563
5008442.400768065
4761141.998920401
5968363.133958563
5967604.894540372
9529165.404110378
1581298.8909542747
5967604.894540372
5963760.731799955
6778095.516575941
7218179.452677915
5963760.731799955
5959337.399299659
1899030.360391237
9251571.267609384
5959337.399299659
5959672.351422077
5015820.625511083
4762925.179974369
5959672.351422077
5964328.536484485
9534127.373147085
1560742.6455910641
5964328.536484485
5967826.460210393
6799268.443925806
7201304.704220173
5967826.460210393
5968352.423817541
1897438.922283518
9248892.97798256
