5966556.194846522
5968330.68914437
4297192.286579707
9272170.563874817
5968330.68914437
5968316.786054227
2386690.507100261
7313642.935505111
5968316.786054227
5968258.091434196
7798891.688238238
1748455.3813681297
5968258.091434196
5966007.67641405
8766837.38322824
4520232.997454141
5966007.67641405
5961165.434780639
4285756.9035163475
9287266.27892628
5961165.434780639
5958746.0598198585
2401815.2299268167
7320406.749091678
5958746.0598198585
5961865.086895685
7799752.5605575405
1750630.0376681176
5961865.086895685
5966556.194846522
8783498.312439831
4501897.381966318
14922003.937281383
5968349.399177502
1748455.3813681297
9229325.17189998
5968349.399177502
5968363.304025689
5097176.17482432
4411481.935677029
5968363.304025689
5967571.499721846
9576109.189525636
3094526.4203879707
5967571.499721846
5963679.101318497
6737935.503774524
7224940.432688321
5963679.101318497
5959293.603342587
1750630.0376681176
9235425.349147547
5959293.603342587
5959728.334737002
5104111.022618092
4422172.871641679
5959728.334737002
5964406.151289705
9580901.790074527
3092772.5582038085
5964406.151289705
5967855.35106962
6759245.80969104
7205159.187041739
12427605.629971813
5968330.495251106
3730347.7948205867
9404564.156183343
5968330.495251106
5968315.247428449
3094526.4203879707
6983839.601473746
5968315.247428449
5968259.206715507
7746655.166321379
2386690.507100261
5968259.206715507
5966007.1919343015
8913781.298517628
5075910.962355646
5966007.1919343015
5961165.861362658
3709285.80128378
9418075.52915854
5961165.861362658
5958744.718303865
3092772.5582038085
6987683.612048996
5958744.718303865
5961867.084763998
7751508.135851885
2401815.2299268167
5961867.084763998
5966555.743790361
8930089.477060685
5052894.367138088
