5968297.695619476
5968314.4621056095
2284759.769713547
7534628.25157773
5968314.4621056095
5968304.4525466645
7321921.293473516
2517384.3161357515
5968304.4525466645
5966327.132920203
9131862.932928238
4034099.4158241753
5966327.132920203
5961561.858339907
4989066.566802665
9060973.701849412
5961561.858339907
5958727.748601494
2300913.4923871676
7540394.682501671
5958727.748601494
5961464.053401917
7324451.2633132115
2517035.974348922
5961464.053401917
5966248.357969888
9147461.965147959
4014228.819972376
5966248.357969888
5968297.695619476
5000130.36872684
9045118.860445688
11386852.505247213
5968355.938526924
4671260.679556775
4768834.553149169
5968355.938526924
5967741.594402787
9356307.112134874
2327283.752009357
5967741.594402787
5964096.802177185
6976939.333191283
6931391.941923597
5964096.802177185
5959528.036290238
2517035.974348922
9410839.086810697
5959528.036290238
5959465.275009481
4680428.234051653
4777470.304679311
5959465.275009481
5963997.748834469
9361914.349968472
2327458.2275237893
5963997.748834469
5967702.555622515
6997445.9649345465
6910667.262920092
5967702.555622515
5968358.7161766635
2517384.3161357515
9405413.153422136
9017861.115827618
5968314.924561559
2327283.752009357
7437250.418619328
5968314.924561559
5968303.1638700785
7473241.443466197
2284759.769713547
5968303.1638700785
5966327.901603984
9095877.05796299
4827003.805194315
5966327.901603984
5961562.340270919
4127169.1407448146
9054121.20194115
5961562.340270919
5958727.488824274
2327458.2275237893
7439363.899394681
5958727.488824274
5961463.6504566455
7479276.915007338
2300913.4923871676
5961463.6504566455
5966250.534695545
9111560.708747204
4815866.813645176
5966250.534695545
5968296.016789701
4146646.1996063683
9038258.038648441
