5968302.838988052
5968315.941488163
2283721.496334745
7481761.95832119
5968315.941488163
5968296.03394349
7420636.265690469
2354490.6791548324
5968296.03394349
5966261.622319125
9051525.154600924
4130201.4871510034
5966261.622319125
5961477.28833152
4840683.687087603
9104099.229107467
5961477.28833152
5958725.78707942
2299886.709267831
7487761.071500251
5958725.78707942
5961547.877734673
7422803.19742274
2354596.2512340625
5961547.877734673
5966318.450366024
9067352.005042182
4110665.511348185
5966318.450366024
5968302.838988052
4851806.091036084
9088391.32649678
11302785.30241885
5968357.4111099
4754538.539978949
4684875.954489791
5968357.4111099
5967707.458488079
9398170.645561796
2490198.415280874
5967707.458488079
5964008.680944429
6919871.657883132
6987720.647655674
5964008.680944429
5959475.549577035
2354596.2512340625
9368699.343796123
5959475.549577035
5959517.267987684
4763246.551038896
4693973.314682585
5959517.267987684
5964085.821137013
9403619.769813448
2489915.2978308396
5964085.821137013
5967736.359488865
6940565.981502403
6967182.4135593455
5967736.359488865
5968356.735822583
2354490.6791548324
9363113.875119485
8902810.107884895
5968315.0535126645
2490198.415280874
7338302.717701709
5968315.0535126645
5968296.379339806
7525586.307611319
2283721.496334745
5968296.379339806
5966261.726960042
9052157.037943007
4975393.366923935
5966261.726960042
5961476.543047597
4030038.672339121
9133982.70431859
5961476.543047597
5958726.933165484
2489915.2978308396
7340776.263043437
5958726.933165484
5961547.753680173
7531389.85589116
2299886.709267831
5961547.753680173
5966316.861004057
9067988.332021678
4964316.638384503
5966316.861004057
5968304.607440028
4049853.7805728633
9118345.611809049
