5968286.527414186
5968313.665554494
2298181.99165549
7590559.722128843
5968313.665554494
5968312.119846391
7224680.290651937
2680096.120603064
5968312.119846391
5966392.778621466
9213642.155943966
3942350.516797074
5966392.778621466
5961647.340901053
5011744.473787998
9020563.558375742
5961647.340901053
5958728.988166578
2314196.730920857
7596082.6646439675
5958728.988166578
5961379.721428537
7227574.926112153
2679325.0022313455
5961379.721428537
5966184.751840147
9229011.270716941
3922140.8541548774
5966184.751840147
5968286.527414186
5034925.424591618
9004569.880134838
11471207.939733636
5968354.304156399
4592223.2068717135
4856708.033755008
5968354.304156399
5967774.527762291
9317089.679811008
2164302.003079876
5967774.527762291
5964184.569991468
7037243.967424419
6878436.022542275
5964184.569991468
5959581.540308967
2679325.0022313455
9455538.053254686
5959581.540308967
5959415.212845805
4601838.607903622
4864873.2266409425
5959415.212845805
5963909.400529408
9322847.430773143
2164972.058160197
5963909.400529408
5967667.113087132
7057555.054493917
6857534.337100855
5967667.113087132
5968359.791129494
2680096.120603064
9450279.863223007
9131406.763179308
5968314.637424256
2164302.003079876
7537520.143578513
5968314.637424256
5968312.290564632
7424083.977569387
2298181.99165549
5968312.290564632
5966392.36978979
9142237.424041597
4678266.962382456
5966392.36978979
5961646.915120579
4228218.534882648
8975818.75591496
5961646.915120579
5958729.909353232
2164972.058160197
7539277.599940821
5958729.909353232
5961379.227446924
7430340.501616823
2314196.730920857
5961379.227446924
5966183.106418232
9157764.698226316
4667056.70094269
5966183.106418232
5968287.029232974
4247365.336730922
8959727.466265619
