5966576.655845608
5968331.894213999
4247437.879628185
9290285.959239012
5968331.894213999
5968316.949715618
2403663.196568716
7300902.98601546
5968316.949715618
5968254.51420524
7833456.211670209
1694392.9219302079
5968254.51420524
5965983.53898351
8742564.655382946
4557272.968952667
5965983.53898351
5961138.837795077
4235967.532215534
9305322.347560812
5961138.837795077
5958747.288977365
2418623.82292595
7307725.240137571
5958747.288977365
5961896.189668542
7834202.519850519
1696796.2944899462
5961896.189668542
5966576.655845608
8759297.681461241
4539040.085678042
14910753.498600567
5968348.762476423
1694392.9219302079
9219232.414404603
5968348.762476423
5968363.342052791
5130068.505963057
4390332.852443003
5968363.342052791
5967558.462463292
9593660.486124447
3148401.180907144
5967558.462463292
5963649.517524189
6724118.681383067
7248154.978935838
5963649.517524189
5959278.332872645
1696796.2944899462
9225371.58933769
5959278.332872645
5959747.334118174
5136842.770360753
4401152.090045653
5959747.334118174
5964435.0477878805
9598389.744461274
3146530.686594219
5964435.0477878805
5967865.224395792
6745476.700654262
7228445.81515774
12424372.854276543
5968332.88467114
3705322.8251130916
9408885.93502907
5968332.88467114
5968314.9788733525
3148401.180907144
6953322.338679572
5968314.9788733525
5968255.997251326
7768341.4062801255
2403663.196568716
5968255.997251326
5965982.131792795
8903336.703587905
5083908.7873574635
5965982.131792795
5961139.983763643
3684153.4861666597
9422381.181770848
5961139.983763643
5958747.41093399
3146530.686594219
6957289.242011554
5958747.41093399
5961895.965679227
7773103.628034641
2418623.82292595
5961895.965679227
5966576.683480219
8919681.271605024
5060923.815826375
