5968182.771636622
5968321.945798623
2825834.84834768
8160761.398200162
5968321.945798623
5968355.002802687
6490799.696164054
4020060.8226311738
5968355.002802687
5966892.175286523
9525476.686229877
3400041.9124077167
5966892.175286523
5962377.3626422025
5274290.281081051
8450462.090828551
5962377.3626422025
5958822.351175741
2837243.564513568
8163963.429842228
5958822.351175741
5960711.862500907
6496749.31327778
4016511.356305735
5960711.862500907
5965582.052851311
9538556.124387322
3377409.149208569
5965582.052851311
5968182.771636622
5296461.493467649
8434061.543192215
12176594.738003464
5968336.817829628
4135819.915979881
5706773.208990986
5968336.817829628
5968008.2181421565
8902315.074903557
837407.6871554261
5968008.2181421565
5964894.192849867
7648176.883781867
6297413.353949029
5964894.192849867
5960087.256267948
3377409.149208569
9684403.689082282
5960087.256267948
5959060.214013657
4148274.124837404
5710972.18096524
5959060.214013657
5963163.148259138
8902923.196589915
845992.6721873375
5963163.148259138
5967328.971511864
7666648.104593078
6282541.346687358
5967328.971511864
5968367.696665504
3400041.9124077167
9673983.50083825
10015507.06770881
5968320.876005207
837407.6871554261
8408562.52405845
5968320.876005207
5968355.344538313
6724429.419163909
2825834.84834768
5968355.344538313
5966892.292857286
9620621.21542859
3438775.1981654223
5966892.292857286
5962377.904742002
5180882.67279671
8397516.964230223
5962377.904742002
5958822.863948107
845992.6721873375
8407569.932741702
5958822.863948107
5960710.699302111
6724931.781789409
2837243.564513568
5960710.699302111
5965583.587954466
9634607.995066252
3426429.5051957374
5965583.587954466
5968182.193812194
5197600.383616878
8379661.437103821
