5967471.509874395
5968366.549532599
1866861.854665395
9718626.094862923
5968366.549532599
5968344.21489787
4278980.627141973
5360085.767559915
5968344.21489787
5967927.185080895
9010094.39348941
1332039.5036226052
5967927.185080895
5964626.731919088
7589694.341170236
6663773.131776091
5964626.731919088
5959881.252775404
1848890.441310291
9722912.753766712
5959881.252775404
5959183.390829069
4282552.970657638
5365786.91284469
5959183.390829069
5963445.630912164
9013625.937470585
1336277.1705761612
5963445.630912164
5967471.509874395
7605777.068637086
6642126.3817325
14075167.290849566
5968317.82270261
1332039.5036226052
7922154.440246074
5968317.82270261
5968342.472884819
7111424.629554368
3510685.1968484726
5968342.472884819
5966709.599180947
9419202.000733152
3554302.8588955035
5966709.599180947
5962094.621840156
4797038.292738825
8761076.056569453
5962094.621840156
5958770.685617024
1336277.1705761612
7926289.748078702
5958770.685617024
5960961.703735025
7110758.33245809
3508076.414049659
5960961.703735025
5965821.513515058
9433819.635171901
3532444.6243327707
5965821.513515058
5968227.534283827
4814604.7912818715
8745431.387150954
11911380.94602859
5968367.090562012
3510685.1968484726
9609235.008756833
5968367.090562012
5968344.043283512
4263593.371999617
5812697.794601496
5968344.043283512
5967926.284046371
9159543.76454472
1866861.854665395
5967926.284046371
5964628.093306919
7393326.62798315
6194311.679691625
5964628.093306919
5959879.593127397
3508076.414049659
9617087.284995776
5959879.593127397
5959184.739952396
4275204.834258727
5822017.866427208
5959184.739952396
5963446.530507051
9165915.530758154
1848890.441310291
5963446.530507051
5967469.769577755
7412537.366102927
6174979.313133964
