5964680.944708694
5967943.985925835
6137335.578068808
7440285.933540061
5967943.985925835
5968342.12698406
1930663.1461158057
9140924.142298691
5968342.12698406
5968366.4204688845
5833509.428481846
4234240.199794452
5968366.4204688845
5967442.63096249
9621837.82728236
3519055.45262118
5967442.63096249
5963391.251210346
6117849.103758988
7459357.537594411
5963391.251210346
5959159.412434617
1913144.8947798703
9140804.898133002
5959159.412434617
5959919.528261571
5842713.911945886
4246045.459716944
5959919.528261571
5964680.944708694
9629642.369558293
3497026.282086923
15187570.156483587
5968346.040176678
3519055.45262118
9456122.096533678
5968346.040176678
5968318.129802498
3608599.726858566
7037216.024015139
5968318.129802498
5968218.390385636
7966045.464639456
1234881.9857274317
5968218.390385636
5965777.360884492
8685258.476171639
4886434.709061128
5965777.360884492
5960909.7010117695
3497026.282086923
9470622.952249167
5960909.7010117695
5958782.542333534
3605792.2836593417
7036774.372367504
5958782.542333534
5962147.180737329
7970002.798747914
1239752.5579326116
5962147.180737329
5966746.475221421
8701047.236728394
4869035.818135313
11936364.121607598
5967944.850916007
6630132.464964699
7658198.648858467
5967944.850916007
5968342.902750905
1234881.9857274317
8970975.045143662
5968342.902750905
5968366.285470199
5424734.58244069
4196010.173519654
5968366.285470199
5967443.479116308
9716469.36144483
1930663.1461158057
5967443.479116308
5963389.819059382
6615706.072055566
7674146.438075898
5963389.819059382
5959158.982930909
1239752.5579326116
8974657.68844411
5959158.982930909
5959918.514438332
5430136.667974592
4199929.010716956
5959918.514438332
5964680.4466993455
9726733.60516161
1913144.8947798703
