5968251.438167619
5968315.325922276
2428126.55623871
7797721.388330514
5968315.325922276
5968333.985479243
6912967.112147847
3220186.169283079
5968333.985479243
5966601.16983988
9415164.010267816
3672965.2593610906
5966601.16983988
5961935.252824337
5072576.084343868
8906307.392607624
5961935.252824337
5958749.843190922
2442856.8485982246
7802366.656802419
5958749.843190922
5961106.014460789
6917091.608714555
3218171.2345069814
5961106.014460789
5965952.126692004
9428637.915935045
3651651.600270443
5965952.126692004
5968251.438167619
5095513.914918715
8889917.230955318
11753635.102580609
5968347.0607833
4363047.231352429
5174441.238595049
5968347.0607833
5967877.324495169
9206267.453827426
1622394.0501500205
5967877.324495169
5964472.48271248
7259979.730202484
6727769.230775324
5964472.48271248
5959771.746497776
3218171.2345069814
9622112.7590418
5959771.746497776
5959259.033508615
4374031.445740952
5181009.918244089
5959259.033508615
5963612.425137772
9212455.095782924
1625107.6543346916
5963612.425137772
5967541.590577821
7279592.157908739
6706349.294755196
5967541.590577821
5968364.920208436
3220186.169283079
9617465.949206572
9498685.68445955
5968315.829751066
1622394.0501500205
7879707.077499867
5968315.829751066
5968334.421266267
7284523.316561629
2428126.55623871
5968334.421266267
5966602.576767703
9314853.182692075
4181074.9270037194
5966602.576767703
5961935.245712855
4589048.885070661
8727354.835557383
5961935.245712855
5958749.857306256
1625107.6543346916
7880309.891368587
5958749.857306256
5961105.2310880525
7291421.19192177
2442856.8485982246
5961105.2310880525
5965951.286762117
9329810.551898709
4169550.2061621933
5965951.286762117
5968251.1465342175
4607144.434698163
8710525.13892895
