5966300.592880192
5968301.748498725
4893033.276701085
9076107.253249822
5968301.748498725
5968315.31073393
2282762.530797676
7496127.612820172
5968315.31073393
5968297.864453798
7393084.400178676
2399734.4818929806
5968297.864453798
5966280.772293901
9073682.555609846
4103101.182633444
5966280.772293901
5961498.739854098
4881926.034725418
9091856.827731892
5961498.739854098
5958728.652151255
2298936.7672548653
7502064.693976067
5958728.652151255
5961521.787192436
7395353.408474096
2399708.9831448053
5961521.787192436
5966300.592880192
9089446.592403589
4083472.366920569
15041796.09741835
5968356.968116449
2399734.4818929806
9374596.66132669
5968356.968116449
5968356.744538849
4731005.283295805
4707780.805225152
5968356.744538849
5967717.577513916
9386284.299374953
2444974.2005917467
5967717.577513916
5964033.71059816
6935385.80955697
6971748.3882229775
5964033.71059816
5959488.085665617
2399708.9831448053
9380138.72922164
5959488.085665617
5959506.566023166
4739840.49513281
4716751.893183693
5959506.566023166
5964057.8622742705
9391779.463198181
2444815.105494611
5964057.8622742705
5967728.213379617
6956029.606375965
6951157.066407154
12446656.800071012
5968301.826770309
4076315.0628526616
9095957.900103128
5968301.826770309
5968313.65585837
2444974.2005917467
7365637.288695286
5968313.65585837
5968299.498661783
7510736.41230255
2282762.530797676
5968299.498661783
5966278.956828654
9064028.193312261
4934229.9750135895
5966278.956828654
5961499.89920553
4056596.3636929216
9111656.34111374
5961499.89920553
5958728.14368754
2444815.105494611
7368012.383209141
5958728.14368754
5961523.647427964
7516607.123934261
2298936.7672548653
5961523.647427964
5966300.271073487
9079819.568684725
4923135.367254436
