5965412.803436207
5968142.491164946
5427638.105338284
8217986.560630132
5968142.491164946
5968324.993481981
3064803.4064794993
8343514.717708602
5968324.993481981
5968360.783614356
6321141.614531135
4085417.877244314
5968360.783614356
5967015.2329150615
9599076.210549925
3338574.158889451
5967015.2329150615
5962580.327471127
5405938.398323907
8234928.287460517
5962580.327471127
5958873.542713689
3074552.9516948527
8346037.09440798
5958873.542713689
5960536.135501165
6327878.488206202
4098214.396807617
5960536.135501165
5965412.803436207
9611897.782963678
3315609.099335011
15228873.61867497
5968367.591659133
3338574.158889451
9652542.852041215
5968367.591659133
5968331.575943062
4085417.877244314
5965139.041680722
5968331.575943062
5968059.881431868
8697637.890717201
535663.5251038542
5968059.881431868
5965081.593995938
7842671.583650551
6004862.672633811
5965081.593995938
5960239.701559567
3315609.099335011
9663041.619389333
5960239.701559567
5958987.927286751
4098214.396807617
5968307.782335883
5958987.927286751
5962953.654543662
8698917.274556123
550097.1787561012
5962953.654543662
5967224.0274965
7860603.52460581
5989562.564288776
12276234.620199593
5968142.6267581675
5479859.019784388
8249033.296963761
5968142.6267581675
5968325.771764437
535663.5251038542
8500720.038486373
5968325.771764437
5968359.721462194
6451075.630607201
3064803.4064794993
5968359.721462194
5967015.725270949
9652542.852041215
3106823.9174216846
5967015.725270949
5962580.991271512
5463687.9868171625
8267311.071021058
5962580.991271512
5958871.570762365
550097.1787561012
8506248.281364338
5958871.570762365
5960538.296189018
6452473.539064785
3074552.9516948527
5960538.296189018
5965411.061446772
9663041.619389333
3093889.0770483604
