5966494.714156153
5968324.312710957
4446424.077215121
9219412.648642331
5968324.312710957
5968314.640217524
2343079.3137267767
7354199.901588557
5968314.640217524
5968269.293138987
7695809.861034253
1910970.0980075211
5968269.293138987
5966077.292027254
8840922.066769782
4411010.796821601
5966077.292027254
5961248.415074032
4435091.89738819
9234681.75632352
5961248.415074032
5958737.434873982
2358633.4010046343
7360777.962147957
5958737.434873982
5961780.438132395
7697012.858925316
1912512.7767310308
5961780.438132395
5966494.714156153
8857362.652411908
4392363.568388889
14954593.428549638
5968350.994268028
1910970.0980075211
9261500.288194861
5968350.994268028
5968361.611494567
5000522.392018555
4478389.237946696
5968361.611494567
5967609.752047742
9525002.735747505
2932624.0371969137
5967609.752047742
5963768.505166799
6781894.133905401
7157162.560797422
5963768.505166799
5959339.633783929
1912512.7767310308
9267473.834275711
5959339.633783929
5959669.956057163
5007939.0356436735
4488675.691319857
5959669.956057163
5964319.870981121
9529982.56946502
2931235.5617199903
5964319.870981121
5967825.43010038
6803053.082085828
7137168.682911926
12435786.315527653
5968324.152897199
3809204.326785377
9343467.07530667
5968324.152897199
5968315.690545559
2932624.0371969137
7076685.637179129
5968315.690545559
5968269.013385456
7683391.835595423
2343079.3137267767
5968269.013385456
5966075.930692103
8947071.824875627
5055563.454493314
5966075.930692103
5961248.986092697
3788473.1056385017
9358474.898449177
5961248.986092697
5958737.518456257
2931235.5617199903
7080159.9671997
5958737.518456257
5961780.776772832
7688510.422243146
2358633.4010046343
5961780.776772832
5966493.550352612
8963264.826894173
5032464.946999112
