5967308.247783544
5968369.047902827
2291087.5712283254
9668297.298977308
5968369.047902827
5968334.985364993
3789386.3606834523
5759665.826284213
5968334.985364993
5968019.901259405
8788075.421086486
768940.4852161024
5968019.901259405
5964932.989940347
7977754.4624169795
6236660.2195162345
5964932.989940347
5960116.521679903
2275612.3570897626
9678737.889904665
5960116.521679903
5959045.2215979695
3795094.1736023948
5763650.156732288
5959045.2215979695
5963118.657882637
8792447.638523107
778488.1484311434
5963118.657882637
5967308.247783544
7996943.123681625
6221699.878837769
14290575.839549804
5968322.696785754
768940.4852161024
8197844.522028248
5968322.696785754
5968356.147329498
6667527.25377752
4094784.525485399
5968356.147329498
5966917.504926869
9652075.499890946
3383833.5012877868
5966917.504926869
5962420.232981528
5238987.166403594
8405319.407791443
5962420.232981528
5958831.328695095
778488.1484311434
8200905.550084368
5958831.328695095
5960676.636817324
6668208.793495646
4091104.9061269574
5960676.636817324
5965548.1851337785
9665964.03714505
3361114.288891405
5965548.1851337785
5968173.375818696
5255585.380877258
8388808.338424299
12075668.111014077
5968368.458925414
3383833.5012877868
9700616.176581012
5968368.458925414
5968336.56889849
4122501.3864649236
5962545.607904288
5968336.56889849
5968017.829824407
8859404.47423133
2291087.5712283254
5968017.829824407
5964934.511893133
7687688.76022845
5867042.993358208
5964934.511893133
5960116.463724432
3361114.288891405
9708128.074324617
5960116.463724432
5959045.985299206
4135045.23804608
5971070.243272471
5959045.985299206
5963116.313411118
8860150.263849478
2275612.3570897626
5963116.313411118
5967310.06216836
7706050.845450427
5846772.298510911
