5967755.82391965
5968356.318522545
1493754.019663535
9341845.89662783
5968356.318522545
5968358.021028645
5343032.189310637
4642232.249019792
5968358.021028645
5967689.309690142
9543744.577367416
2576128.5890479055
5967689.309690142
5963963.367452132
6753212.593825123
7018770.929784914
5963963.367452132
5959446.143559672
1472182.6282336712
9347510.629055077
5959446.143559672
5959547.585591368
5342953.217876553
4651570.091494164
5959547.585591368
5964128.898562351
9551845.745486876
2575615.5495963
5964128.898562351
5967755.82391965
6771084.694051916
6998333.02897235
13567018.268868497
5968315.287102883
2576128.5890479055
7455128.4623857215
5968315.287102883
5968290.919480681
7554465.6454844205
2268469.2054556306
5968290.919480681
5966225.602001146
9030168.389444454
4182556.5928255157
5966225.602001146
5961432.677806881
3980478.6646299055
9127932.968907004
5961432.677806881
5958727.048077136
2575615.5495963
7461247.47530555
5958727.048077136
5961595.5507994555
7560141.62248181
2268826.9522108156
5961595.5507994555
5966351.21465319
9046074.272052113
4163199.1242504073
5966351.21465319
5968307.372139484
4000468.601826618
9112306.709054027
11474327.702597957
5968355.905743973
2268469.2054556306
9416389.550542539
5968355.905743973
5968359.264600576
4800110.388597391
5078761.866502575
5968359.264600576
5967689.355832862
9421312.466633333
1493754.019663535
5967689.355832862
5963963.139869794
6891097.00917627
6971319.563727962
5963963.139869794
5959445.854189425
2268826.9522108156
9418494.692108788
5959445.854189425
5959547.005260766
4808570.766125718
5079498.919148005
5959547.005260766
5964129.383483081
9426673.86220481
1472182.6282336712
5964129.383483081
5967756.163013156
6911888.705385679
6953903.690882728
