5966407.619791625
5968315.043813982
4645201.81084397
9152881.482401311
5968315.043813982
5968315.169311161
2302823.9562251605
7413612.212332898
5968315.169311161
5968282.668529853
7559952.716796609
2128115.920091283
5968282.668529853
5966168.755135553
8942514.840340713
4270223.735780705
5966168.755135553
5961358.310402038
4633979.757093663
9168371.641538776
5961358.310402038
5958732.434110825
2318788.2873330093
7419919.350599096
5958732.434110825
5961666.189330502
7561624.925667403
2128909.2227675538
5961666.189330502
5966407.619791625
8958656.487643402
4251149.259389204
14995316.55554973
5968354.088102396
2128115.920091283
9308747.571928663
5968354.088102396
5968359.847148252
4876723.613135344
4575277.648841734
5968359.847148252
5967659.073563792
9460584.036460262
2716191.358774451
5967659.073563792
5963886.964484326
6846207.920060815
7071325.763743618
5963886.964484326
5959403.468195572
2128909.2227675538
9314539.111727683
5959403.468195572
5959595.140784784
4884777.570627519
4584996.418152433
5959595.140784784
5964204.320493847
9465800.82227359
2715321.1557227816
5964204.320493847
5967783.089355164
6867148.777469135
7051058.453554829
12443150.009356627
5968314.521889623
3922608.4786058497
9231984.437216314
5968314.521889623
5968315.373405522
2716191.358774451
7203302.529605259
5968315.373405522
5968282.494484201
7603386.020779876
2302823.9562251605
5968282.494484201
5966168.527115797
8995943.358909186
5037044.644769212
5966168.527115797
5961359.318451124
3902325.7103469907
9247300.596109126
5961359.318451124
5958731.741027874
2715321.1557227816
7206285.106875039
5958731.741027874
5961665.020436706
7608849.50394868
2318788.2873330093
5961665.020436706
5966409.155801958
9011967.697642319
5013871.336209383
