5965358.43286248
5968129.997645946
5470269.290266868
8155889.974844574
5968129.997645946
5968327.908383628
3011009.6237590387
8398763.929981388
5968327.908383628
5968362.329531192
6274586.586153318
4077368.7648871955
5968362.329531192
5967050.272115506
9623259.140430812
3328723.8134906357
5967050.272115506
5962640.69326891
5448717.828979769
8172993.459847257
5962640.69326891
5958888.369462103
2997869.9288410493
8401083.965840803
5958888.369462103
5960488.697006935
6281545.237633455
4090221.518953443
5960488.697006935
5965358.43286248
9635997.028691117
3305704.360766949
15230982.757094959
5968366.757855773
3328723.8134906357
9649139.916030224
5968366.757855773
5968331.088776384
4077368.7648871955
6042158.150282279
5968331.088776384
5968074.645503481
8638924.746660108
470364.4539136647
5968074.645503481
5965134.354445422
7901355.328215161
5919575.8367456375
5965134.354445422
5960285.937630646
3305704.360766949
9659650.485080183
5960285.937630646
5958967.545728888
4090221.518953443
6045032.602675096
5958967.545728888
5962893.579039331
8640401.300100632
486937.6551349387
5962893.579039331
5967191.86026284
7919129.2063687835
5904143.624295242
12257227.387792625
5968130.873849408
5563548.688723867
8213436.660581765
5968130.873849408
5968327.392016547
470364.4539136647
8528029.996350734
5968327.392016547
5968361.6706910655
6371710.215883105
3139733.001709013
5968361.6706910655
5967049.972269692
9649139.916030224
3011009.6237590387
5967049.972269692
5962640.077711577
5547526.870450826
8231831.377692602
5962640.077711577
5958888.539863094
486937.6551349387
8533445.458589632
5958888.539863094
5960488.88473736
6373380.684697143
3149000.8199758083
5960488.88473736
5965358.654682194
9659650.485080183
2997869.9288410493
