5966004.119327114
5968257.762010339
5077204.094503097
8912015.129204439
5968257.762010339
5968316.38174124
2389441.3560466846
7750254.646063994
5968316.38174124
5968329.648191293
6978732.122019241
3103521.520147325
5968329.648191293
5966558.006866804
9405263.016898716
3726125.2542098733
5966558.006866804
5961871.382605971
5054193.560054601
8928328.556702081
5961871.382605971
5958745.194687296
2404541.91919186
7755095.736181818
5958745.194687296
5961163.240148708
6982589.544954445
3101755.8604664654
5961163.240148708
5966004.119327114
9418771.708098095
3705043.4596206914
15139288.70827257
5968364.165389653
3103521.520147325
9579020.799640927
5968364.165389653
5968348.5291683255
4407911.168131295
5102642.319861235
5968348.5291683255
5967856.285947205
9227619.526011743
1739427.7888496837
5967856.285947205
5964411.3469702685
7209025.9663748825
6756917.530489143
5964411.3469702685
5959727.263855699
3101755.8604664654
9583804.884839999
5959727.263855699
5959294.64519683
4418617.400973094
5109559.150010652
5959294.64519683
5963673.597023119
9233724.198896784
1741632.1631810206
5963673.597023119
5967570.469172546
7228796.292392273
6735599.105074023
12426140.496887527
5968258.852049749
4526395.619507265
8762770.676429851
5968258.852049749
5968316.417923601
1739427.7888496837
7804653.657895299
5968316.417923601
5968328.28567139
7311489.57617253
2389441.3560466846
5968328.28567139
5966558.068621519
9275176.738509458
4288883.906745316
5966558.068621519
5961871.711512581
4508081.968824645
8779440.9198183
5961871.711512581
5958745.540849599
1741632.1631810206
7805502.046370958
5958745.540849599
5961161.511001511
7318260.658646608
2404541.91919186
5961161.511001511
5966005.69305266
9290264.165558556
4277439.417814577
