5968370.1764847925
5968340.072831251
4135935.3808862646
5472303.829810901
5968340.072831251
5967954.929527778
8943025.227100525
1164704.3226824445
5967954.929527778
5964715.398647622
7708147.3037157925
6572872.949306952
5964715.398647622
5959947.966199154
1961910.7334298098
9718093.692667687
5959947.966199154
5959140.631746853
4140093.6401698734
5477504.640741978
5959140.631746853
5963353.069051379
8946806.022746548
1170069.632061352
5963353.069051379
5967423.253822059
7723995.657186041
6558369.837527415
5967423.253822059
5968370.1764847925
1979099.2588479565
9707797.921878073
9780978.656845793
5968347.721388915
6983255.9955565585
3679713.586624474
5968347.721388915
5966770.763170273
9483481.244401846
3495053.493429491
5966770.763170273
5962186.637310646
4921892.788018948
8657527.857270606
5962186.637310646
5958786.779372443
1170069.632061352
8002354.594207587
5958786.779372443
5960875.137836882
6982964.237319506
3676778.321180746
5960875.137836882
5965747.8381919805
9497897.977463398
3472903.1981452983
5965747.8381919805
5968211.835288013
4939165.753338579
8641636.33187891
5968211.835288013
5968318.787536288
1164704.3226824445
7998523.971222434
6294390.276362787
5968340.189936057
4214307.328018908
5849721.689054865
5968340.189936057
5967955.469226766
9099439.652528267
1979099.2588479565
5967955.469226766
5964716.177290046
7475012.152908404
6096449.336424791
5964716.177290046
5959947.39938103
3472903.1981452983
9639445.911281073
5959947.39938103
5959139.494210778
4226239.409922934
5858841.758470488
5959139.494210778
5963354.108457022
9099437.664354702
1961910.7334298098
5963354.108457022
5967423.727507416
7493983.0428304365
6076847.394145203
5967423.727507416
5968369.17218696
3495053.493429491
9631677.358842893
