5968147.607683052
5968324.653261641
3034206.3942816043
8320728.5350673525
5968324.653261641
5968360.387381667
6340959.394422645
4089674.8598309723
5968360.387381667
5967000.011851791
9589352.015305592
3343779.844692009
5967000.011851791
5962556.519137796
5388672.238291237
8260888.103903119
5962556.519137796
5958864.8053937275
3044156.3073762944
8323332.35958417
5958864.8053937275
5960560.758840013
6347603.901519425
4102442.476247713
5960560.758840013
5965431.112879508
9602207.29442417
3320844.2175996266
5965431.112879508
5968147.607683052
5410430.2752325535
8244011.084939909
12344068.057395795
5968332.932532496
4089674.8598309723
5933231.376895935
5968332.932532496
5968054.030756419
8722262.441061858
567213.3607687345
5968054.030756419
5965057.824480665
7818451.97588214
6040442.1318334695
5965057.824480665
5960222.596963747
3320844.2175996266
9664837.749429302
5960222.596963747
5958992.8726194445
4102442.476247713
5936522.134918182
5958992.8726194445
5962982.162451573
8723456.163594756
580775.8882008081
5962982.162451573
5967236.722269847
7836449.841988167
6025197.08001828
5967236.722269847
5968367.6253358275
3343779.844692009
9654346.667655723
10210171.83512253
5968324.239240547
567213.3607687345
8489732.615283662
5968324.239240547
5968361.375341525
6484229.110606188
3034206.3942816043
5968361.375341525
5966999.783025309
9654346.667655723
3146939.3694127235
5966999.783025309
5962556.3178462135
5428895.079634935
8282448.551291205
5962556.3178462135
5958864.920661279
580775.8882008081
8495305.28335475
5958864.920661279
5960559.50138451
6485515.531398031
3044156.3073762944
5960559.50138451
5965431.052127368
9664837.749429302
3134084.640276054
5965431.052127368
5968148.532441128
5445131.418225275
8264220.022603402
