5968261.763948879
5968314.835229355
2392225.926604792
7753862.135772203
5968314.835229355
5968329.786748617
6973626.025761295
3112519.4712800467
5968329.786748617
5966560.751747798
9405970.476590624
3721919.418585763
5966560.751747798
5961878.177596331
5055510.026653066
8926575.782670327
5961878.177596331
5958744.132851491
2407300.223069436
7758687.918498192
5958744.132851491
5961157.883555746
6977504.490296985
3110734.671486645
5961157.883555746
5965998.312827257
9419477.230134703
3700819.5963046146
5965998.312827257
5968261.763948879
5078515.721300468
8910256.72583187
11697073.230544046
5968348.768228032
4404355.249793954
5108120.849265581
5968348.768228032
5967857.848670341
9225920.64912903
1730397.8273781978
5967857.848670341
5964415.3878580015
7212901.864837983
6754601.240216507
5964415.3878580015
5959732.803473253
3110734.671486645
9586714.488716746
5959732.803473253
5959288.269726594
4415084.13593764
5115009.156469136
5959288.269726594
5963672.083428298
9232030.782328075
1732638.8734752575
5963672.083428298
5967567.261250067
7232658.807528721
6733274.8094916325
5967567.261250067
5968364.331323992
3112519.4712800467
9581939.966269705
9426642.614684397
5968315.857103148
1730397.8273781978
7810420.555173316
5968315.857103148
5968330.715600268
7309344.6229268005
2392225.926604792
5968330.715600268
5966560.935861644
9278190.548294043
4280579.007190196
5966560.935861644
5961876.267452801
4514270.778235402
8775391.084066344
5961876.267452801
5958744.347907071
1732638.8734752575
7811249.35986
5958744.347907071
5961159.110261228
7316125.002365392
2407300.223069436
5961159.110261228
5965999.213038275
9293267.657982025
4269127.718800107
5965999.213038275
5968259.213316538
4532569.142801885
8758707.667618731
