5967766.640741611
5968357.91508167
1500775.0775953655
9328798.156939419
5968357.91508167
5968357.902702154
5389690.077365069
4615923.200919835
5968357.902702154
5967678.044842978
9544846.041683957
2630365.2405364793
5967678.044842978
5963932.869237306
6718287.10293383
7038838.481679556
5963932.869237306
5959429.826720513
1479289.5450813754
9334511.92406028
5959429.826720513
5959566.000262382
5389475.274193021
4625410.677245258
5959566.000262382
5964157.201618109
9552943.409157066
2629711.253903221
5964157.201618109
5967766.640741611
6736243.580904364
7018465.346718119
13543317.619971162
5968314.336270638
2630365.2405364793
7438771.193852221
5968314.336270638
5968288.01694683
7573138.011849676
2214140.5238156323
5968288.01694683
5966203.7810930805
9016677.158048661
4216168.237651739
5966203.7810930805
5961404.349244005
3949819.616156034
9143358.685123174
5961404.349244005
5958728.302779039
2629711.253903221
7444964.256560808
5958728.302779039
5961623.372331075
7578733.184060617
2214663.634381066
5961623.372331075
5966372.788401458
9032629.052031655
4196921.223298949
5966372.788401458
5968310.766051884
3969922.7338631917
9127784.759394227
11452516.516653577
5968355.246357987
2214140.5238156323
9391336.336888302
5968355.246357987
5968359.592886131
4829439.238469705
5032176.5341798235
5968359.592886131
5967677.889435047
9436292.626481552
1500775.0775953655
5967677.889435047
5963932.294678931
6873415.644284444
7007111.052098622
5963932.294678931
5959430.185221521
2214663.634381066
9393526.584382927
5959430.185221521
5959565.411542604
4837742.842901691
5033060.805055337
5959565.411542604
5964157.919573611
9441598.617536511
1479289.5450813754
5964157.919573611
5967766.853138052
6894266.717794726
6989774.832902257
