5964134.431359005
5967759.420104683
6765256.812461364
7001670.115184428
5967759.420104683
5968355.339127157
1494781.4855177307
9339645.384642854
5968355.339127157
5968357.935586702
5350822.674667184
4637805.490322135
5968357.935586702
5967688.42058893
9543905.336528663
2585186.6471789447
5967688.42058893
5963955.58445251
6747368.425913966
7022098.375609761
5963955.58445251
5959447.058082539
1473222.9671471152
9345319.949763289
5959447.058082539
5959548.484254486
5350723.374003311
4647167.476319029
5959548.484254486
5964134.431359005
9552006.460578833
2584647.956500006
15068914.92829127
5968308.209523408
3995333.3617323493
9114870.512431012
5968308.209523408
5968314.639770788
2585186.6471789447
7452372.789413001
5968314.639770788
5968290.487009775
7557559.968565049
2259397.644308434
5968290.487009775
5966222.964683692
9027895.31364322
4188139.7736468576
5966222.964683692
5961426.0815076
3975323.396168512
9130488.643927772
5961426.0815076
5958731.008923964
2584647.956500006
7458504.9279144285
5958731.008923964
5961596.2416402465
7563223.999499283
2259781.2445865613
5961596.2416402465
5966355.960997098
9043809.267625054
4168799.7370603625
11591495.169238742
5967757.167283456
6908918.80767896
6959884.21680214
5967757.167283456
5968356.339697446
2259397.644308434
9412193.694214743
5968356.339697446
5968357.622148913
4804979.420238808
5070979.222445987
5968357.622148913
5967687.502853378
9423793.914405342
1494781.4855177307
5967687.502853378
5963957.5296130385
6888118.056413545
6977287.286013802
5963957.5296130385
5959445.052139064
2259781.2445865613
9414313.932499358
5959445.052139064
5959548.668976871
4813412.382108267
5071743.4187810235
5959548.668976871
5964135.040343416
9429147.10775481
1473222.9671471152
