5968171.330426028
5968321.60113799
2892789.3351972913
8213243.935203519
5968321.60113799
5968357.274620479
6439511.147505446
4117445.9699590607
5968357.274620479
5966928.031408201
9545552.010596441
3377676.4140699664
5966928.031408201
5962437.564657483
5310422.549273501
8386791.257965864
5962437.564657483
5958834.819914009
2903712.72891294
8216248.246845722
5958834.819914009
5960661.532358106
6445693.083824513
4121788.0073938104
5960661.532358106
5965532.95187052
9558561.25596334
3354924.1850413326
5965532.95187052
5968171.330426028
5332460.755235018
8370232.43713795
12232575.728355557
5968335.456064543
4117445.9699590607
5781562.105206784
5968335.456064543
5968024.022505183
8841796.153740965
741366.660766916
5968024.022505183
5964948.826376934
7704091.800697061
6211646.312225009
5964948.826376934
5960131.509491847
3354924.1850413326
9676591.56482811
5960131.509491847
5959037.385216625
4130024.8582023955
5785455.721967923
5959037.385216625
5963102.819971534
8842598.340574045
751347.592239843
5963102.819971534
5967298.759252552
7722405.778400368
6196652.305142867
5967298.759252552
5968367.724779434
3377676.4140699664
9666143.224006044
10081180.435579969
5968323.616548859
741366.660766916
8440208.522863891
5968323.616548859
5968356.106858313
6644119.852637947
2892789.3351972913
5968356.106858313
5966927.745951037
9665151.203349186
3340995.0211672042
5966927.745951037
5962438.863634483
5263007.446133814
8358005.344228869
5962438.863634483
5958834.798029826
751347.592239843
8445987.375136275
5958834.798029826
5960660.326465543
6644876.807327869
2903712.72891294
5960660.326465543
5965533.22343385
9676591.56482811
3328493.3563922592
5965533.22343385
5968170.876230909
5279558.64863294
8340022.849952314
