5968201.750404574
5968319.778209507
2700476.9053736543
8058482.035564369
5968319.778209507
5968351.067615331
6597170.42027936
3808236.612090262
5968351.067615331
5966817.3766020145
9489045.850385532
3455219.9550895905
5966817.3766020145
5962258.790743095
5208279.651969407
8579082.935546285
5962258.790743095
5958798.373311568
2712847.1675354694
8062077.152137854
5958798.373311568
5960814.443134554
6602642.33074431
3805064.521216575
5960814.443134554
5965684.630258123
9502255.593278388
3432871.9067736673
5965684.630258123
5968201.750404574
5230694.724389635
8562998.84026362
12064241.107257325
5968339.185512138
4181317.6342252563
5559559.276011437
5968339.185512138
5967975.154935272
9024705.886479072
1039042.7930690583
5967975.154935272
5964783.225379753
7539066.721210217
6469115.690175701
5964783.225379753
5959999.458957274
3432871.9067736673
9703870.420051496
5959999.458957274
5959108.569194989
4193467.613740555
5564378.3747578515
5959108.569194989
5963282.939217713
9024931.612613956
1045443.3023403352
5963282.939217713
5967388.665641124
7557850.04231015
6454478.1880449345
5967388.665641124
5968367.793396971
3455219.9550895905
9693522.16707666
9881834.287364125
5968319.635595242
1039042.7930690583
8266310.656041524
5968319.635595242
5968350.6777586
6885610.191478086
2700476.9053736543
5968350.6777586
5966818.283300401
9534073.832507104
3635488.5985217267
5966818.283300401
5962259.218267002
5018555.35610642
8479858.35856685
5962259.218267002
5958798.1874261405
1045443.3023403352
8265723.922987358
5958798.1874261405
5960814.304445204
6885611.964416522
2712847.1675354694
5960814.304445204
5965683.847654098
9548329.770855585
3623417.302898527
5965683.847654098
5968202.367650403
5035615.445282092
8462264.341141636
