5965616.385120896
5968186.590733963
5276401.651453985
8471511.509142872
5968186.590733963
5968320.69752235
2788035.3094631443
8130543.690854927
5968320.69752235
5968353.732737848
6521322.48902825
3958384.8701402075
5968353.732737848
5966870.623868027
9514332.640530871
3414719.467006978
5966870.623868027
5962341.77366757
5254158.726749332
8487817.18434881
5962341.77366757
5958816.0749903135
2799727.3117562886
8133861.553590165
5958816.0749903135
5960740.561686707
6527132.249073337
3954942.9142349437
5960740.561686707
5965616.385120896
9527452.330503313
3392162.3136992943
15212172.68610735
5968368.100930678
3414719.467006978
9679155.004858783
5968368.100930678
5968337.470645142
4147899.750300638
5663486.728621763
5968337.470645142
5967999.159229907
8937842.111966884
895155.238863838
5967999.159229907
5964862.447655876
7615961.415132001
6347490.443440438
5964862.447655876
5960060.039634875
3392162.3136992943
9689554.479009796
5960060.039634875
5959076.812348061
4160272.196900868
5667865.777016712
5959076.812348061
5963194.435007574
8938340.44179612
903028.5936548639
5963194.435007574
5967347.850527197
7634524.997107396
6332686.267052109
12342278.551242124
5968187.464189945
5150062.2018881235
8403309.149466475
5968187.464189945
5968321.517392183
895155.238863838
8366996.784592936
5968321.517392183
5968354.163553671
6771384.663532441
2788035.3094631443
5968354.163553671
5966871.019091707
9595020.047507249
3496022.950826035
5966871.019091707
5962341.1858793115
5133245.758143251
8421090.44346579
5962341.1858793115
5958816.4029427
903028.5936548639
8366122.709222199
5958816.4029427
5960738.694568584
6771738.451015652
2799727.3117562886
5960738.694568584
5965615.6252183905
9609086.337199528
3483757.876867351
