5966717.452425514
5968341.629127054
3899484.776822626
9424181.27793873
5968341.629127054
5968319.917664962
2553743.828239703
7101317.668716962
5968319.917664962
5968225.333686176
8077833.625491787
1318767.126396297
5968225.333686176
5965815.69317479
8578960.887323402
4824339.748122494
5965815.69317479
5960950.896725638
3887718.0559648154
9438783.60257882
5960950.896725638
5958773.608495714
2567330.3677222156
7100688.831765246
5958773.608495714
5962101.279716141
8077804.5246775905
1323094.8752532592
5962101.279716141
5966717.452425514
8596192.250450255
4806792.110443031
14826632.54555267
5968343.873583151
1318767.126396297
9157622.131444879
5968343.873583151
5968365.810332556
5368837.927816648
4259465.349659457
5968365.810332556
5967464.442044858
9723456.976977063
3524030.0268012667
5967464.442044858
5963440.054093044
6639481.186543367
7418857.538763317
5963440.054093044
5959178.505316394
1323094.8752532592
9164002.732674964
5959178.505316394
5959889.1961446535
5374491.630362677
4271108.430974529
5959889.1961446535
5964633.8053779
9727723.51570776
3521387.1880240925
5964633.8053779
5967930.590606213
6661136.576081064
7399666.1161290025
12394666.95169696
5968344.582829742
3549353.027475835
9448337.6192947
5968344.582829742
5968318.745705939
3524030.0268012667
6746311.226717612
5968318.745705939
5968224.0319538815
7928081.613503963
2553743.828239703
5968224.0319538815
5965816.256813976
8737224.946476152
5156517.1069769915
5965816.256813976
5960951.194633678
3527470.9736793092
9461691.705651052
5960951.194633678
5958773.837370597
3521387.1880240925
6751139.705275487
5958773.837370597
5962100.416124479
7932188.75398484
2567330.3677222156
5962100.416124479
5966716.68805594
8752890.89363354
5133818.138501925
