5966907.219922088
5968356.8433600115
3406160.5007345974
9635361.168362312
5968356.8433600115
5968321.083769782
2847838.145340783
6697656.2842325615
5968321.083769782
5968176.498903876
8424902.316357028
804962.7827360542
5968176.498903876
5965567.643931958
8366335.401620621
5224828.122515238
5965567.643931958
5960691.560834266
3393769.8662035023
9649300.198524946
5960691.560834266
5958829.015928394
2859077.3295098576
6698253.011500284
5958829.015928394
5962396.380325964
8430743.625818318
813993.4206720055
5962396.380325964
5966907.219922088
8384235.489748432
5208162.12978122
14690456.713952968
5968336.369138054
804962.7827360542
8882105.294530872
5968336.369138054
5968366.892388814
5731600.414624493
4129371.660749017
5968366.892388814
5967318.731420162
9671228.750041345
3392198.9902960625
5967318.731420162
5963139.630870747
6253929.976796965
7685119.526392225
5963139.630870747
5959052.150099684
813993.4206720055
8882784.846525934
5959052.150099684
5960104.342577898
5735688.827213748
4141871.1709839194
5960104.342577898
5964912.200799412
9681658.914470647
3369524.5696472707
5964912.200799412
5968014.876316386
6268840.846238268
7666700.102000776
12330807.688619008
5968356.2309021745
3392198.9902960625
9532026.490945838
5968356.2309021745
5968322.879253177
4055218.8274392555
6473572.899008143
5968322.879253177
5968175.706901338
8178145.803186175
2847838.145340783
5968175.706901338
5965568.447214803
8412756.108573912
5308222.506780513
5965568.447214803
5960690.940435103
3369524.5696472707
9545082.773921529
5960690.940435103
5958828.7222715495
4051600.0873538665
6479606.274408191
5958828.7222715495
5962397.304018962
8181276.263046562
2859077.3295098576
5962397.304018962
5966906.256574303
8429209.29917606
5286095.257350798
