5967918.686649442
5968345.677175646
1822625.7888764667
9170158.707458539
5968345.677175646
5968364.808359013
5798637.987684651
4286345.990551752
5968364.808359013
5967486.247199233
9600735.3155262
3439304.1155968667
5967486.247199233
5963487.661342789
6217112.828458317
7379031.493727178
5963487.661342789
5959199.663107066
1804310.0880566684
9176489.41336969
5959199.663107066
5959853.539908128
5808031.154072848
4297818.381772787
5959853.539908128
5964589.245013382
9608619.002833938
3436826.769997444
5964589.245013382
5967918.686649442
6236329.4641884975
7359719.097014337
13173756.373944797
5968317.523169891
3439304.1155968667
7165448.239584294
5968317.523169891
5968232.125923875
7890769.41603566
1403157.0162967998
5968232.125923875
5965853.711821945
8789377.380551675
4762822.009459899
5965853.711821945
5960994.433782606
3559827.3840483036
9407537.773419602
5960994.433782606
5958765.484625361
3436826.769997444
7164637.5546809
5958765.484625361
5962057.861598838
7895027.557757569
1406987.9264894763
5962057.861598838
5966683.0343548935
8804917.062482709
4745127.029083983
5966683.0343548935
5968341.53458573
3581556.4207116496
9392835.558238052
11098040.065769086
5968344.7518906705
1403157.0162967998
9039060.93800146
5968344.7518906705
5968366.766432608
5313598.817518261
4339623.907954737
5968366.766432608
5967486.545926149
9693060.840275291
1822625.7888764667
5967486.545926149
5963486.61828713
6656745.569508587
7556129.042040876
5963486.61828713
5959200.693107674
1406987.9264894763
9042491.162842717
5959200.693107674
5959853.899459915
5319506.401515343
4342962.3981270725
5959853.899459915
5964589.607993647
9697433.608484754
1804310.0880566684
5964589.607993647
5967917.11079398
6678340.029662812
7539946.9285317445
