5966072.482442695
5968271.831504525
5056551.536640329
8945142.74353588
5968271.831504525
5968314.936059307
2345210.173039968
7686837.979491931
5968314.936059307
5968323.072988577
7071471.969194093
2941641.732743618
5968323.072988577
5966495.832388405
9348167.92818356
3804671.607341809
5966495.832388405
5961784.004848827
5033457.414216824
8961340.955898961
5961784.004848827
5958737.670794553
2360745.377657976
7691948.544004814
5958737.670794553
5961245.642169308
7074959.618753459
2940240.1816643737
5961245.642169308
5966072.482442695
9363164.609188888
3783919.9791550497
15119811.066211766
5968362.298565821
2941641.732743618
9527784.487236898
5968362.298565821
5968350.36255804
4474533.219528976
5005817.269242921
5968350.36255804
5967825.852991
9259635.754911013
1901918.9582901692
5967825.852991
5964324.818355621
7140877.454343282
6800517.098366863
5964324.818355621
5959669.579771647
2940240.1816643737
9532755.818574045
5959669.579771647
5959341.145378693
4484837.86826947
5013215.39592857
5959341.145378693
5963762.838820487
9265615.996826118
1903486.6593013904
5963762.838820487
5967608.892545408
7160860.379510417
6779349.345883872
12434671.926038137
5968270.3567863675
4417010.4728526585
8836751.048678588
5968270.3567863675
5968314.48605286
1901918.9582901692
7701517.445385662
5968314.48605286
5968323.221634297
7351853.293910631
2345210.173039968
5968323.221634297
5966496.182331931
9222284.550619172
4438123.727191961
5966496.182331931
5961784.935581457
4398384.8336479
8853200.781466847
5961784.935581457
5958738.191271177
1903486.6593013904
7702709.959719307
5958738.191271177
5961244.025481269
7358440.477429914
2360745.377657976
5961244.025481269
5966075.006397982
9237545.646015787
4426778.405847057
