5968302.356508677
5968316.257498177
2282686.557870709
7499037.70547234
5968316.257498177
5968298.600161657
7387577.029659287
2408802.906340227
5968298.600161657
5966283.301279124
9078138.42829069
4097706.6818984267
5966283.301279124
5961505.725450529
4890190.599393321
9089426.635121532
5961505.725450529
5958725.592406696
2298862.0994014964
7504959.619790717
5958725.592406696
5961520.6659361515
7389862.042644776
2408753.6119131455
5961520.6659361515
5966293.144650105
9093888.950607771
4078060.2708561164
5966293.144650105
5968302.356508677
4901292.78796024
9073669.031420106
11330772.48254851
5968356.735984469
4726325.58365144
4712409.46323001
5968356.735984469
5967719.510027574
9383926.206055464
2435906.920259321
5967719.510027574
5964037.7406601915
6938526.594366883
6968577.388819516
5964037.7406601915
5959492.130698925
2408753.6119131455
9382456.058448816
5959492.130698925
5959500.305485673
4735187.325081656
4721355.116428889
5959500.305485673
5964056.563566888
9389428.871566175
2435773.3116514
5964056.563566888
5967725.150030122
6959159.196892745
6947976.084491127
5967725.150030122
5968357.432055906
2408802.906340227
9376925.284364596
8941327.969734004
5968316.620856264
2435906.920259321
7371131.509110238
5968316.620856264
5968298.4648942975
7507791.601583948
2282686.557870709
5968298.4648942975
5966283.334025022
9066432.747554705
4925973.550760285
5966283.334025022
5961505.776134686
4061958.0854958943
9107194.501308378
5961505.776134686
5958725.941279721
2435773.3116514
7373483.458322554
5958725.941279721
5961520.592369086
7513671.541315233
2298862.0994014964
5961520.592369086
5966294.658963818
9082215.521400774
4914878.562954211
5966294.658963818
5968300.809331544
4081659.3134920937
9091482.505969394
