5968343.522693307
5968316.191330098
2501733.548864217
7189083.851182955
5968316.191330098
5968235.372997228
8001768.252185092
1434359.034292272
5968235.372997228
5965867.394775632
8628389.180562302
4740307.793054691
5965867.394775632
5961010.37196624
3995426.3655735715
9396177.239024902
5961010.37196624
5958761.898704118
2515781.5851430744
7188207.257213573
5958761.898704118
5962038.480333187
8001975.759163668
1438018.9042303348
5962038.480333187
5966673.0849437835
8645469.05775093
4722552.586744638
5966673.0849437835
5968343.522693307
4007095.104043795
9381436.720476087
10835458.724241592
5968365.4190570945
5293415.992302065
4296664.865270009
5968365.4190570945
5967493.9564580675
9682008.582268406
3408045.837256823
5967493.9564580675
5963504.466987742
6663388.008408954
7364529.818365605
5963504.466987742
5959210.2499497915
1438018.9042303348
9181299.587238468
5959210.2499497915
5959840.916761025
5299416.97945715
4308067.527428182
5959840.916761025
5964575.819202772
9686420.869403554
3405632.4481742214
5964575.819202772
5967909.902281313
6684957.995475974
7345176.447330224
5967909.902281313
5968344.839257375
1434359.034292272
9174986.04270742
8223998.009924172
5968315.792651234
3408045.837256823
6809101.044311056
5968315.792651234
5968236.208291522
7877189.045176464
2501733.548864217
5968236.208291522
5965867.482108616
8808637.576158622
5130974.999094204
5965867.482108616
5961010.465732407
3572220.3562378087
9447817.343229767
5961010.465732407
5958762.914171637
3405632.4481742214
6813663.531032494
5958762.914171637
5962038.908107161
7881502.625130123
2515781.5851430744
5962038.908107161
5966671.920203192
8824133.95177784
5108176.681676998
5966671.920203192
5968342.472082497
3593892.835784583
9434413.69756418
