5965742.20015401
5968210.808272615
5198652.117039832
8633492.574855119
5968210.808272615
5968319.408890894
2637839.82077542
8004648.706486049
5968319.408890894
5968347.325052516
6656796.7706897585
3693002.3047499005
5968347.325052516
5966776.385423945
9471412.485054592
3490719.7209034152
5966776.385423945
5962193.276078446
5176117.152218788
8649404.006582633
5962193.276078446
5958789.149972656
2650718.110461048
8008456.107122794
5958789.149972656
5960867.040064185
6662006.812626559
3690042.9730432765
5960867.040064185
5965742.20015401
9484684.040355574
3468548.7666891664
15195032.951200435
5968367.59573511
3490719.7209034152
9706239.047886461
5968367.59573511
5968340.428151754
4210712.399753648
5481252.18654252
5968340.428151754
5967957.545459858
9091697.122189118
1151633.0820687313
5967957.545459858
5964723.665317746
7481559.772682873
6562160.075937991
5964723.665317746
5959951.8024055045
3468548.7666891664
9716539.210744832
5959951.8024055045
5959139.512491895
4222667.6000262005
5486412.710562465
5959139.512491895
5963344.532073394
9091720.526205657
1157098.7019555771
5963344.532073394
5967420.930136889
7500510.23008662
6547643.900551643
12375411.16635708
5968212.211821372
4949073.031803829
8508798.90656199
5968212.211821372
5968318.544096295
1151633.0820687313
8189545.167615354
5968318.544096295
5968348.530390812
6973165.296557805
2637839.82077542
5968348.530390812
5966775.822188187
9488644.973344207
3742558.438470682
5966775.822188187
5962193.817080333
4931820.210822277
8526245.771296358
5962193.817080333
5958788.483594723
1157098.7019555771
8189187.511206059
5958788.483594723
5960868.80192646
6972904.8288581
2650718.110461048
5960868.80192646
5965740.163429843
9503045.064614624
3730612.950389893
