5968166.178412585
5968324.106824084
2927243.6675018617
8239808.654727134
5968324.106824084
5968358.324989827
6414360.637656604
4109373.6139602037
5968358.324989827
5966945.802543584
9556048.61190996
3367835.289430141
5966945.802543584
5962467.67534752
5329247.35302054
8355129.424338636
5962467.67534752
5958842.072731872
2937923.2822283986
8242711.442605004
5958842.072731872
5960633.870509885
6420658.895792187
4122007.026945824
5960633.870509885
5965507.860649667
9569021.023169374
3345029.6131265787
5965507.860649667
5968166.178412585
5351218.449568618
8338490.994972097
12260512.667036247
5968334.977120129
4109373.6139602037
5819227.8359648315
5968334.977120129
5968031.222543337
8811719.15870725
695142.4238572445
5968031.222543337
5964976.559846987
7732373.0410467135
6168797.21460291
5964976.559846987
5960153.618240987
3345029.6131265787
9673167.67248105
5960153.618240987
5959025.883380107
4122007.026945824
5822969.067273187
5959025.883380107
5963072.822242695
8812618.452710552
705915.3212266548
5963072.822242695
5967282.976155695
7750607.433908411
6153742.414298892
5967282.976155695
5968367.867759294
3367835.289430141
9662707.570944792
10113725.651651546
5968323.926226575
695142.4238572445
8452082.922384458
5968323.926226575
5968357.840739069
6604049.129943063
2927243.6675018617
5968357.840739069
5966946.75331676
9662707.570944792
3292277.7017499367
5966946.75331676
5962466.790114043
5304283.015620929
8338678.108791721
5962466.790114043
5958841.763863299
705915.3212266548
8457811.913129324
5958841.763863299
5960635.652648523
6604935.874408808
2937923.2822283986
5960635.652648523
5965507.393507142
9673167.67248105
3279694.0419530706
5965507.393507142
5968165.4617014695
5320755.063860691
8320632.193187117
