5966256.199222324
5968295.370913506
4991882.29252209
9047457.232251547
5968295.370913506
5968315.822095805
2284375.4485432804
7531604.416196888
5968315.822095805
5968303.147409576
7327379.845708383
2508321.229538861
5968303.147409576
5966324.623978344
9127352.60757416
4039337.172914442
5966324.623978344
5961554.884580844
4980818.037172273
9063303.332278075
5961554.884580844
5958728.060981292
2300531.7739341673
7537385.259197571
5958728.060981292
5961467.017945898
7329886.611310639
2507997.35072378
5961467.017945898
5966256.199222324
9142964.287045255
4019483.985284857
15059000.108773137
5968357.9667944135
2508321.229538861
9402991.78075065
5968357.9667944135
5968356.0327108605
4675786.404117313
4764056.657322455
5968356.0327108605
5967740.2368514305
9358568.499896333
2336354.526800299
5967740.2368514305
5964092.405300863
6973676.623095332
6934439.449447396
5964092.405300863
5959522.881340399
2507997.35072378
9408424.50704144
5959522.881340399
5959471.53054493
4684928.182730026
4772718.6915952545
5959471.53054493
5963999.306605828
9364167.91579164
2336502.6476209955
5963999.306605828
5967705.458073051
6994194.802631711
6913724.032288114
12446285.652014805
5968296.046672251
4141151.355655016
9042675.874438768
5968296.046672251
5968315.236920565
2336354.526800299
7431706.942841635
5968315.236920565
5968303.697058058
7476073.171359322
2284375.4485432804
5968303.697058058
5966324.764138943
9093374.189453317
4835274.859482649
5966324.764138943
5961554.136202621
4121654.6899617235
9058527.94851346
5961554.136202621
5958729.204523863
2336502.6476209955
7433841.887114913
5958729.204523863
5961466.779423951
7482095.792849745
2300531.7739341673
5961466.779423951
5966255.74151535
9109065.958752587
4824137.747163522
