5964279.725940685
5967811.176069812
6592868.78200206
7106067.447693305
5967811.176069812
5968353.099502772
1551698.419179922
9277669.165795086
5968353.099502772
5968360.399597696
5584014.756103272
4511722.897562848
5968360.399597696
5967628.116201416
9552988.550179042
2856046.638041949
5967628.116201416
5963808.087026566
6574567.851150863
7126160.406091283
5963808.087026566
5959363.570302093
1530813.1747114933
9283581.452935204
5959363.570302093
5959641.321668704
5583252.003762164
4521813.517859977
5959641.321668704
5964279.725940685
9561053.950423066
2854835.4158568406
15107216.87377859
5968320.19486604
3848324.544800473
9195345.820499634
5968320.19486604
5968315.055651121
2856046.638041949
7374551.087572872
5968315.055651121
5968274.541576003
7654479.554365784
1987827.1604910253
5968274.541576003
5966109.127674066
8963798.598055575
4360490.012654333
5966109.127674066
5961287.491189983
3827751.3095540833
9210693.996824265
5961287.491189983
5958736.936794287
2854835.4158568406
7381038.203792827
5958736.936794287
5961739.31692826
7659723.723393888
1989092.2868724097
5961739.31692826
5966463.089703872
8979933.360867579
4341694.223656182
11690530.097468738
5967810.758738108
6825019.285877417
7140515.806084014
5967810.758738108
5968351.622556425
1987827.1604910253
9288913.457358666
5968351.622556425
5968361.303881972
4955992.533146019
4838402.025796776
5968361.303881972
5967628.9474476585
9501696.253973361
1551698.419179922
5967628.9474476585
5963807.84407764
6803934.122399636
7157524.08998187
5963807.84407764
5959364.797113824
1989092.2868724097
9291453.77749801
5959364.797113824
5959639.470886633
4963638.015922759
4839923.229938909
5959639.470886633
5964280.71252763
9506760.2201346
1530813.1747114933
