5965714.387059344
5968208.5829365365
5213120.011964073
8600909.172112394
5968208.5829365365
5968319.176307976
2666254.4176495224
8029348.678645206
5968319.176307976
5968349.03794277
6629112.220937272
3746219.7464761604
5968349.03794277
5966795.522032732
9479364.755373606
3473860.3649426997
5966795.522032732
5962222.986440384
5190638.852290062
8616901.181868585
5962222.986440384
5958793.064112228
2678900.2552617206
8033059.429689967
5958793.064112228
5960842.9881644
6634442.633586461
3743161.3287278474
5960842.9881644
5965714.387059344
9492608.939876795
3451606.0380526935
15198872.62332241
5968367.293463832
3473860.3649426997
9700185.50728311
5968367.293463832
5968340.459436135
4196740.251087176
5517254.919956632
5968340.459436135
5967966.244032614
9060726.916578798
1099457.9898320923
5967966.244032614
5964751.084513502
7507952.125854014
6519224.605608448
5964751.084513502
5959972.713580003
3451606.0380526935
9710507.706477784
5959972.713580003
5959127.32585033
4208787.757640528
5522258.608156043
5959127.32585033
5963314.302737224
9060843.358541029
1105336.7054042642
5963314.302737224
5967406.35251687
7526826.1289485805
6504651.960063237
12369287.463274868
5968207.1730075115
4988895.741308078
8487172.830455948
5968207.1730075115
5968319.351160365
1099457.9898320923
8224940.104737384
5968319.351160365
5968348.859386963
6932745.455438501
2666254.4176495224
5968348.859386963
5966795.098583225
9509478.640979238
3693112.717508041
5966795.098583225
5962223.468643025
4971733.15283811
8504687.203248521
5962223.468643025
5958793.051693465
1105336.7054042642
8224476.727537413
5958793.051693465
5960842.449490445
6932603.843902514
2678900.2552617206
5960842.449490445
5965716.067848158
9523812.465267982
3681108.813728387
