5968367.386209049
5968346.278793045
4408029.649981877
5261937.397668254
5968346.278793045
5967901.606739716
9072111.030309003
1483422.7967153627
5967901.606739716
5964546.452183154
7484164.121622389
6695645.797537264
5964546.452183154
5959823.816898436
1756614.9404326635
9669307.375282614
5959823.816898436
5959220.692386222
4411094.834246132
5268089.9424202
5959220.692386222
5963534.68024919
9075417.068781411
1486810.036516539
5963534.68024919
5967505.281305518
7500453.5789006
6674113.4760404
5967505.281305518
5968367.386209049
1775312.1259345936
9664832.962400895
9664832.962400895
5968338.03144726
7226180.81274993
3358954.198274935
5968338.03144726
5966653.867375923
9363720.382004557
3613746.9322555726
5966653.867375923
5962010.505393487
4687311.529771397
8854330.492898729
5962010.505393487
5958761.29882121
1486810.036516539
7860472.358764053
5958761.29882121
5961033.818898766
7225191.900351977
3356648.006655654
5961033.818898766
5965893.293856023
9378519.063739847
3592165.520095808
5965893.293856023
5968238.741327186
4705148.217433105
8838907.345811987
5968238.741327186
5968316.908693472
1483422.7967153627
7856065.769815918
6017698.080542499
5968347.345143775
4313291.707022862
5783934.71432256
5968347.345143775
5967900.7733469
9182788.554556467
1775312.1259345936
5967900.7733469
5964546.318646093
7322543.812134019
6284080.699602348
5964546.318646093
5959824.376459818
3356648.006655654
9599781.299326064
5959824.376459818
5959221.1466900995
4324590.083996361
5793410.520847109
5959221.1466900995
5963533.300177693
9189068.107822234
1756614.9404326635
5963533.300177693
5967507.153250127
7341966.39547298
6264992.37440628
5967507.153250127
5968365.709028307
3358954.198274935
9591862.622858457
