5964595.0310828965
5967919.706857912
6231044.416887113
7363899.807900688
5967919.706857912
5968344.542055272
1828055.9795107266
9168797.748359319
5968344.542055272
5968365.251650308
5800347.292196334
4283434.770968322
5968365.251650308
5967485.3644524235
9601767.928099394
3448245.222009912
5967485.3644524235
5963480.642098806
6211812.306530164
7383200.062511807
5963480.642098806
5959200.522515951
1809782.832231959
9175135.166685395
5959200.522515951
5959854.920957399
5809732.6478463225
4294922.477159112
5959854.920957399
5964595.0310828965
9609647.88291458
3445750.132886579
15173712.081771446
5968341.336808495
3578072.102603446
9396112.097608745
5968341.336808495
5968317.70879465
3448245.222009912
7158684.348292122
5968317.70879465
5968231.042463734
7894672.669211334
1394237.5278929116
5968231.042463734
5965850.646270184
8783869.769937169
4769280.126016569
5965850.646270184
5960988.962448249
3556326.4515220355
9410804.935835607
5960988.962448249
5958768.454170896
3445750.132886579
7157893.311087365
5958768.454170896
5962059.144964704
7898916.101790893
1398117.3459050767
5962059.144964704
5966688.3677526945
8799423.823526852
4751599.844386325
11887626.888285175
5967918.10395516
6676472.707661191
7546169.552644031
5967918.10395516
5968344.401160551
1394237.5278929116
9035411.766842619
5968344.401160551
5968366.194152239
5319391.933272055
4332020.385682308
5968366.194152239
5967483.795035002
9696238.050250027
1828055.9795107266
5967483.795035002
5963482.017051789
6654871.971300081
7562337.373737801
5963482.017051789
5959199.216171274
1398117.3459050767
9038855.923911266
5959199.216171274
5959856.820531668
5325272.951078094
4335389.65575738
5959856.820531668
5964595.712917495
9700599.343026634
1809782.832231959
