5964791.383927718
5967977.599331248
6016256.708528327
7545763.694144574
5967977.599331248
5968341.025691954
2080419.0543685618
9017019.942621473
5968341.025691954
5968367.025366969
5884787.235932661
4178142.8580411924
5968367.025366969
5967385.462712341
9653014.233886754
3451379.5754723144
5967385.462712341
5963271.224553705
5996425.276363791
7564528.097268657
5963271.224553705
5959106.457239096
2063851.0923010304
9017274.39446924
5959106.457239096
5960005.734040766
5893716.330149003
4190316.3643021337
5960005.734040766
5964791.383927718
9660701.653719041
3429012.7297912496
15203177.868639788
5968351.777759962
3451379.5754723144
9539372.613855414
5968351.777759962
5968319.513677347
3821489.1958104316
6875534.283333826
5968319.513677347
5968198.992965409
8064756.085384442
1026196.217649036
5968198.992965409
5965679.374219324
8554909.931641417
5045638.339408063
5965679.374219324
5960804.694402385
3429012.7297912496
9553610.336378293
5960804.694402385
5958802.799350348
3818283.8641710165
6875574.608269299
5958802.799350348
5962265.90013845
8068324.624242351
1032719.4704311722
5962265.90013845
5966822.817069605
8571012.332458906
5028599.270553477
11997969.240977969
5967979.325977581
6458400.751626946
7808168.900632545
5967979.325977581
5968340.481816635
1026196.217649036
8888489.533481764
5968340.481816635
5968365.772025703
5568648.53130914
4016694.5345932143
5968365.772025703
5967386.085562745
9692152.890716664
2080419.0543685618
5967386.085562745
5963270.667625811
6443748.8425153345
7823824.344244544
5963270.667625811
5959107.226772813
1032719.4704311722
8892481.625442615
5959107.226772813
5960003.884982199
5573421.102145511
4021374.2083303593
5960003.884982199
5964792.06839175
9702506.632782126
2063851.0923010304
