5967978.421596745
5968339.690595618
2073911.178257785
9022160.237072108
5968339.690595618
5968367.341654695
5882487.476754317
4180261.6846695007
5968367.341654695
5967387.290885469
9651612.356491178
3453942.850127434
5967387.290885469
5963277.412849524
6001401.025179785
7560058.057083754
5963277.412849524
5959108.146901038
2057304.871436543
9022399.764066413
5959108.146901038
5960000.295731546
5891429.71799803
4192420.45020478
5960000.295731546
5964787.627453473
9659305.603518236
3431589.6450403454
5964787.627453473
5967978.421596745
6021217.937994628
7541279.707151518
12993163.399301058
5968320.127509544
3812624.5261828294
6882274.126938407
5968320.127509544
5968199.8402851075
8060558.287493875
1034786.9234898977
5968199.8402851075
5965681.858084696
8560322.74385838
5038930.251462543
5965681.858084696
5960811.380175875
3431589.6450403454
9550074.711425321
5960811.380175875
5958798.700438623
3809435.0231213956
6882293.510403243
5958798.700438623
5962264.0285194265
8064139.627626071
1041234.2512553686
5962264.0285194265
5966819.189845436
8576411.312281871
5021876.852875818
5966819.189845436
5968351.550877478
3453942.850127434
9535826.153342763
10915443.657989167
5968339.563009846
1034786.9234898977
8891851.586151185
5968339.563009846
5968367.563285393
5562566.664049767
4024127.217781364
5968367.563285393
5967386.953976281
9693067.550623313
2073911.178257785
5967386.953976281
5963278.559549339
6450930.669147761
7817565.212140649
5963278.559549339
5959106.670897025
1041234.2512553686
8895829.677725757
5959106.670897025
5960002.6061777435
5567364.555681482
4028775.5413932377
5960002.6061777435
5964785.078523282
9703418.129963635
2057304.871436543
5964785.078523282
5967978.631611026
6465571.658465326
7801896.59933223
