5968362.788138106
5968350.906925284
4683956.466765456
5061940.225190561
5968350.906925284
5967843.892929724
9209383.28249896
1807053.0967459623
5967843.892929724
5964374.87029844
7262425.2878523925
6774624.047639978
5964374.87029844
5959705.559328519
1595614.113486971
9562259.879898664
5959705.559328519
5959309.197595924
4686003.765766609
5069054.189673032
5959309.197595924
5963711.85417176
9212196.025423022
1808981.9626595748
5963711.85417176
5967586.286216912
7279170.380880661
6753366.435403751
5967586.286216912
5968362.788138106
1615799.411983682
9557396.165715855
9557396.165715855
5968326.865188204
7327877.706496866
3036147.1755188555
5968326.865188204
5966531.060440506
9252855.462946529
3758160.9807929914
5966531.060440506
5961835.66817179
4462041.108510214
8941723.900199745
5961835.66817179
5958742.150197433
1808981.9626595748
7728465.357378474
5958742.150197433
5961196.199433874
7334572.503382885
3034529.4999638097
5961196.199433874
5966035.690620213
9268016.59608727
3737214.271790319
5966035.690620213
5968261.987726183
4480481.85622449
8925458.028494978
5968261.987726183
5968315.90234952
1807053.0967459623
7723510.6023289515
5739252.7785828365
5968350.971070293
4435035.595383219
5736968.238621219
5968350.971070293
5967842.094202829
9240611.830868356
1615799.411983682
5967842.094202829
5964375.530733189
7180297.546447605
6480462.487707575
5964375.530733189
5959704.386065606
3034529.4999638097
9571638.808141625
5959704.386065606
5959310.673338208
4445579.637862114
5738081.892505611
5959310.673338208
5963712.563648239
9246663.59860022
1595614.113486971
5963712.563648239
5967585.566099691
7200157.120789566
6461882.316803221
5967585.566099691
5968364.268588047
3036147.1755188555
9563613.963128753
