5968365.334737548
5968328.889451743
3321795.802744254
6188016.657566577
5968328.889451743
5968100.113961456
8596747.630198026
407486.1463300777
5968100.113961456
5965234.458652908
8135280.229888963
5760267.168483807
5965234.458652908
5960376.997104559
2777021.305105318
9656800.186320879
5960376.997104559
5958927.513519754
3329958.7521124794
6190348.241865328
5958927.513519754
5962781.216767482
8601879.18414231
426703.62254094175
5962781.216767482
5967131.665557679
8153934.884896991
5744577.115331592
5967131.665557679
5968365.334737548
2790703.911354266
9646277.804106569
10198738.127680011
5968364.408502074
6223883.7694117995
4070594.1035306505
5968364.408502074
5967113.675554126
9646277.804106569
3320425.1014186894
5967113.675554126
5962753.338772529
5705772.824503898
8058443.542680967
5962753.338772529
5958920.804549837
426703.62254094175
8506265.305926839
5958920.804549837
5960397.926408054
6226078.421777975
4083494.806939488
5960397.926408054
5965262.0168681815
9656800.186320879
3297359.3383415677
5965262.0168681815
5968105.785303168
5721520.316961669
8041043.109347646
5968105.785303168
5968328.056225365
407486.1463300777
8504318.851349229
7152992.774243928
5968329.153420665
4070594.1035306505
6171854.400854662
5968329.153420665
5968098.617732856
8530459.057068536
2790703.911354266
5968098.617732856
5965234.441937272
8013341.4154371
5576686.933098361
5965234.441937272
5960376.9702294255
3297359.3383415677
9696705.987413289
5960376.9702294255
5958928.438948637
4083494.806939488
6179319.0940003935
5958928.438948637
5962782.228177867
8532307.520595279
2777021.305105318
5962782.228177867
5967129.410393954
8030816.362212643
5555496.122873863
5967129.410393954
5968366.851978866
3320425.1014186894
9684181.519626567
