5968359.148449055
5968356.58731743
5148643.126988074
4756938.151079328
5968356.58731743
5967737.726531471
9454275.902224626
2349908.932647454
5967737.726531471
5964084.675782534
6900371.232549965
6939013.869842305
5964084.675782534
5959519.427584199
1465491.3171299305
9404832.004601328
5959519.427584199
5959472.708885147
5149152.997890157
4765638.295100963
5959472.708885147
5964008.875931951
9456249.33819293
2350016.356051339
5964008.875931951
5967706.963772269
6917905.986659249
6918313.649384606
5967706.963772269
5968359.148449055
1487145.1010222468
9399385.467209555
9399385.467209555
5968303.508841363
7480319.88598704
2494778.186231844
5968303.508841363
5966317.987211565
9089647.671945566
4047190.6626207703
5966317.987211565
5961549.614067879
4113441.901259888
9066800.68303437
5961549.614067879
5958728.34664413
2350016.356051339
7532903.105886439
5958728.34664413
5961473.828621376
7486324.759091049
2494489.0898690964
5961473.828621376
5966263.265260442
9105352.940636639
4027364.6892254013
5966263.265260442
5968295.113272033
4132962.7662511966
9050967.07787703
5968295.113272033
5968314.400681161
2349908.932647454
7527101.849182526
5273084.445605087
5968356.462280288
4682574.265347715
5273084.445605087
5968356.462280288
5967738.742102049
9361961.946790634
1487145.1010222468
5967738.742102049
5964084.769832596
6968819.082829582
6823609.84951321
5964084.769832596
5959519.750093519
2494489.0898690964
9524391.341928862
5959519.750093519
5959472.020930233
4691680.372399995
5273221.538344335
5959472.020930233
5964008.573973289
9367547.941027977
1465491.3171299305
5964008.573973289
5967707.33640711
6989354.619234624
6805858.239865966
5967707.33640711
5968358.354439453
2494778.186231844
9522638.635082277
