5968292.081751471
5968314.386569194
2292340.9271679027
7571582.389035047
5968314.386569194
5968309.822737766
7256920.601638764
2625884.1358684464
5968309.822737766
5966370.4339810945
9186228.60757622
3972426.909064313
5966370.4339810945
5961618.1831204025
5009072.353395858
9033727.169413878
5961618.1831204025
5958727.928899289
2308416.5332161947
7577187.551486378
5958727.928899289
5961408.271538506
7259692.574441311
2625251.578050878
5961408.271538506
5966204.070361709
9201674.556887845
3952330.1870307866
5966204.070361709
5968292.081751471
5032264.49775786
9017779.650987394
11443063.000016531
5968354.338213066
4618080.588412344
4826998.821582296
5968354.338213066
5967764.185065925
9329863.654889792
2218629.4050911535
5967764.185065925
5964155.257884682
7016790.674887363
6895706.166623111
5964155.257884682
5959563.559650397
2625251.578050878
9440357.033547029
5959563.559650397
5959431.860410065
4627547.831812148
4835322.006347707
5959431.860410065
5963938.823968762
9335573.052079454
2219130.0708411196
5963938.823968762
5967678.683633368
7037167.496071676
6874862.02249443
5967678.683633368
5968359.827711116
2625884.1358684464
9435041.85668903
9093728.505170139
5968313.816026071
2218629.4050911535
7503957.926556498
5968313.816026071
5968309.553107364
7440107.830320382
2292340.9271679027
5968309.553107364
5966372.558798887
9126495.329759916
4727879.32018145
5966372.558798887
5961617.892893047
4194120.625538715
9001739.982349806
5961617.892893047
5958727.702671893
2219130.0708411196
7505833.814754696
5958727.702671893
5961407.554439264
7446291.765351289
2308416.5332161947
5961407.554439264
5966206.346098326
9142075.485951472
4716693.771153585
5966206.346098326
5968290.1370515395
4213377.705469486
8985725.219884891
