5964047.4471164895
5967722.752861877
6870629.964042592
6943239.326548229
5967722.752861877
5968358.745284708
1485256.2643059595
9380415.607290933
5968358.745284708
5968356.279151262
5210857.465207055
4719351.812337938
5968356.279151262
5967722.768826275
9488310.34007936
2422357.9136316716
5967722.768826275
5964044.137890526
6852988.299188421
6963857.635090504
5964044.137890526
5959497.57027947
1463579.537535766
9385934.701015916
5959497.57027947
5959496.419187336
5211174.98391849
4728257.717369736
5959496.419187336
5964047.4471164895
9490171.285382554
2422260.206316123
15043534.525688708
5968300.377609372
4089667.731382154
9070042.319608314
5968300.377609372
5968314.37532801
2422357.9136316716
7503400.830252561
5968314.37532801
5968298.943114083
7503402.46349958
2422353.9571185196
5968298.943114083
5966290.009166019
9070042.417109141
4089668.042584913
5966290.009166019
5961511.365354825
4069995.8932927838
9085812.287922364
5961511.365354825
5958729.762890347
2422260.206316123
7509306.047388044
5958729.762890347
5961511.296480206
7509305.730751199
2422264.020891119
5961511.296480206
5966290.168862701
9085812.104011972
4069995.1178550683
11529276.40299228
5967723.488482108
6963857.227906381
6852988.061923367
5967723.488482108
5968356.917917223
2422353.9571185196
9488308.18576675
5968356.917917223
5968357.8288288005
4719354.27014794
5210853.109100296
5968357.8288288005
5967722.701841177
9380417.193780607
1485256.2643059595
5967722.701841177
5964044.35191427
6943239.137657242
6870631.6574772755
5964044.35191427
5959496.766020482
2422264.020891119
9490175.024337552
5959496.766020482
5959495.979853644
4728255.01638243
5211180.181193529
5959495.979853644
5964048.2638419615
9385932.143488528
1463579.537535766
