5966870.275333146
5968354.135945826
3504220.244148819
9591381.684108092
5968354.135945826
5968321.1445448585
2782709.521142422
6778103.935135884
5968321.1445448585
5968186.858110015
8361057.12774158
903497.991569736
5968186.858110015
5965618.16828426
8406722.923495432
5143279.410279158
5965618.16828426
5960742.771925073
3491976.052634816
9605456.610816183
5960742.771925073
5958814.995526046
2794435.10620138
6778444.842545191
5958814.995526046
5962337.254110223
8360190.621534378
911282.8679444504
5962337.254110223
5966870.275333146
8424493.275628645
5126446.274828384
14719173.563778564
5968338.236052658
903497.991569736
8942936.107219782
5968338.236052658
5968366.9329928495
5657318.8734866055
4149709.704924351
5968366.9329928495
5967349.232611003
9679929.671939928
3416915.966276461
5967349.232611003
5963200.040717154
6339865.03897269
7629953.521631038
5963200.040717154
5959076.1526489025
911282.8679444504
8943421.806876855
5959076.1526489025
5960059.886715261
5661714.866198108
4162070.810869146
5960059.886715261
5964857.298075291
9690327.34196534
3394371.5665384387
5964857.298075291
5967998.753326659
6354655.765126245
7611377.211411767
12345590.672556393
5968355.677067973
3416915.966276461
9512773.542324916
5968355.677067973
5968320.573596311
3949555.5176194115
6525721.576228125
5968320.573596311
5968187.563655607
8126248.390022793
2782709.521142422
5968187.563655607
5965617.591461771
8476879.50068649
5273591.482673976
5965617.591461771
5960741.594367253
3394371.5665384387
9525897.187909935
5960741.594367253
5958815.470769623
3946120.728287467
6531518.38800978
5958815.470769623
5962337.659788249
8129576.17863053
2794435.10620138
5962337.659788249
5966869.438623909
8493174.92078117
5251335.428843957
