5968212.207196782
5968319.993586014
2642524.126979851
8008756.716637705
5968319.993586014
5968348.565796074
6652155.780828086
3701893.3872230314
5968348.565796074
5966778.610658097
9472717.698910534
3487848.6898128395
5966778.610658097
5962199.840729838
5178503.913027101
8643970.547236212
5962199.840729838
5958786.452832836
2655364.366085395
8012545.613564766
5958786.452832836
5960866.344393576
6657383.301417279
3698919.062204161
5960866.344393576
5965733.163829811
9485984.7834891
3465665.0605215733
5965733.163829811
5968212.207196782
5201031.62410021
8628043.93731212
12007907.109257342
5968341.117263068
4208331.291395186
5487247.542791676
5968341.117263068
5967958.736535556
9086519.96161496
1142897.677364891
5967958.736535556
5964727.53077946
7485948.947780535
6554990.936884477
5964727.53077946
5959957.136672437
3465665.0605215733
9715510.526689678
5959957.136672437
5959134.142377382
4220303.170408003
5492380.6491285935
5959134.142377382
5963342.954360097
9086555.486282766
1148429.9953179355
5963342.954360097
5967417.525245181
7504885.6411226075
6540467.416462626
5967417.525245181
5968367.498365382
3487848.6898128395
9705205.837400464
9813851.992432117
5968320.209215922
1142897.677364891
8195452.118811357
5968320.209215922
5968347.08723088
6966415.947031583
2642524.126979851
5968347.08723088
5966779.966997652
9492107.636542214
3734297.339910009
5966779.966997652
5962199.464681784
4938471.1004233165
8522628.368699225
5962199.464681784
5958787.774387427
1148429.9953179355
8195074.192872617
5958787.774387427
5960865.959610627
6966172.365029275
2655364.366085395
5960865.959610627
5965733.650778707
9506496.411243828
3722345.533406545
5965733.650778707
5968211.863767641
4955709.4773274455
8505169.129801024
