5965463.54080622
5968156.104759619
5386880.270575882
8280627.092274088
5968156.104759619
5968322.831326482
2991980.794495017
8289033.923368771
5968322.831326482
5968359.715596954
6369140.304273367
4096527.111899845
5968359.715596954
5966979.674301102
9576076.076299407
3352154.904171555
5966979.674301102
5962521.255140967
5365036.973686464
8297411.267933185
5962521.255140967
5958857.327638444
3002212.9012148064
8291756.813750883
5958857.327638444
5960585.807305334
6375652.23973683
4109248.0647506164
5960585.807305334
5965463.54080622
9588978.21466771
3329262.8878708743
15225938.010760559
5968367.439556631
3352154.904171555
9657250.484196035
5968367.439556631
5968333.054381993
4096527.111899845
5888712.214599633
5968333.054381993
5968045.535718211
8756917.569443854
614672.780533828
5968045.535718211
5965026.594034231
7784752.081891732
6090333.219828971
5965026.594034231
5960193.609310974
3329262.8878708743
9667731.694545103
5960193.609310974
5959009.28884713
4109248.0647506164
5892178.565837445
5959009.28884713
5963013.679929874
8758000.13866543
627077.6023053038
5963013.679929874
5967255.989212659
7802843.301077166
6075161.263350232
12294245.209119216
5968154.37050965
5396614.911143773
8285847.549155543
5968154.37050965
5968324.179925922
614672.780533828
8474728.691228524
5968324.179925922
5968358.773473599
6530763.026204062
2991980.794495017
5968358.773473599
5966980.131426329
9657250.484196035
3203318.966676801
5966980.131426329
5962520.920888668
5380288.800959387
8304004.983601251
5962520.920888668
5958857.660202079
627077.6023053038
8480364.65966519
5958857.660202079
5960587.125901653
6531894.931546969
3002212.9012148064
5960587.125901653
5965463.37009227
9667731.694545103
3190573.697159949
