5964874.51937568
5968003.345841874
5928580.434666254
7627424.481853157
5968003.345841874
5968337.966261018
2200697.787876201
8925141.560566956
5968337.966261018
5968367.204386078
5928389.2414213335
4143473.168832082
5968367.204386078
5967341.17434675
9679658.679949906
3409344.212217386
5967341.17434675
5963181.0650588665
5908494.537053146
7645955.95130734
5963181.0650588665
5959070.104468403
2184779.3067302015
8925685.067364229
5959070.104468403
5960070.941339853
5937089.132660932
4155877.5972825973
5960070.941339853
5964874.51937568
9687246.909256011
3386759.944628743
15212725.020518871
5968355.0739730885
3409344.212217386
9604125.80048705
5968355.0739730885
5968321.074844869
3980414.093610833
6754614.664927966
5968321.074844869
5968183.211579069
8141296.650854177
874419.2302437087
5968183.211579069
5965603.949560095
8458128.089674586
5167003.722088169
5965603.949560095
5960727.7236336125
3386759.944628743
9618161.527850386
5960727.7236336125
5958821.047131186
3976924.0821198975
6755030.009132777
5958821.047131186
5962354.941558212
8144569.078423847
882544.4949448371
5962354.941558212
5966878.866288887
8474467.716222351
5150222.560437786
12041627.181405053
5968004.004610681
6329614.2700682
7920965.394211714
5968004.004610681
5968337.71304096
874419.2302437087
8829318.935484128
5968337.71304096
5968368.010529246
5678909.257517322
3884044.4844893077
5968368.010529246
5967340.489524754
9677259.040271765
2200697.787876201
5967340.489524754
5963180.444029907
6314785.872099311
7936407.15081957
5963180.444029907
5959070.984980831
882544.4949448371
8833536.475758757
5959070.984980831
5960068.9861613335
5683217.576886288
3889320.059601192
5960068.9861613335
5964875.407664601
9687666.724727863
2184779.3067302015
