5968359.214183102
5968356.096671021
5241928.55273744
4700884.735889616
5968356.096671021
5967714.769621209
9505416.131820804
2458522.4159843544
5967714.769621209
5964026.974556694
6829423.685076257
6976506.411166615
5964026.974556694
5959484.670354455
1464055.6629643773
9376689.37614283
5959484.670354455
5959506.431316699
5242152.202538426
4709892.860823532
5959506.431316699
5964066.673584508
9507218.912747879
2458324.0476726275
5964066.673584508
5967731.195805024
6847120.499480391
6955930.111251973
5967731.195805024
5968359.214183102
1485727.897449702
9371136.613514755
9371136.613514755
5968297.365871013
7515159.496847671
2386183.630970134
5968297.365871013
5966274.670195355
9060451.5547545
4111186.038133856
5966274.670195355
5961493.199685021
4048607.8906081486
9095502.395636788
5961493.199685021
5958728.22449344
2458324.0476726275
7497754.534895448
5958728.22449344
5961529.796650639
7521009.20769715
2386196.0777882016
5961529.796650639
5966307.548211086
9076254.16219666
4091585.4645344676
5966307.548211086
5968300.89814584
4068352.9254451087
9079766.832196971
5968300.89814584
5968314.479366725
2458522.4159843544
7491799.413614852
5179785.66683132
5968357.244961101
4738023.5093612615
5179785.66683132
5968357.244961101
5967714.983296097
9389824.904524399
1485727.897449702
5967714.983296097
5964025.091851585
6930710.899857167
6894205.59743317
5964025.091851585
5959485.931805281
2386196.0777882016
9473199.674196212
5959485.931805281
5959507.498992426
4746820.415121286
5180207.70148978
5959507.498992426
5964066.395211617
9395304.868330125
1464055.6629643773
5964066.395211617
5967730.018571677
6951370.553184274
6876615.650301855
5967730.018571677
5968359.011545935
2386183.630970134
9471278.020491146
