5968043.776584705
5968333.159286247
2405747.56989479
8779297.396586584
5968333.159286247
5968367.354705024
6007551.114244391
4101479.675522068
5968367.354705024
5967266.324362697
9728343.901767671
3358203.174022554
5967266.324362697
5963036.423822557
5773021.343184728
7781374.435681176
5963036.423822557
5959013.634541492
2390761.1956233927
8780311.953583043
5959013.634541492
5960178.126025797
6015838.478694439
4114169.8323608185
5960178.126025797
5965006.8066593865
9735751.596644407
3335346.214133596
5965006.8066593865
5968043.776584705
5793516.603220788
7763222.84427147
12781386.51295365
5968323.310960507
4101479.675522068
6560735.971968551
5968323.310960507
5968157.531008377
8268800.329918615
646851.7026000337
5968157.531008377
5965479.706618262
8304267.54238432
5365505.121126685
5965479.706618262
5960606.44374696
3335346.214133596
9669826.13950069
5960606.44374696
5958850.458674943
4114169.8323608185
6561775.54439845
5958850.458674943
5962502.111700233
8271590.545435561
658567.5661438549
5962502.111700233
5966966.095358898
8320990.489143946
5349118.820040308
5966966.095358898
5968359.485300183
3358203.174022554
9659353.43022412
10693759.964793134
5968334.746060229
646851.7026000337
8739105.190584525
5968334.746060229
5968367.227545939
5860200.820329491
3674425.147341584
5968367.227545939
5967266.499943332
9659353.43022412
2405747.56989479
5967266.499943332
5963036.858449007
6107321.190067974
8030497.511965241
5963036.858449007
5959012.809293876
658567.5661438549
8743672.766998775
5959012.809293876
5960179.927506843
5863769.680504478
3680706.5518571762
5960179.927506843
5965005.584755521
9669826.13950069
2390761.1956233927
5965005.584755521
5968042.251489883
6122444.654975244
8011424.4440283645
