5968196.412610535
5968320.391092896
2730676.4869267917
8083705.181564821
5968320.391092896
5968352.018006194
6570119.755082602
3861302.41348093
5968352.018006194
5966835.767494134
9497684.321602281
3440147.43607901
5966835.767494134
5962288.681113675
5223985.235370897
8546777.086682098
5962288.681113675
5958804.002113136
2742810.056137763
8087201.994184086
5958804.002113136
5960786.886924394
6575711.390233448
3858033.819707091
5960786.886924394
5965661.763412929
9510863.02235463
3417721.6808259217
5965661.763412929
5968196.412610535
5246339.488237605
8530615.584958095
12092372.06222932
5968338.58636509
4168866.1010202426
5596049.735875689
5968338.58636509
5967984.476045582
8993948.259425247
987750.5639938278
5967984.476045582
5964810.762310277
7565992.39766279
6426179.609943104
5964810.762310277
5960021.048410589
3417721.6808259217
9698524.399882417
5960021.048410589
5959096.403147128
4181098.62550369
5600712.696687936
5959096.403147128
5963253.091610739
8994269.15862475
994634.2860950121
5963253.091610739
5967373.619170923
7584697.7284216145
6411483.891786922
5967373.619170923
5968367.765917889
3440147.43607901
9688158.664677605
9915540.054520471
5968321.116492557
987750.5639938278
8301812.046062231
5968321.116492557
5968352.30401712
6845256.681769456
2730676.4869267917
5968352.30401712
5966834.279339022
9555388.225363668
3586189.209531477
5966834.279339022
5962289.27454983
5058879.500841296
8458867.542631106
5962289.27454983
5958804.108204121
994634.2860950121
8301122.648667415
5958804.108204121
5960787.346618746
6845380.550045405
2742810.056137763
5960787.346618746
5965660.134175062
9569578.10705101
3574049.7256451696
5965660.134175062
5968197.25123824
5075851.476824966
8441207.347618155
