5966851.456340451
5968352.974444267
3553387.8839952513
9569706.562736444
5968352.974444267
5968321.034598924
2751229.496447736
6818395.115029874
5968321.034598924
5968191.819083308
8325486.824742607
953868.4812963522
5968191.819083308
5965644.305038549
8427330.945624985
5102750.208145784
5965644.305038549
5960767.402500991
3541212.712624192
9583850.332146008
5960767.402500991
5958809.97849765
2763194.8651933125
6818610.210536588
5958809.97849765
5962307.24622264
8324721.537324989
961101.7809246323
5962307.24622264
5966851.456340451
8445037.00371802
5085832.639121869
14733256.664843649
5968338.640732274
953868.4812963522
8973517.150947256
5968338.640732274
5968367.004301347
5620476.29135284
4160967.0438229223
5968367.004301347
5967363.455004082
9684761.769317994
3430575.096484052
5967363.455004082
5963230.791632471
6382850.733254396
7602711.969620766
5963230.791632471
5959088.027258378
961101.7809246323
8973908.054590827
5959088.027258378
5960037.882771387
5625027.89603775
4173255.213989996
5960037.882771387
5964829.425716001
9695141.904446317
3408102.004784956
5964829.425716001
5967990.594477021
6397582.400331867
7584058.156068454
12352605.546698911
5968353.423238518
3430575.096484052
9503612.950784942
5968353.423238518
5968321.457505444
3896610.685099656
6552266.592015103
5968321.457505444
5968190.462444443
8100638.7089819405
2751229.496447736
5968190.462444443
5965644.072233177
8509100.086777216
5257057.822960706
5965644.072233177
5960768.198498992
3408102.004784956
9516769.248625169
5960768.198498992
5958809.299177108
3893270.5502067683
6557943.931961667
5958809.299177108
5962307.57190219
8104064.708586633
2763194.8651933125
5962307.57190219
5966851.132280619
8525315.73495795
5234740.866972365
