5967548.15067862
5968366.620132381
1684684.5199346486
9606999.02552651
5968366.620132381
5968347.257287877
4553290.987688438
5154961.224224549
5968347.257287877
5967871.810203337
9143596.347520802
1653871.706532815
5967871.810203337
5964456.020051493
7366787.357456766
6735421.720532523
5964456.020051493
5959758.678858598
1665180.5313745732
9611681.05451356
5959758.678858598
5959269.016299126
4555807.143439799
5161624.725067035
5959269.016299126
5963628.577386893
9146643.311498174
1656442.6715995655
5963628.577386893
5967548.15067862
7383316.585157173
6714027.774866459
13949815.85754226
5968316.469748612
1653871.706532815
7784806.473079704
5968316.469748612
5968332.858979182
7291601.195398218
3188796.078969871
5968332.858979182
5966589.044258605
9304049.87895378
3686973.6045218376
5966589.044258605
5961918.805953373
4567113.315007167
8912084.891999945
5961918.805953373
5958748.707337871
1656442.6715995655
7789504.501725652
5958748.707337871
5961122.3279493395
7298465.057288256
3186846.6890389225
5961122.3279493395
5965965.722801303
9319042.646452338
3665722.1551634413
5965965.722801303
5968252.483508545
4585264.883079416
8895714.62134673
11809448.013280826
5968364.5444055535
3188796.078969871
9575496.58719385
5968364.5444055535
5968347.757580361
4374850.85203584
5756754.976108815
5968347.757580361
5967870.384890483
9211869.992555434
1684684.5199346486
5967870.384890483
5964457.909178825
7246120.773148497
6386732.749949094
5964457.909178825
5959758.117617039
3186846.6890389225
9583477.345520876
5959758.117617039
5959269.77062803
4385761.07239319
5766380.231317483
5959269.77062803
5963626.149974126
9218035.564151818
1665180.5313745732
5963626.149974126
5967551.073800709
7265777.82841426
6367913.155847092
