5966386.988153253
5968313.070819949
4694836.060949227
9136949.179138813
5968313.070819949
5968314.613059966
2296081.0200541024
7429393.342943662
5968314.613059966
5968285.998496382
7526300.928863552
2182440.3916189247
5968285.998496382
5966190.736051584
8968388.938949024
4235969.976094549
5966190.736051584
5961387.4900855925
4683638.992258463
9152492.699466726
5961387.4900855925
5958728.937869167
2312115.7953039934
7435629.446791523
5958728.937869167
5961637.793098122
7528090.397455372
2183061.921460844
5961637.793098122
5966386.988153253
8984456.410648214
4216785.8643527785
15005007.571441064
5968354.599420331
2182440.3916189247
9321321.450217536
5968354.599420331
5968359.431742557
4846743.891753788
4600801.889868769
5968359.431742557
5967670.748188709
9445161.867274234
2661999.2647436764
5967670.748188709
5963916.784637613
6863277.293063479
7050708.294897874
5963916.784637613
5959420.17634436
2183061.921460844
9327065.427197114
5959420.17634436
5959577.623259189
4854955.268227199
4610373.877169059
5959577.623259189
5964174.86071294
9450435.70169603
2661264.561433724
5964174.86071294
5967772.276693297
6884160.3523932425
7030374.715563843
12444358.314500313
5968313.133303094
3952335.6972519346
9204471.409331035
5968313.133303094
5968313.821915191
2661999.2647436764
7235424.173990989
5968313.821915191
5968286.335152659
7584187.953955451
2296081.0200541024
5968286.335152659
5966190.851883841
9008947.050927915
5033967.390368611
5966190.851883841
5961387.52105706
3932166.332457029
9219864.289432267
5961387.52105706
5958730.469199541
2661264.561433724
7238285.143566962
5958730.469199541
5961636.394259505
7589736.088166511
2312115.7953039934
5961636.394259505
5966387.540566611
9024926.452209847
5010781.274314288
