5964394.015595505
5967853.122091583
6458274.747847778
7195550.014455308
5967853.122091583
5968350.073620467
1630871.313655037
9233623.35019175
5968350.073620467
5968362.22446353
5741233.773236055
4420461.932044385
5968362.22446353
5967577.60935206
9566172.513197875
3072072.5162407486
5967577.60935206
5963690.667974824
6439637.927658962
7215362.92829898
5963690.667974824
5959301.665186822
1610836.3927915192
9239706.092073677
5959301.665186822
5959716.48855875
5750942.427499941
4431096.946300921
5959716.48855875
5964394.015595505
9574187.607820231
3070367.635166431
15134236.324016739
5968328.912734348
3740960.693901901
9264702.79153589
5968328.912734348
5968315.8979474455
3072072.5162407486
7319064.123379539
5968315.8979474455
5968260.113784047
7737710.19803711
1770991.6950964225
5968260.113784047
5966016.8607321875
8918228.622723157
4504896.162969575
5966016.8607321875
5961177.215152172
3719943.9989939113
9279822.289316246
5961177.215152172
5958745.416463995
3070367.635166431
7325803.061419692
5958745.416463995
5961854.9332586555
7742601.101319677
1773073.3332805657
5961854.9332586555
5966546.481346742
8934521.134601008
4486520.326363244
11765526.640427882
5967851.51346642
6765105.028252781
7286900.242612244
5967851.51346642
5968349.480786305
1770991.6950964225
9193763.409632483
5968349.480786305
5968363.113130413
5083573.352357322
4653178.8237169115
5968363.113130413
5967577.301438253
9568873.409929577
1630871.313655037
5967577.301438253
5963690.242756896
6743814.247459915
7303597.195513613
5963690.242756896
5959300.9739352465
1773073.3332805657
9196636.596694427
5959300.9739352465
5959716.812601654
5090575.951072311
4655344.342886893
5959716.812601654
5964396.309847733
9573690.867023224
1610836.3927915192
