5968266.317760645
5968314.720672305
2361092.573426224
7711182.809335119
5968314.720672305
5968325.979484506
7035171.336306987
3004659.8104552873
5968325.979484506
5966519.230543476
9381126.356650874
3773455.914705593
5966519.230543476
5961818.892494636
5040869.805340351
8948152.712779073
5961818.892494636
5958739.029912316
2376471.526314183
7716189.251458812
5958739.029912316
5961214.928478661
7038801.201577854
3003115.3014259418
5961214.928478661
5966046.366546855
9396031.808638394
3752575.918895604
5966046.366546855
5968266.317760645
5063932.925842478
8931908.489240663
11640526.974853108
5968350.091009137
4448010.244436677
5043112.771166546
5968350.091009137
5967836.957333091
9246845.373657601
1838660.3291594025
5967836.957333091
5964358.24454956
7167049.787823705
6783114.555398929
5964358.24454956
5959693.94067138
3003115.3014259418
9552336.287265832
5959693.94067138
5959319.164696622
4458474.213662107
5050322.430652649
5959319.164696622
5963731.532421286
9252874.54142085
1840466.5892226894
5963731.532421286
5967593.058437322
7186949.327447837
6761887.750180745
5967593.058437322
5968363.373202042
3004659.8104552873
9547437.314667381
9353882.046048753
5968316.617384933
1838660.3291594025
7741524.309036076
5968316.617384933
5968325.629333795
7335739.413129099
2361092.573426224
5968325.629333795
5966518.979622587
9242573.74605431
4380080.804461412
5966518.979622587
5961818.859572285
4440709.8742080815
8824287.343120217
5961818.859572285
5958739.609681359
1840466.5892226894
7742581.8597845035
5958739.609681359
5961213.992563511
7342397.24723546
2376471.526314183
5961213.992563511
5966045.820142056
9257767.642827515
4368697.68783588
5966045.820142056
5968266.371203806
4459214.477026195
8807749.884290932
