5968330.373160484
5968315.687636
2368404.490801152
7329004.624350427
5968315.687636
5968263.470699096
7758680.823076211
1811621.723389446
5968263.470699096
5966032.965200447
8795432.560856238
4477400.413204875
5966032.965200447
5961199.190467356
4343857.076353327
9266526.194802271
5961199.190467356
5958741.641526603
2383708.9309039563
7335698.997501277
5958741.641526603
5961835.665445383
7759675.28452076
1813541.9137205824
5961835.665445383
5966527.419643088
8812007.210272891
4458947.478103539
5966527.419643088
5968330.373160484
4355253.2775508845
9251361.987486996
11025609.162327088
5968362.637844405
5059210.423364457
4436900.560636698
5968362.637844405
5967586.142406205
9555950.367540412
3031595.3808155926
5967586.142406205
5963713.444392617
6754591.053159043
7198239.184946721
5963713.444392617
5959312.742581268
1813541.9137205824
9247557.166007867
5959312.742581268
5959701.954712961
5066334.80326824
4447435.042490186
5959701.954712961
5964375.999060473
9560815.721149726
3029980.7217695685
5964375.999060473
5967842.516520483
6775843.168296246
7178375.145422856
5967842.516520483
5968349.867086273
1811621.723389446
9241504.329959886
8508859.774758477
5968314.198893345
3031595.3808155926
7019729.16913723
5968314.198893345
5968263.825997971
7721721.96027118
2368404.490801152
5968263.825997971
5966033.206590429
8926383.688015368
5067344.355307677
5966033.206590429
5961199.49448024
3739425.8643979304
9410139.884033471
5961199.49448024
5958741.156059589
3029980.7217695685
7023428.844119112
5958741.156059589
5961834.76511794
7726681.357707982
2383708.9309039563
5961834.76511794
5966529.544230125
8942648.109470591
5044293.811199517
5966529.544230125
5968329.571793324
3760360.86248451
9395274.04082709
