5968321.179007638
5968316.199046516
2329174.540561634
7370913.089640359
5968316.199046516
5968273.83429344
7655977.556507159
1974283.8481087936
5968273.83429344
5966103.512798147
8870237.60091985
4369338.805770528
5966103.512798147
5961281.780686605
4493151.808975939
9214880.133874845
5961281.780686605
5958734.694417138
2344870.2128332444
7377413.701698899
5958734.694417138
5961748.069727955
7657315.610554777
1975598.5640269255
5961748.069727955
5966466.633549379
8886590.163936574
4350568.700060114
5966466.633549379
5968321.179007638
4504449.644039079
9199544.510446044
11108175.299078701
5968361.234003607
4963784.03039659
4505773.406895487
5968361.234003607
5967624.445391718
9505763.853510499
2869542.4225587673
5967624.445391718
5963801.49753483
6799993.061192608
7131573.9033149965
5963801.49753483
5959359.550481704
1975598.5640269255
9280698.851144115
5959359.550481704
5959645.065545262
4971388.19279025
4515896.932303837
5959645.065545262
5964289.376829091
9510812.659368683
2868300.241824497
5964289.376829091
5967811.85470284
6821089.9409151245
7111500.032918983
5967811.85470284
5968351.96695519
1974283.8481087936
9274776.8893337
8628691.783735655
5968315.340412498
2869542.4225587673
7113304.901838236
5968315.340412498
5968273.66482857
7659528.534577381
2329174.540561634
5968273.66482857
5966102.317877168
8960805.490085442
5049138.876591716
5966102.317877168
5961281.79757603
3820747.086043046
9325811.418656273
5961281.79757603
5958734.37216759
2868300.241824497
7116634.637314219
5958734.37216759
5961748.661211661
7664749.120711491
2344870.2128332444
5961748.661211661
5966467.098823683
8976950.108876908
5026014.791585132
5966467.098823683
5968322.730809312
3841349.2214317746
9310713.383262483
