5965118.932430696
5968073.122518008
5683727.046722826
7884157.146496899
5968073.122518008
5968331.287688966
2591270.2085587354
8655990.155444076
5968331.287688966
5968366.070576444
6084247.0575443115
4079398.9326376277
5968366.070576444
5967201.043218382
9746249.64902053
3331209.5478998176
5967201.043218382
5962909.332097119
5662885.949497573
7901978.564565151
5962909.332097119
5958972.269005362
2576969.3638644237
8657415.467378188
5958972.269005362
5960273.827155595
6092144.213240439
4092237.6953847175
5960273.827155595
5965118.932430696
9758564.344098011
3308204.5655900533
15230229.053288003
5968362.526683576
3331209.5478998176
9649998.210034262
5968362.526683576
5968325.728719179
4079398.9326376277
6394824.239289693
5968325.728719179
5968132.826773755
8382569.902814362
487649.0445702216
5968132.826773755
5965373.333504053
8173948.051817828
5539090.194498721
5965373.333504053
5960501.647028865
3308204.5655900533
9660505.659162674
5960501.647028865
5958885.824775771
4092237.6953847175
6396424.887349577
5958885.824775771
5962623.4850963885
8384944.49107785
503609.20007212064
5962623.4850963885
5967040.794387471
8191003.348141585
5523023.480017332
12159407.805701086
5968071.48469061
5944435.650390656
8069059.857023865
5968071.48469061
5968332.571781479
487649.0445702216
8666637.037982909
5968332.571781479
5968365.666790736
6019634.824302828
3498634.180801515
5968365.666790736
5967201.367587807
9649998.210034262
2591270.2085587354
5967201.367587807
5962908.966250253
5929042.803735169
8087935.686885885
5962908.966250253
5958971.678864043
503609.20007212064
8671491.159733946
5958971.678864043
5960273.6324065775
6022585.569036805
3505822.753465957
5960273.6324065775
5965120.718108792
9660505.659162674
2576969.3638644237
