5967577.570078905
5968364.731446834
1634760.3618635612
9571768.050508928
5968364.731446834
5968348.988680827
4645473.1704642875
5089016.3540642755
5968348.988680827
5967851.716270567
9189863.869140418
1761960.2074792297
5967851.716270567
5964398.785154366
7293043.226975038
6762747.023739978
5964398.785154366
5959719.356240466
1614768.1709643048
9576578.218500042
5959719.356240466
5959299.389459357
4647655.808010195
5096000.0651685875
5959299.389459357
5963684.877427606
9192746.610881116
1764070.9421057785
5963684.877427606
5967577.570078905
7309728.085770481
6741447.901967462
13906856.347023176
5968315.363111188
1761960.2074792297
7741287.2095125215
5968315.363111188
5968328.110499403
7316883.347581285
3081071.5466238973
5968328.110499403
5966548.895875749
9267691.483355103
3736692.7970522274
5966548.895875749
5961860.36732256
4492681.113982378
8932736.322852923
5961860.36732256
5958742.580204713
1764070.9421057785
7746167.311504306
5958742.580204713
5961176.936193507
7323630.476647944
3079355.454803212
5961176.936193507
5966012.764524148
9282801.183364566
3715657.909272483
5966012.764524148
5968260.593136072
4511036.981395109
8916439.352726614
11773559.719163539
5968363.316671192
3081071.5466238973
9566836.566984294
5968363.316671192
5968349.581003338
4416851.206261491
5742338.98543073
5968349.581003338
5967852.391501711
9231894.762622654
1634760.3618635612
5967852.391501711
5964399.64369054
7199395.842471767
6452725.375227784
5964399.64369054
5959718.726395205
3079355.454803212
9574849.47390667
5959718.726395205
5959298.943379855
4427505.523517489
5752043.7632650295
5959298.943379855
5963686.128663072
9237981.554834029
1614768.1709643048
5963686.128663072
5967577.067833341
7219196.51650478
6434073.810027326
