5968364.974476308
5968348.621087119
4591645.623952183
5127337.671000185
5968348.621087119
5967863.381696335
9162764.959075151
1698857.7806826194
5967863.381696335
5964431.953720648
7336032.951781465
6746597.412610117
5964431.953720648
5959743.371613653
1643447.005473604
9596937.444089618
5959743.371613653
5959279.970768037
4594025.551769956
5134133.758705476
5959279.970768037
5963652.582442597
9165741.904398773
1701231.1020311327
5963652.582442597
5967561.039470043
7352628.798358331
6725242.581823183
5967561.039470043
5968364.974476308
1663158.867809809
9592200.893526314
9592200.893526314
5968331.383171503
7301940.011822618
3143952.2097123032
5968331.383171503
5966572.093042998
9288780.026756776
3707365.668439114
5966572.093042998
5961893.488408323
4535965.8827681
8920526.989179054
5961893.488408323
5958747.772043193
1701231.1020311327
7771312.884537446
5958747.772043193
5961141.887888301
7308756.617500279
3142097.7254032283
5961141.887888301
5965988.659146799
9303822.859643584
3686200.930349425
5965988.659146799
5968254.49228492
4554200.931212968
8904187.231569631
5968254.49228492
5968316.059800697
1698857.7806826194
7766539.146172034
5832222.049652728
5968346.541786236
4392058.512190109
5750490.339824629
5968346.541786236
5967864.860026232
9220053.947693381
1663158.867809809
5967864.860026232
5964431.917590784
7226510.312927637
6414115.600434046
5964431.917590784
5959742.789583205
3142097.7254032283
9579726.39651433
5959742.789583205
5959280.938224699
4402862.629821832
5760149.778562517
5959280.938224699
5963652.229610272
9226189.907469727
1643447.005473604
5963652.229610272
5967560.070788479
7246228.30647827
6395365.618674774
5967560.070788479
5968365.922004879
3143952.2097123032
9571731.504158117
