5968116.754042893
5968328.433578728
2908081.3530310965
8459451.7218012
5968328.433578728
5968363.720373405
6225829.987927787
4072126.8186485562
5968363.720373405
5967086.765843581
9650776.995921498
3322303.506254986
5967086.765843581
5962707.150282205
5497121.928706887
8106543.47410112
5962707.150282205
5958905.554717326
2894700.705759567
8461554.16596831
5958905.554717326
5960437.101227625
6233025.434839667
4085016.0579067343
5960437.101227625
5965300.744655429
9663419.14641033
3299249.11325976
5965300.744655429
5968116.754042893
5518507.323324825
8089267.470814661
12482378.926080264
5968329.269479638
4072126.8186485562
6126219.852009927
5968329.269479638
5968088.961313878
8575983.44766167
422525.8491514158
5968088.961313878
5965192.229558266
7965762.62419628
5827417.358337096
5965192.229558266
5960338.966523986
3299249.11325976
9657445.081629366
5960338.966523986
5958942.536558312
4085016.0579067343
6128778.34917954
5958942.536558312
5962832.142145138
8577674.088921912
441047.3285955261
5962832.142145138
5967155.384372824
7983362.7422613045
5811840.785891384
5967155.384372824
5968366.164319373
3322303.506254986
9646925.646584313
10366924.49610706
5968328.398343096
422525.8491514158
8559082.769567708
5968328.398343096
5968363.488502137
6286125.54053411
3223096.964082643
5968363.488502137
5967085.619544463
9646925.646584313
2908081.3530310965
5967085.619544463
5962707.25276119
5638810.553724679
8194792.010397811
5962707.25276119
5958905.474228307
441047.3285955261
8564370.13657589
5958905.474228307
5960437.849803499
6288096.927656131
3231850.713057642
5960437.849803499
5965299.901160424
9657445.081629366
2894700.705759567
5965299.901160424
5968118.46071821
5654673.577864216
8176275.120790459
