5967340.230629069
5968366.115754705
2207560.987479388
9676513.825163182
5968366.115754705
5968338.202600674
3876716.9703256343
5685097.36874202
5968338.202600674
5968003.361371738
8826098.017528946
866147.7382899146
5968003.361371738
5964878.373602309
7927249.695289172
6322449.546765774
5964878.373602309
5960072.8842022875
2191684.468468759
9686924.712010307
5960072.8842022875
5959069.137391138
3882019.053295555
5689384.899654589
5959069.137391138
5963177.121879732
8830323.995278781
874368.5328579277
5963177.121879732
5967340.230629069
7942678.488383388
6307611.261436708
14252842.38964945
5968321.593122397
866147.7382899146
8145615.594035322
5968321.593122397
5968354.224581875
6747899.406750139
3989236.0167764816
5968354.224581875
5966881.042758556
9607784.489332475
3407232.3161689457
5966881.042758556
5962360.439994938
5157037.839377587
8469121.032969426
5962360.439994938
5958817.70916754
874368.5328579277
8148874.254670061
5958817.70916754
5960727.899686202
6748325.276867029
3985739.6002960727
5960727.899686202
5965598.713353346
9621810.702489264
3384637.2851615357
5965598.713353346
5968183.928637593
5173802.899040547
8452768.663682247
12047988.00023716
5968368.823612052
3407232.3161689457
9681221.822817096
5968368.823612052
5968336.49457138
4141736.8789816233
5930941.373147953
5968336.49457138
5968004.831788744
8920059.550554961
2207560.987479388
5968004.831788744
5964877.722750975
7632030.162006884
5923785.691049955
5964877.722750975
5960072.860997263
3384637.2851615357
9688805.274652772
5960072.860997263
5959068.592390139
4154151.4003371526
5939630.965481283
5959068.592390139
5963176.564807439
8920613.108374141
2191684.468468759
5963176.564807439
5967339.859391537
7650549.534740797
5903682.9353037095
