5968348.566844716
5968364.685036034
5768961.181134003
4344940.0882134475
5968364.685036034
5967529.340844588
9582839.829017442
3269410.059762811
5967529.340844588
5963581.110496431
6318906.69833778
7301475.915782056
5963581.110496431
5959247.378538294
1706787.8956793281
9203921.439859888
5959247.378538294
5959787.641334135
5778517.341403732
4356040.417323606
5959787.641334135
5964503.011637314
9590791.676257106
3267279.641203199
5964503.011637314
5967883.791729344
6337851.193603276
7281931.2519173445
5967883.791729344
5968348.566844716
1725916.0820583804
9197699.686527362
9197699.686527362
5968245.6304290015
7818186.59799353
1573059.8239285315
5968245.6304290015
5965929.979443984
8881048.137791995
4641668.828326046
5965929.979443984
5961078.4989079
3630040.2687260923
9346879.360722922
5961078.4989079
5958755.388318156
3267279.641203199
7280642.911604583
5958755.388318156
5961961.485992503
7822741.452425121
1576010.7194500465
5961961.485992503
5966623.836734645
8897470.92261671
4623662.497970494
5966623.836734645
5968334.676185525
3651447.066257553
9331980.468871202
5968334.676185525
5968316.694254365
3269410.059762811
7273691.659946161
4484411.1591905
5968366.119310437
5205223.522657342
4484411.1591905
5968366.119310437
5967528.524909147
9634067.182648217
1725916.0820583804
5967528.524909147
5963581.686172782
6694592.821731902
7438676.498655147
5963581.686172782
5959246.699370022
1576010.7194500465
9112654.264596382
5959246.699370022
5959788.533465748
5211638.922116445
4487191.310147293
5959788.533465748
5964500.4395799935
9638649.588396393
1706787.8956793281
5964500.4395799935
5967886.002938106
6716054.883144233
7422259.610075412
5967886.002938106
5968347.933851945
1573059.8239285315
9109481.394446129
