5964077.008641777
5967734.658361124
6835355.92755694
6962354.561768065
5967734.658361124
5968356.742800118
1486317.6628538123
9366532.305281147
5968356.742800118
5968357.408830987
5257506.66253384
4691703.40080906
5968357.408830987
5967711.297590737
9514019.091819791
2476653.1460475926
5967711.297590737
5964015.138667537
6817632.1738727195
6982910.1324050715
5964015.138667537
5959479.56287955
1464653.6565167464
9372104.17719113
5959479.56287955
5959513.763988678
5257684.382958614
4700762.976674515
5959513.763988678
5964077.008641777
9515794.204693343
2476404.2369222557
15052193.649762226
5968303.116710221
4057745.2226273706
9084691.196156615
5968303.116710221
5968314.167886298
2476653.1460475926
7486038.979940877
5968314.167886298
5968296.083623423
7521112.836525824
2368044.3505962756
5968296.083623423
5966267.867339342
9055691.902349927
4122050.0835486962
5966267.867339342
5961482.329550609
4037960.676856721
9100410.584548226
5961482.329550609
5958730.270639751
2476404.2369222557
7492021.152079764
5958730.270639751
5961539.207151096
7526936.814806607
2368108.3535136194
5961539.207151096
5966312.714075934
9071510.46128361
4102488.3211207693
11550247.841312326
5967734.756353861
6945171.31097027
6888485.008535916
5967734.756353861
5968356.726969229
2368044.3505962756
9462766.07965832
5968356.726969229
5968357.78304331
4747457.083141853
5164212.121838444
5968357.78304331
5967712.274351631
9394589.346354185
1486317.6628538123
5967712.274351631
5964014.452417289
6924490.780753351
6906049.225189053
5964014.452417289
5959478.812362533
2368108.3535136194
9464716.762749821
5959478.812362533
5959513.950585306
4756201.9694324825
5164683.587427456
5959513.950585306
5964076.728246476
9400052.748998726
1464653.6565167464
