5967899.331227739
5968346.8551660245
1760105.59676071
9187171.144493606
5968346.8551660245
5968364.708564645
5779284.094981515
4322613.436158
5968364.708564645
5967513.640452965
9589058.957939502
3332079.638408005
5967513.640452965
5963547.5511838775
6281115.950106764
7329722.030846692
5963547.5511838775
5959228.541905959
1741276.3011088483
9193434.342747852
5959228.541905959
5959813.153776315
5788783.758255774
4333853.923303733
5959813.153776315
5964532.308996411
9596987.02554992
3329821.264476246
5964532.308996411
5967899.331227739
6300161.810470907
7310260.24993155
13224463.390022995
5968317.092627625
3332079.638408005
7246472.1127606165
5968317.092627625
5968240.5686490955
7844610.47305314
1510307.0675722703
5968240.5686490955
5965901.801809943
8855489.747568449
4686006.748655952
5965901.801809943
5961048.506437413
3603335.596730896
9368942.512516404
5961048.506437413
5958756.964979702
3329821.264476246
7245433.924509619
5958756.964979702
5961999.339711425
7849055.28259968
1513567.502207693
5961999.339711425
5966643.626620699
8870874.405240206
4668118.264692019
5966643.626620699
5968338.3713309895
3624864.059247866
9354115.18827929
11148226.660826905
5968346.120063154
1510307.0675722703
9083268.282379018
5968346.120063154
5968366.422449389
5244819.703177379
4430937.492863658
5968366.422449389
5967513.328787295
9655522.50628949
1760105.59676071
5967513.328787295
5963545.955147062
6680136.503068657
7481882.4256520895
5963545.955147062
5959229.148511177
1513567.502207693
9086535.919010572
5959229.148511177
5959813.607132095
5251047.233011633
4433922.073594173
5959813.607132095
5964532.369382907
9660027.123323139
1741276.3011088483
5964532.369382907
5967898.7359126555
6701649.055999319
7465551.262973432
