5967291.925115365
5968370.901793408
2333680.6520017902
9664672.61223424
5968370.901793408
5968334.15290094
3746060.607535149
5797227.839329942
5968334.15290094
5968027.561949352
8769475.63419687
721944.9436409391
5968027.561949352
5964960.795779943
7990085.857181536
6193796.608739437
5964960.795779943
5960138.97015811
2318392.356850506
9675126.420425093
5960138.97015811
5959033.905106675
3751979.2205819935
5801059.587890531
5959033.905106675
5963088.468660223
8773920.444502762
732247.1742132229
5963088.468660223
5967291.925115365
8009232.424149959
6178775.627744404
14309198.869108016
5968322.736102429
721944.9436409391
8224283.877404489
5968322.736102429
5968357.48021061
6627421.565854766
4113993.699467017
5968357.48021061
5966935.120461409
9664672.61223424
3373468.28784839
5966935.120461409
5962449.9202705575
5280182.297036569
8373588.704546229
5962449.9202705575
5958838.348334079
732247.1742132229
8227245.186059461
5958838.348334079
5960650.979947869
6628233.751355501
4126594.8356608236
5960650.979947869
5965522.814413277
9675126.420425093
3350692.7390196878
5965522.814413277
5968167.8880681805
5296699.683578553
8356998.580271747
12089141.421973946
5968368.483957666
3373468.28784839
9710766.543346705
5968368.483957666
5968334.683021419
4113993.699467017
5979045.297585942
5968334.683021419
5968027.235969927
8829252.98289221
2333680.6520017902
5968027.235969927
5964961.43667864
7715844.842821224
5839175.528382088
5964961.43667864
5960138.639399109
3350692.7390196878
9718241.337603651
5960138.639399109
5959034.627631114
4126594.8356608236
5987484.538873034
5959034.627631114
5963086.248825097
8830097.947606258
2318392.356850506
5963086.248825097
5967294.352130924
7734128.996230636
5818820.117929228
