5968100.111364464
5968328.553616317
2767372.7464842107
8544812.519771494
5968328.553616317
5968365.077360306
6161335.334112093
4070868.3328514183
5968365.077360306
5967137.274462365
9691089.035182849
3320761.2706978237
5967137.274462365
5962796.075159732
5567516.452133991
8015758.244138278
5962796.075159732
5958932.24408836
2753618.1048477325
8546617.631007168
5958932.24408836
5960366.360504833
6168848.317345809
4083767.4450959074
5960366.360504833
5965220.457425528
9703592.40622953
3297699.564150525
5965220.457425528
5968100.111364464
5588668.6148119755
7998243.2431553705
12564707.900747707
5968328.041592718
4070868.3328514183
6243541.613880218
5968328.041592718
5968109.29439176
8490081.300850596
410223.0410942625
5968109.29439176
5965271.503682434
8056255.398165876
5700353.047264397
5965271.503682434
5960410.395285693
3297699.564150525
9656915.347807435
5960410.395285693
5958914.782159191
4083767.4450959074
6245672.878047328
5958914.782159191
5962742.143266183
8492070.920682404
429312.7804633128
5962742.143266183
5967105.190468664
8073616.124698629
5684566.708529143
5967105.190468664
5968364.520267066
3320761.2706978237
9646394.16708308
10458543.72958994
5968328.468633743
410223.0410942625
8604530.917126657
5968328.468633743
5968365.6886899425
6168437.80923255
3341879.5041304836
5968365.6886899425
5967136.678799226
9646394.16708308
2767372.7464842107
5967136.678799226
5962797.894035054
5765840.616331711
8145987.429181852
5962797.894035054
5958932.504852585
429312.7804633128
8609633.892649194
5958932.504852585
5960365.306697286
6170834.7411034955
3349934.1502450416
5960365.306697286
5965220.714492701
9656915.347807435
2753618.1048477325
5965220.714492701
5968098.511447899
5781490.545714023
8127306.865833725
