5968366.218975852
5968327.231047837
3242601.1626468184
6266476.308334874
5968327.231047837
5968113.132658933
8566448.507844433
415795.8410895792
5968113.132658933
5965287.219005127
8167927.334354364
5675720.215789093
5965287.219005127
5960424.533133339
2871082.426280472
9657152.947643438
5960424.533133339
5958910.29419116
3251229.880207551
6268525.186381704
5958910.29419116
5962723.196965639
8571703.393552965
434623.24558576016
5962723.196965639
5967093.6817693645
8186472.568359495
5659891.838238621
5967093.6817693645
5968366.218975852
2884519.1228461177
9646633.371971237
10246540.72214578
5968365.371940299
6145667.10464979
4071435.0191134852
5968365.371940299
5967147.010260934
9646633.371971237
3321455.1351980413
5967147.010260934
5962813.670285033
5790624.508580486
7998272.5984778935
5962813.670285033
5958939.68050673
434623.24558576016
8563335.936464326
5958939.68050673
5960349.210084869
6148147.500630879
4084328.305037508
5960349.210084869
5965209.138578639
9657152.947643438
3298394.4918151456
5965209.138578639
5968092.818491275
5806232.516823878
7980712.6465963395
5968092.818491275
5968329.106520182
415795.8410895792
8561589.730347173
7241414.7435732735
5968327.542004287
4071435.0191134852
6214852.465504504
5968327.542004287
5968112.464339817
8473549.127581926
2884519.1228461177
5968112.464339817
5965286.79151967
8074025.983265224
5529910.3591569755
5965286.79151967
5960425.015072479
3298394.4918151456
9669924.608458115
5960425.015072479
5958910.073768686
4084328.305037508
6222106.397466378
5958910.073768686
5962722.083395361
8475596.468551943
2871082.426280472
5962722.083395361
5967095.279771196
8091341.86535596
5508564.130110927
5967095.279771196
5968366.515980681
3321455.1351980413
9657305.819348587
