5967722.75286188
13953610.053761272
5968358.745284706
9841578.291428173
5968356.279151264
7503402.46349958
5967722.768826275
12417680.327825043
5964044.137890526
13950938.161388034
5959497.57027947
9839556.027487125
5959496.419187342
7509305.730751199
5964047.447116492
12412221.740752287
5968300.377609371
12674647.990465261
5968314.37532801
7925902.315973027
5968298.943114089
4719354.27014794
5966290.009166013
10961326.227989962
5961511.365354825
12671671.83721736
5958729.762890347
7923154.191501363
5961511.296480206
4728255.01638243
5966290.168862701
10955027.522337161
5967723.488482108
13500786.054277368
5968356.917917223
10365162.703185258
5968357.828828803
5701566.808733288
5967722.701841177
10365166.4407604
5964044.35191427
13500788.47284203
5959496.766020482
10360142.564109176
5959495.979853642
5711496.916115408
5964048.2638419615
10360137.491737906
