3 8
GLONASS 0
1 00001U 00000ABC 00001.00000000  .00000000  00000-0  00000+0 0    04
2 00001  65.0000   0.0000 0000001   0.0000   0.0000 12.62000000    06
GLONASS 1
1 00002U 00000ABC 00001.00000000  .00000000  00000-0  00000+0 0    05
2 00002  65.0000   0.0000 0000001   0.0000  45.0000 12.62000000    06
GLONASS 2
1 00003U 00000ABC 00001.00000000  .00000000  00000-0  00000+0 0    06
2 00003  65.0000   0.0000 0000001   0.0000  90.0000 12.62000000    07
GLONASS 3
1 00004U 00000ABC 00001.00000000  .00000000  00000-0  00000+0 0    07
2 00004  65.0000   0.0000 0000001   0.0000 135.0000 12.62000000    08
GLONASS 4
1 00005U 00000ABC 00001.00000000  .00000000  00000-0  00000+0 0    08
2 00005  65.0000   0.0000 0000001   0.0000 180.0000 12.62000000    09
GLONASS 5
1 00006U 00000ABC 00001.00000000  .00000000  00000-0  00000+0 0    09
2 00006  65.0000   0.0000 0000001   0.0000 225.0000 12.62000000    00
GLONASS 6
1 00007U 00000ABC 00001.00000000  .00000000  00000-0  00000+0 0    00
2 00007  65.0000   0.0000 0000001   0.0000 270.0000 12.62000000    01
GLONASS 7
1 00008U 00000ABC 00001.00000000  .00000000  00000-0  00000+0 0    01
2 00008  65.0000   0.0000 0000001   0.0000 315.0000 12.62000000    02
GLONASS 8
1 00009U 00000ABC 00001.00000000  .00000000  00000-0  00000+0 0    02
2 00009  65.0000 120.0000 0000001   0.0000  22.5000 12.62000000    06
GLONASS 9
1 00010U 00000ABC 00001.00000000  .00000000  00000-0  00000+0 0    04
2 00010  65.0000 120.0000 0000001   0.0000  67.5000 12.62000000    07
GLONASS 10
1 00011U 00000ABC 00001.00000000  .00000000  00000-0  00000+0 0    05
2 00011  65.0000 120.0000 0000001   0.0000 112.5000 12.62000000    09
GLONASS 11
1 00012U 00000ABC 00001.00000000  .00000000  00000-0  00000+0 0    06
2 00012  65.0000 120.0000 0000001   0.0000 157.5000 12.62000000    09
GLONASS 12
1 00013U 00000ABC 00001.00000000  .00000000  00000-0  00000+0 0    07
2 00013  65.0000 120.0000 0000001   0.0000 202.5000 12.62000000    01
GLONASS 13
1 00014U 00000ABC 00001.00000000  .00000000  00000-0  00000+0 0    08
2 00014  65.0000 120.0000 0000001   0.0000 247.5000 12.62000000    01
GLONASS 14
1 00015U 00000ABC 00001.00000000  .00000000  00000-0  00000+0 0    09
2 00015  65.0000 120.0000 0000001   0.0000 292.5000 12.62000000    02
GLONASS 15
1 00016U 00000ABC 00001.00000000  .00000000  00000-0  00000+0 0    00
2 00016  65.0000 120.0000 0000001   0.0000 337.5000 12.62000000    03
GLONASS 16
1 00017U 00000ABC 00001.00000000  .00000000  00000-0  00000+0 0    01
2 00017  65.0000 240.0000 0000001   0.0000   0.0000 12.62000000    09
GLONASS 17
1 00018U 00000ABC 00001.00000000  .00000000  00000-0  00000+0 0    02
2 00018  65.0000 240.0000 0000001   0.0000  45.0000 12.62000000    09
GLONASS 18
1 00019U 00000ABC 00001.00000000  .00000000  00000-0  00000+0 0    03
2 00019  65.0000 240.0000 0000001   0.0000  90.0000 12.62000000    00
GLONASS 19
1 00020U 00000ABC 00001.00000000  .00000000  00000-0  00000+0 0    05
2 00020  65.0000 240.0000 0000001   0.0000 135.0000 12.62000000    02
GLONASS 20
1 00021U 00000ABC 00001.00000000  .00000000  00000-0  00000+0 0    06
2 00021  65.0000 240.0000 0000001   0.0000 180.0000 12.62000000    03
GLONASS 21
1 00022U 00000ABC 00001.00000000  .00000000  00000-0  00000+0 0    07
2 00022  65.0000 240.0000 0000001   0.0000 225.0000 12.62000000    04
GLONASS 22
1 00023U 00000ABC 00001.00000000  .00000000  00000-0  00000+0 0    08
2 00023  65.0000 240.0000 0000001   0.0000 270.0000 12.62000000    05
GLONASS 23
1 00024U 00000ABC 00001.00000000  .00000000  00000-0  00000+0 0    09
2 00024  65.0000 240.0000 0000001   0.0000 315.0000 12.62000000    06
