7795999.851240736
7796679.570564746
797602.6047020631
2996059.244253908
7796679.570564746
7795512.152966151
3631903.2686141976
1656533.6077872023
7795512.152966151
7790065.867776366
4404114.417235088
4638928.468992122
7790065.867776366
7786519.750329801
794002.1800834365
2992170.684941849
7786519.750329801
7791273.832214471
3628177.0946785817
1653145.0388112124
7791273.832214471
7795999.851240736
4406529.079559118
4637736.515620353
13125041.088161925
7796475.513497277
1656533.6077872023
797602.8675809727
7796475.513497277
7793259.310635644
4638928.468992122
3631902.849285254
7793259.310635644
7787311.320015808
2992170.684941849
4404113.786946437
7787311.320015808
7788161.711757192
1653145.0388112124
794002.2226601053
7788161.711757192
7794239.041833866
4637736.515620353
3628176.1134422645
7794239.041833866
7796603.525251068
2996059.244253908
4406527.912687358
13403889.867597135
7796680.942714987
797602.8675809727
2996058.8846965875
7796680.942714987
7795511.55696142
3631902.849285254
1656533.4517222818
7795511.55696142
7790065.189242385
4404113.786946437
4638928.046975238
7790065.189242385
7786519.733131964
794002.2226601053
2992170.3082786226
7786519.733131964
7791273.602914786
3628176.1134422645
1653145.40145336
7791273.602914786
7795999.12420788
4406527.912687358
4637736.15231963
12727359.408320554
7796475.340792041
1656533.4517222818
797602.4724107163
7796475.340792041
7793259.031774901
4638928.046975238
3631902.9853432896
7793259.031774901
7787310.839180447
2992170.3082786226
4404114.632878125
7787310.839180447
7788162.252214197
1653145.40145336
794002.1324103135
7788162.252214197
7794239.178969092
4637736.15231963
3628177.032334572
7794239.178969092
7796603.603754699
2996058.8846965875
4406528.296610588
13000851.528611941
7796681.5285094995
797602.4724107163
2996058.273630851
7796681.5285094995
7795510.949025864
3631902.9853432896
1656534.1999382137
7795510.949025864
7790065.7997346865
4404114.632878125
4638926.385121101
7790065.7997346865
7786519.3530114
794002.1324103135
2992170.4008669676
7786519.3530114
7791273.206134637
3628177.032334572
1653145.0050139423
7791273.206134637
7795999.250413566
4406528.296610588
4637735.465449554
7502816.113356023
7796476.563178529
1656534.1999382137
797602.0396944911
7796476.563178529
7793257.36295672
4638926.385121101
3631903.8797581946
7793257.36295672
7787311.176753326
2992170.4008669676
4404113.827395031
7787311.176753326
7788163.257234473
1653145.0050139423
794003.1364033122
7788163.257234473
7794238.327688375
4637735.465449554
3628177.9155181968
7794238.327688375
7796603.200316777
2996058.273630851
4406528.167617045
7080643.085840861
7796680.736793888
797602.0396944911
2996058.9613259556
7796680.736793888
7795512.31854256
3631903.8797581946
1656534.2879516466
7795512.31854256
7790065.245767966
4404113.827395031
4638927.741339401
7790065.245767966
7786519.5955363335
794003.1364033122
2992170.1266319496
7786519.5955363335
7791273.88074358
3628177.9155181968
1653143.8459317542
7791273.88074358
7795998.519869303
4406528.167617045
4637735.328396197
8159244.383682772
7796474.911831415
1656534.2879516466
797602.6047020631
7796474.911831415
7793258.583124209
4638927.741339401
3631903.2686141976
7793258.583124209
7787311.724473325
2992170.1266319496
4404114.417235088
7787311.724473325
7788161.745551717
1653143.8459317542
794002.1800834365
7788161.745551717
7794239.043786222
4637735.328396197
3628177.0946785817
7794239.043786222
7796603.609902389
2996058.9613259556
4406529.079559118
