7791709.304570321
7796132.452300166
4282214.331511035
4680575.077434332
7796132.452300166
7796674.722665007
489002.8683459619
2738205.8708354672
7796674.722665007
7795292.286862903
3829976.9622572013
1955993.490868687
7795292.286862903
7789638.860681445
4279430.304125302
4681276.975716832
7789638.860681445
7786602.825491374
484243.2710133926
2734362.451628293
7786602.825491374
7791709.304570321
3826420.368341621
1952468.370793942
13608165.92450536
7796630.878711172
2738205.8708354672
4282214.67043108
7796630.878711172
7796406.103048648
1955993.490868687
489001.79384793673
7796406.103048648
7792869.85706804
4681276.975716832
3829976.7401295174
7792869.85706804
7787068.908068545
2734362.451628293
4279429.16905399
7787068.908068545
7788521.752937165
1952468.370793942
484243.84135377756
7788521.752937165
7794552.924863538
4680575.077434332
3826419.3241943386
13993432.43299691
7796133.070105427
4282214.67043108
4680575.013481732
7796133.070105427
7796673.68172258
489001.79384793673
2738205.900241431
7796673.68172258
7795292.18933643
3829976.7401295174
1955993.2949024262
7795292.18933643
7789638.483140789
4279429.16905399
4681276.983409428
7789638.483140789
7786603.023615928
484243.84135377756
2734363.043199332
7786603.023615928
7791710.105766415
3826419.3241943386
1952468.434364489
15410795.701798312
7796630.144021566
2738205.900241431
4282214.925520528
7796630.144021566
7796406.579661472
1955993.2949024262
489001.9457630639
7796406.579661472
7792868.4858955555
4681276.983409428
3829976.670134787
7792868.4858955555
7787069.201385803
2734363.043199332
4279428.279670571
7787069.201385803
7788522.707001184
1952468.434364489
484244.7656315257
7788522.707001184
7794553.09601995
4680575.013481732
3826420.0788393896
14189106.5232171
7796132.80507855
4282214.925520528
4680574.76187916
7796132.80507855
7796674.887506059
489001.9457630639
2738205.770168773
7796674.887506059
7795292.088110255
3829976.670134787
1955993.478811455
7795292.088110255
7789636.542666297
4279428.279670571
4681277.811583166
7789636.542666297
7786604.12634628
484244.7656315257
2734361.423809987
7786604.12634628
7791709.636209186
3826420.0788393896
1952468.489691587
11476101.14833789
7796630.915702941
2738205.770168773
4282214.766679672
7796630.915702941
7796404.518269702
1955993.478811455
489000.23354621214
7796404.518269702
7792870.181283614
4681277.811583166
3829976.3862939747
7792870.181283614
7787068.471694026
2734361.423809987
4279429.3344510775
7787068.471694026
7788522.63775807
1952468.489691587
484244.72830403637
7788522.63775807
7794553.635132355
4680574.76187916
3826420.213669127
8137895.485114038
7796132.714240103
4282214.766679672
4680574.510540145
7796132.714240103
7796673.778309162
489000.23354621214
2738208.5569939814
7796673.778309162
7795292.220546008
3829976.3862939747
1955992.3533130104
7795292.220546008
7789638.386707119
4279429.3344510775
4681276.313597701
7789638.386707119
7786603.0761359725
484244.72830403637
2734361.2049485445
7786603.0761359725
7791710.29756116
3826420.213669127
1952467.040052069
8910130.782903913
7796630.827082369
2738208.5569939814
4282214.331511035
7796630.827082369
7796406.338027747
1955992.3533130104
489002.8683459619
7796406.338027747
7792869.548031393
4681276.313597701
3829976.9622572013
7792869.548031393
7787068.864262597
2734361.2049485445
4279430.304125302
7787068.864262597
7788522.621265271
1952467.040052069
484243.2710133926
7788522.621265271
7794553.103178114
4680574.510540145
3826420.368341621
