7795704.708609335
7796684.293101508
1355974.8476171524
3420810.0918993223
7796684.293101508
7795845.907465835
3235031.2679129248
1104621.7636853901
7795845.907465835
7790845.246086663
4574137.814427216
4507887.453693876
7790845.246086663
7786479.540903598
1352677.3794383677
3416976.7564400863
7786479.540903598
7790491.610940848
3231148.4190159366
1101304.9555999748
7790491.610940848
7795704.708609335
4575787.56518604
4505876.980121829
13228433.801932408
7796566.9647164615
1104621.7636853901
1355974.5898503396
7796566.9647164615
7793909.673371111
4507887.453693876
3235030.70076504
7793909.673371111
7787833.408493119
3416976.7564400863
4574136.682098867
7787833.408493119
7787584.549271788
1101304.9555999748
1352676.710841554
7787584.549271788
7793623.590651543
4505876.980121829
3231148.5488405717
7793623.590651543
7796532.733051844
3420810.0918993223
4575787.013224194
13712986.830553703
7796683.844863315
1355974.5898503396
3420809.599935816
7796683.844863315
7795845.320109828
3235030.70076504
1104622.1070936148
7795845.320109828
7790844.890854465
4574136.682098867
4507887.457926759
7790844.890854465
7786479.92047832
1352676.710841554
3416975.958594657
7786479.92047832
7790490.9662989825
3231148.5488405717
1101305.016539994
7790490.9662989825
7795705.573467912
4575787.013224194
4505876.135170477
13337183.237460615
7796567.192626932
1104622.1070936148
1355974.7441087698
7796567.192626932
7793909.863606873
4507887.457926759
3235030.8880393244
7793909.863606873
7787832.361347725
3416975.958594657
4574138.623748188
7787832.361347725
7787585.299368083
1101305.016539994
1352677.1519193198
7787585.299368083
7793624.519243499
4505876.135170477
3231148.2338281358
7793624.519243499
7796531.360573614
3420809.599935816
4575788.027432102
13630091.379181819
7796684.524148285
1355974.7441087698
3420809.272423815
7796684.524148285
7795843.591654834
3235030.8880393244
1104622.0201185052
7795843.591654834
7790846.228681597
4574138.623748188
4507886.590824248
7790846.228681597
7786479.450977585
1352677.1519193198
3416976.250844357
7786479.450977585
7790490.639494415
3231148.2338281358
1101305.4253366916
7790490.639494415
7795705.82659844
4575788.027432102
4505874.829374189
8495730.574897505
7796565.318226708
1104622.0201185052
1355973.6515141758
7796565.318226708
7793910.8511324795
4507886.590824248
3235030.332355039
7793910.8511324795
7787832.454807539
3416976.250844357
4574137.5284043765
7787832.454807539
7787585.199452845
1101305.4253366916
1352677.708779117
7787585.199452845
7793624.33159802
4505874.829374189
3231148.60946055
7793624.33159802
7796532.388041154
3420809.272423815
4575787.536283133
7648949.340123688
7796684.030734486
1355973.6515141758
3420810.019281033
7796684.030734486
7795845.596268337
3235030.332355039
1104620.4817020583
7795845.596268337
7790845.497195509
4574137.5284043765
4507886.1716710795
7790845.497195509
7786479.4053724315
1352677.708779117
3416975.6991800778
7786479.4053724315
7790490.7499817
3231148.60946055
1101305.065985295
7790490.7499817
7795705.245694128
4575787.536283133
4505875.177899357
8323967.231072047
7796566.705554634
1104620.4817020583
1355974.8476171524
7796566.705554634
7793910.067447225
4507886.1716710795
3235031.2679129248
7793910.067447225
7787832.473953461
3416975.6991800778
4574137.814427216
7787832.473953461
7787584.948444893
1101305.065985295
1352677.3794383677
7787584.948444893
7793624.309285527
4505875.177899357
3231148.4190159366
7793624.309285527
7796531.53502415
3420810.019281033
4575787.56518604
