7794221.00605565
7796600.276780045
3011833.010984382
4413655.036488257
7796600.276780045
7796479.713839923
1637414.6679105621
817304.2568290817
7796479.713839923
7793283.551593322
4635513.879281226
3618836.527994361
7793283.551593322
7787327.846186559
3007942.922620645
4411265.868109275
7787327.846186559
7788137.602406211
1634034.5955745743
813738.4311404602
7788137.602406211
7794221.00605565
4634292.724713732
3615101.3930415087
13519030.140871264
7796679.762032564
817304.2568290817
3011831.8976697633
7796679.762032564
7795524.049240722
3618836.527994361
1637415.1744533116
7795524.049240722
7790092.221604985
4411265.868109275
4635513.6243401
7790092.221604985
7786515.63406639
813738.4311404602
3007943.563024704
7786515.63406639
7791246.593027036
3615101.3930415087
1634031.9057506765
7791246.593027036
7795992.691343605
4413655.036488257
4634290.136316929
14299543.879357029
7796601.036419014
3011831.8976697633
4413654.402446848
7796601.036419014
7796479.63576987
1637415.1744533116
817304.339848153
7796479.63576987
7793283.607127554
4635513.6243401
3618836.225076587
7793283.607127554
7787327.700355146
3007943.563024704
4411266.177192411
7787327.700355146
7788139.2442444
1634031.9057506765
813737.4869796962
7788139.2442444
7794220.020367552
4634290.136316929
3615101.0248707933
14941793.718711957
7796680.615033237
817304.339848153
3011832.8868195238
7796680.615033237
7795523.54126573
3618836.225076587
1637415.1819992845
7795523.54126573
7790093.289507556
4411266.177192411
4635513.546185801
7790093.289507556
7786515.256350836
813737.4869796962
3007942.8312430833
7786515.256350836
7791246.685849081
3615101.0248707933
1634034.6317318203
7791246.685849081
7795990.780846589
4413654.402446848
4634291.541957931
14786248.848442795
7796600.486359616
3011832.8868195238
4413654.029444315
7796600.486359616
7796479.08175701
1637415.1819992845
817304.453266575
7796479.08175701
7793284.412209175
4635513.546185801
3618834.5030374634
7793284.412209175
7787327.574310482
3007942.8312430833
4411264.347283586
7787327.574310482
7788138.482661259
1634034.6317318203
813738.0545277608
7788138.482661259
7794220.245240741
4634291.541957931
3615101.330637488
10840460.16122124
7796681.564580354
817304.453266575
3011833.4645577287
7796681.564580354
7795524.134936125
3618834.5030374634
1637416.0443379036
7795524.134936125
7790092.098246975
4411264.347283586
4635515.093221752
7790092.098246975
7786515.351278958
813738.0545277608
3007943.995164853
7786515.351278958
7791247.07979645
3615101.330637488
1634033.760421526
7791247.07979645
7795990.6396316765
4413654.029444315
4634291.850916579
8654830.472019035
7796600.874018269
3011833.4645577287
4413652.952416944
7796600.874018269
7796478.840121268
1637416.0443379036
817304.3367777314
7796478.840121268
7793283.886310615
4635515.093221752
3618836.0206557903
7793283.886310615
7787327.826130799
3007943.995164853
4411264.87548746
7787327.826130799
7788138.76711745
1634033.760421526
813739.4344338863
7788138.76711745
7794220.684712941
4634291.850916579
3615100.1533064838
8776247.511230206
7796681.495401306
817304.3367777314
3011833.010984382
7796681.495401306
7795523.662531699
3618836.0206557903
1637414.6679105621
7795523.662531699
7790092.186771043
4411264.87548746
4635513.879281226
7790092.186771043
7786516.2863934515
813739.4344338863
3007942.922620645
7786516.2863934515
7791246.885879584
3615100.1533064838
1634034.5955745743
7791246.885879584
7795989.91268012
4413652.952416944
4634292.724713732
