7794045.915161893
7796583.178710934
3142264.1055025663
4470276.675229814
7796583.178710934
7796508.835917072
1475504.27624693
983294.4055593485
7796508.835917072
7793482.598008775
4603293.248540354
3506202.775908386
7793482.598008775
7787472.82072296
3138376.084919173
4468102.221845027
7787472.82072296
7787957.372479164
1472178.2133041206
979917.0319190931
7787957.372479164
7794045.915161893
4601820.449746559
3502402.5571327237
13537594.841482816
7796683.449845713
983294.4055593485
3142265.4952459726
7796683.449845713
7795629.642469092
3506202.775908386
1475504.2927495798
7795629.642469092
7790322.756546445
4468102.221845027
4603292.612058936
7790322.756546445
7786489.562742851
979917.0319190931
3138375.4749384276
7786489.562742851
7791014.33399809
3502402.5571327237
1472178.2087015335
7791014.33399809
7795910.402778195
4470276.675229814
4601818.239503346
14313633.51765337
7796582.311544608
3142265.4952459726
4470275.715122748
7796582.311544608
7796509.907643598
1475504.2927495798
983294.5393795258
7796509.907643598
7793482.585854626
4603292.612058936
3506202.6128521953
7793482.585854626
7787472.021979441
3138375.4749384276
4468101.737828703
7787472.021979441
7787959.271584107
1472178.2087015335
979916.9516885411
7787959.271584107
7794044.30864513
4601818.239503346
3502403.928742171
15039754.724316724
7796683.295334317
983294.5393795258
3142265.619422324
7796683.295334317
7795630.186889267
3506202.6128521953
1475504.4438632673
7795630.186889267
7790322.615667168
4468101.737828703
4603293.8001777325
7790322.615667168
7786490.174069402
979916.9516885411
3138376.18361695
7786490.174069402
7791014.641917305
3502403.928742171
1472178.6825139574
7791014.641917305
7795910.157848864
4470275.715122748
4601819.873364561
14813504.187784495
7796582.234225556
3142265.619422324
4470275.087262399
7796582.234225556
7796508.663828192
1475504.4438632673
983294.5067297361
7796508.663828192
7793483.87344769
4603293.8001777325
3506201.090738259
7793483.87344769
7787472.398542838
3138376.18361695
4468102.374849922
7787472.398542838
7787958.245741285
1472178.6825139574
979917.5523350007
7787958.245741285
7794045.113743947
4601819.873364561
3502402.10132894
10974911.611380506
7796682.943925182
983294.5067297361
3142265.4584629703
7796682.943925182
7795629.613573917
3506201.090738259
1475504.1494311253
7795629.613573917
7790323.306051215
4468102.374849922
4603292.355800752
7790323.306051215
7786490.081278848
979917.5523350007
3138375.5109636844
7786490.081278848
7791014.577257234
3502402.10132894
1472178.3269851133
7791014.577257234
7795910.505395315
4470275.087262399
4601819.533169991
8677957.65579172
7796582.149261237
3142265.4584629703
4470275.151963453
7796582.149261237
7796509.312001818
1475504.1494311253
983295.9519388574
7796509.312001818
7793482.632510678
4603292.355800752
3506202.8317610575
7793482.632510678
7787472.115930609
3138375.5109636844
4468101.712087525
7787472.115930609
7787958.483496174
1472178.3269851133
979916.9325952774
7787958.483496174
7794044.7423398
4601819.533169991
3502403.070911706
8804595.52476632
7796684.054054081
983295.9519388574
3142264.1055025663
7796684.054054081
7795629.456643361
3506202.8317610575
1475504.27624693
7795629.456643361
7790322.9514374975
4468101.712087525
4603293.248540354
7790322.9514374975
7786490.384906913
979916.9325952774
3138376.084919173
7786490.384906913
7791014.293320828
3502403.070911706
1472178.2133041206
7791014.293320828
7795909.725024546
4470275.151963453
4601820.449746559
