7792974.104908115
7796427.799042137
3779880.2005823255
4672358.421437093
7796427.799042137
7796622.825355615
568469.7471763422
1878423.5652344353
7796622.825355615
7794471.514168349
4316756.37010487
2806989.743351886
7794471.514168349
7788426.028290813
3776275.604883964
4671529.085230402
7788426.028290813
7787127.558333201
564171.7352487849
1874939.20238164
7787127.558333201
7792974.104908115
4314062.068309837
2803126.093182312
13605512.079020351
7796676.481173668
1878423.5652344353
3779879.7702369597
7796676.481173668
7796098.0881671
2806989.743351886
568469.8453966688
7796098.0881671
7791595.583504016
4671529.085230402
4316756.106776165
7791595.583504016
7786577.573240763
1874939.20238164
3776275.249849571
7786577.573240763
7789748.251089968
2803126.093182312
564173.0867502289
7789748.251089968
7795354.4260413265
4672358.421437093
4314061.344654189
14264584.971651487
7796427.387558976
3779879.7702369597
4672358.539511589
7796427.387558976
7796623.213937928
568469.8453966688
1878423.373048983
7796623.213937928
7794471.657437516
4316756.106776165
2806989.098344735
7794471.657437516
7788425.922765951
3776275.249849571
4671528.899618612
7788425.922765951
7787127.412283313
564173.0867502289
1874939.0077046673
7787127.412283313
7792975.122896511
4314061.344654189
2803125.6772035537
15394723.958042083
7796675.930303022
1878423.373048983
3779880.2618603585
7796675.930303022
7796097.147265635
2806989.098344735
568469.84895496
7796097.147265635
7791596.2578261765
4671528.899618612
4316756.049628218
7791596.2578261765
7786577.481312621
1874939.0077046673
3776275.398910926
7786577.481312621
7789748.608052101
2803125.6772035537
564171.937236322
7789748.608052101
7795354.215225376
4672358.539511589
4314061.653272719
14718782.765524752
7796427.430771341
3779880.2618603585
4672357.890257288
7796427.430771341
7796622.582660815
568469.84895496
1878423.3284963684
7796622.582660815
7794472.567552713
4316756.049628218
2806988.824153112
7794472.567552713
7788425.742090099
3776275.398910926
4671527.399077756
7788425.742090099
7787127.8491034005
564171.937236322
1874939.0945311773
7787127.8491034005
7792974.350616196
4314061.653272719
2803125.9244601345
11455551.546677435
7796675.469823655
1878423.3284963684
3779879.9968871283
7796675.469823655
7796099.518543585
2806988.824153112
568470.2909508278
7796099.518543585
7791594.488410067
4671527.399077756
4316756.433788479
7791594.488410067
7786577.107327558
1874939.0945311773
3776275.408201217
7786577.107327558
7789749.540470165
2803125.9244601345
564171.3662832475
7789749.540470165
7795354.558726787
4672357.890257288
4314061.732752746
8596199.419591468
7796427.038879527
3779879.9968871283
4672357.635282548
7796427.038879527
7796623.8363678465
568470.2909508278
1878426.0166944459
7796623.8363678465
7794471.477684261
4316756.433788479
2806990.829243306
7794471.477684261
7788425.922592972
3776275.408201217
4671528.023497955
7788425.922592972
7787127.315355127
564171.3662832475
1874938.9243615211
7787127.315355127
7792975.180672262
4314061.732752746
2803125.730047809
8907416.45627163
7796677.730809535
1878426.0166944459
3779880.2005823255
7796677.730809535
7796097.226950852
2806990.829243306
568469.7471763422
7796097.226950852
7791595.150404137
4671528.023497955
4316756.37010487
7791595.150404137
7786578.02407698
1874938.9243615211
3776275.604883964
7786578.02407698
7789748.711744009
2803125.730047809
564171.7352487849
7789748.711744009
7795353.577007793
4672357.635282548
4314062.068309837
