7796588.232579714
7796499.988905416
1534440.4491544405
923072.2331012092
7796499.988905416
7793411.131880237
4615699.901833412
3547609.03369312
7793411.131880237
7787418.606297179
3091542.3918244625
4448178.53192405
7787418.606297179
7788023.944601271
1531097.2488169433
919643.1035205314
7788023.944601271
7794108.962618388
4614317.756584079
3543830.362008683
7794108.962618388
7796588.232579714
3095433.396784013
4450432.21083876
12811801.80086442
7795592.921181088
3547609.03369312
1534441.296247748
7795592.921181088
7790238.101537209
4448178.53192405
4615698.93954518
7790238.101537209
7786499.025979621
919643.1035205314
3091541.876130087
7786499.025979621
7791099.690933522
3543830.362008683
1531097.2778222752
7791099.690933522
7795938.387141938
4450432.21083876
4614315.882019844
7795938.387141938
7796682.845701309
923072.2331012092
3095433.079604168
12009055.877290525
7796498.902322816
1534441.296247748
923072.7990472738
7796498.902322816
7793410.892029718
4615698.93954518
3547608.570720731
7793410.892029718
7787418.875242606
3091541.876130087
4448177.999113928
7787418.875242606
7788024.506920044
1531097.2778222752
919642.5968737801
7788024.506920044
7794106.95442918
4614315.882019844
3543831.4783823183
7794106.95442918
7796589.410809395
3095433.079604168
4450430.891995272
10705470.35232449
7795593.283188751
3547608.570720731
1534441.4797141785
7795593.283188751
7790238.285778493
4448177.999113928
4615699.442863773
7790238.285778493
7786497.954651124
919642.5968737801
3091542.425660061
7786497.954651124
7791100.710938672
3543831.4783823183
1531097.5658650736
7791100.710938672
7795937.232260954
4450430.891995272
4614316.713919396
7795937.232260954
7796683.770452758
923072.7990472738
3095433.6115081026
9907461.646188576
7796499.612520954
1534441.4797141785
923072.7893979637
7796499.612520954
7793410.55541514
4615699.442863773
3547609.276101592
7793410.55541514
7787419.244058711
3091542.425660061
4448176.340014947
7787419.244058711
7788024.673169329
1531097.5658650736
919642.9165508089
7788024.673169329
7794106.858584777
4614316.713919396
3543830.604927659
7794106.858584777
7796589.635891373
3095433.6115081026
4450430.708044187
2989545.915703906
7795594.34492206
3547609.276101592
1534441.2436125875
7795594.34492206
7790238.358588962
4448176.340014947
4615700.406799957
7790238.358588962
7786496.87968922
919642.9165508089
3091541.4713777266
7786496.87968922
7791100.50888362
3543830.604927659
1531097.431479511
7791100.50888362
7795937.819322465
4450430.708044187
4614316.793612876
7795937.819322465
7796682.777949313
923072.7893979637
3095433.7265009405
3837600.7887965096
7796498.669155925
1534441.2436125875
923072.894437768
7796498.669155925
7793411.2987533845
4615700.406799957
3547608.3968102746
7793411.2987533845
7787418.672257471
3091541.4713777266
4448177.5352953235
7787418.672257471
7788024.87878802
1531097.431479511
919642.6384489147
7788024.87878802
7794107.487197736
4614316.793612876
3543830.450570038
7794107.487197736
7796589.122961972
3095433.7265009405
4450429.478037527
7646734.452351933
7795592.56226222
3547608.3968102746
1534440.4491544405
7795592.56226222
7790238.170853684
4448177.5352953235
4615699.901833412
7790238.170853684
7786497.582074267
919642.6384489147
3091542.3918244625
7786497.582074267
7791100.490930389
3543830.450570038
1531097.2488169433
7791100.490930389
7795937.124806146
4450429.478037527
4614317.756584079
7795937.124806146
7796683.633094512
923072.894437768
3095433.396784013
