7794089.57149404
7796587.669427645
3110046.4998930986
4456682.932303173
7796587.669427645
7796503.277636979
1516151.5871823563
941787.1714187457
7796503.277636979
7793433.664667053
4611932.319258326
3534808.766596367
7793433.664667053
7787434.99087736
3106154.5555212335
4454454.098828992
7787434.99087736
7788002.015000293
1512813.5669503158
938376.0068243899
7788002.015000293
7794089.57149404
4610521.766558206
3531023.726562153
13533119.643532172
7796681.756567496
941787.1714187457
3110044.390419733
7796681.756567496
7795603.810988734
3534808.766596367
1516151.550070853
7795603.810988734
7790265.217349118
4454454.098828992
4611931.610027673
7790265.217349118
7786494.472644204
938376.0068243899
3106153.212527183
7786494.472644204
7791072.398667489
3531023.726562153
1512811.7506969017
7791072.398667489
7795932.677147349
4456682.932303173
4610520.0762475
14310773.070999142
7796586.837974325
3110044.390419733
4456682.72850422
7796586.837974325
7796502.712453666
1516151.550070853
941787.4028118355
7796502.712453666
7793433.2061699545
4611931.610027673
3534808.5709060947
7793433.2061699545
7787435.298025153
3106153.212527183
4454454.050955347
7787435.298025153
7788002.350449057
1512811.7506969017
938375.8752716213
7788002.350449057
7794089.35305829
4610520.0762475
3531023.838845917
15016178.658019762
7796682.345460247
941787.4028118355
3110045.025227313
7796682.345460247
7795603.909350276
3534808.5709060947
1516151.4321856177
7795603.909350276
7790264.430283966
4454454.050955347
4611932.198135492
7790264.430283966
7786495.842973055
938375.8752716213
3106153.0457658656
7786495.842973055
7791072.245058222
3531023.838845917
1512813.1591474938
7791072.245058222
7795930.836346468
4456682.72850422
4610520.646687014
14807970.770836331
7796586.7389593255
3110045.025227313
4456682.061693658
7796586.7389593255
7796501.346963343
1516151.4321856177
941787.6653570193
7796501.346963343
7793435.063301153
4611932.198135492
3534807.7841672795
7793435.063301153
7787434.527805135
3106153.0457658656
4454453.206408318
7787434.527805135
7788002.926142485
1512813.1591474938
938375.9898342654
7788002.926142485
7794089.43650157
4610520.646687014
3531023.180232975
10942626.568832083
7796682.315852007
941787.6653570193
3110044.8357684994
7796682.315852007
7795604.802962189
3534807.7841672795
1516152.139411663
7795604.802962189
7790264.649803502
4454453.206408318
4611931.578212649
7790264.649803502
7786495.011464323
938375.9898342654
3106154.1134313424
7786495.011464323
7791072.2888432
3531023.180232975
1512813.6647538585
7791072.2888432
7795931.3714429615
4456682.061693658
4610520.223348432
8673271.438314429
7796587.136981628
3110044.8357684994
4456681.863085942
7796587.136981628
7796502.957352746
1516152.139411663
941788.3771404175
7796502.957352746
7793432.969742642
4611931.578212649
3534808.2623070437
7793432.969742642
7787435.4578135945
3106154.1134313424
4454452.9654217325
7787435.4578135945
7788002.70751839
1512813.6647538585
938375.9382062381
7788002.70751839
7794089.21447734
4610520.223348432
3531022.9273167606
8797769.48838681
7796681.993847888
941788.3771404175
3110046.4998930986
7796681.993847888
7795604.455516333
3534808.2623070437
1516151.5871823563
7795604.455516333
7790265.304327909
4454452.9654217325
4611932.319258326
7790265.304327909
7786494.898703841
938375.9382062381
3106154.5555212335
7786494.898703841
7791073.075824949
3531022.9273167606
1512813.5669503158
7791073.075824949
7795930.809731248
4456681.863085942
4610521.766558206
