7795989.266000583
7796681.535559965
818322.738405648
3012646.872394546
7796681.535559965
7795525.782023584
3618159.499885303
1636425.9806583447
7795525.782023584
7790093.630626291
4411634.0426296005
4635334.816545527
7790093.630626291
7786515.734811359
814759.1367886739
3008757.3355880454
7786515.734811359
7791244.701289912
3614424.1986332517
1633045.3117790204
7791244.701289912
7795989.266000583
4414021.618892904
4634111.092376438
13128836.918596372
7796479.49379562
1636425.9806583447
818323.3534682649
7796479.49379562
7793284.615669791
4635334.816545527
3618158.47691592
7793284.615669791
7787328.76170741
3008757.3355880454
4411633.116384297
7787328.76170741
7788138.1776600955
1633045.3117790204
814758.1707512205
7788138.1776600955
7794217.792288479
4634111.092376438
3614422.478525663
7794217.792288479
7796601.672756103
3012646.872394546
4414020.616775186
13416090.5315265
7796680.76193115
818323.3534682649
3012646.6559722372
7796680.76193115
7795525.597868925
3618158.47691592
1636426.0346353976
7795525.597868925
7790094.126412522
4411633.116384297
4635334.4062103145
7790094.126412522
7786515.74573475
814758.1707512205
3008756.4502693736
7786515.74573475
7791245.433100831
3614422.478525663
1633045.5839687285
7791245.433100831
7795989.429471577
4414020.616775186
4634110.761120389
12750174.131420799
7796479.809801274
1636426.0346353976
818323.1427861719
7796479.809801274
7793284.1837388305
4635334.4062103145
3618159.156726836
7793284.1837388305
7787328.21296132
3008756.4502693736
4411635.049733892
7787328.21296132
7788139.332954438
1633045.5839687285
814759.0405507458
7788139.332954438
7794217.0336370515
4634110.761120389
3614423.920362581
7794217.0336370515
7796601.388631874
3012646.6559722372
4414020.82088318
13025986.691345243
7796681.09848654
818323.1427861719
3012646.279336408
7796681.09848654
7795524.346846892
3618159.156726836
1636426.3966324609
7795524.346846892
7790094.549892183
4411635.049733892
4635332.043586367
7790094.549892183
7786515.585706742
814759.0405507458
3008756.4948126567
7786515.585706742
7791245.386911392
3614423.920362581
1633045.31171457
7791245.386911392
7795989.692864767
4414020.82088318
4634110.49064719
7541431.323935503
7796480.575705715
1636426.3966324609
818324.3458509819
7796480.575705715
7793284.271450554
4635332.043586367
3618159.5811427603
7793284.271450554
7787327.356269367
3008756.4948126567
4411633.343872684
7787327.356269367
7788139.624826851
1633045.31171457
814758.8726640329
7788139.624826851
7794217.519428618
4634110.49064719
3614423.489912136
7794217.519428618
7796601.065821162
3012646.279336408
4414021.360774698
7103682.077943078
7796680.828838778
818324.3458509819
3012646.4395777406
7796680.828838778
7795525.994581095
3618159.5811427603
1636424.9639821462
7795525.994581095
7790093.898244434
4411633.343872684
4635333.873583616
7790093.898244434
7786515.041375473
814758.8726640329
3008756.2614398003
7786515.041375473
7791245.10008652
3614423.489912136
1633045.6083847405
7791245.10008652
7795989.685802927
4414021.360774698
4634109.9056891715
8165327.033760607
7796480.303201732
1636424.9639821462
818322.738405648
7796480.303201732
7793284.2629609965
4635333.873583616
3618159.499885303
7793284.2629609965
7787328.919686546
3008756.2614398003
4411634.0426296005
7787328.919686546
7788139.168122421
1633045.6083847405
814759.1367886739
7788139.168122421
7794216.739965982
4634109.9056891715
3614424.1986332517
7794216.739965982
7796601.202558803
3012646.4395777406
4414021.618892904
