7790814.7274010535
7795836.060538864
4514584.397856286
4568572.575117018
7795836.060538864
7796682.973581918
1127350.188839741
3252180.6043776325
7796682.973581918
7795717.5527688125
3404510.679153112
1333456.66362359
7795717.5527688125
7790522.701394966
4512606.04006229
4570258.170441838
7790522.701394966
7786476.6411366565
1124044.520226818
3248303.1379259867
7786476.6411366565
7790814.7274010535
3400668.9466655306
1330157.996269851
13569924.922281425
7796563.278709228
3252180.6043776325
4514582.881740258
7796563.278709228
7796532.283863662
1333456.66362359
1127351.4632618458
7796532.283863662
7793651.733845193
4570258.170441838
3404509.5694984146
7793651.733845193
7787605.656244505
3248303.1379259867
4512605.068430506
7787605.656244505
7787808.399212918
1330157.996269851
1124044.133324288
7787808.399212918
7793889.617634433
4568572.575117018
3400667.935055516
13700906.109871587
7795834.5782101
4514582.881740258
4568572.326098917
7795834.5782101
7796683.511088898
1127351.4632618458
3252180.237338984
7796683.511088898
7795717.47536385
3404509.5694984146
1333456.4912036173
7795717.47536385
7790523.267105603
4512605.068430506
4570257.8993696775
7790523.267105603
7786477.171160873
1124044.133324288
3248302.335758971
7786477.171160873
7790814.88341659
3400667.935055516
1330158.4516873416
15214816.15499194
7796563.952722885
3252180.237338984
4514583.568379678
7796563.952722885
7796532.611826106
1333456.4912036173
1127351.323167522
7796532.611826106
7793651.0983211445
4570257.8993696775
3404510.083162563
7793651.0983211445
7787604.965182789
3248302.335758971
4512606.327613324
7787604.965182789
7787808.644133884
1330158.4516873416
1124044.5176786052
7787808.644133884
7793888.390810768
4568572.326098917
3400668.6851950586
13606594.798012832
7795835.148741546
4514583.568379678
4568570.808858571
7795835.148741546
7796684.351902248
1127351.323167522
3252179.8635891993
7796684.351902248
7795716.207773735
3404510.083162563
1333456.0279712311
7795716.207773735
7790522.990440501
4512606.327613324
4570256.702319709
7790522.990440501
7786476.473382219
1124044.5176786052
3248302.6977048866
7786476.473382219
7790814.954721965
3400668.6851950586
1330158.6855422023
11210844.599140223
7796564.874929832
3252179.8635891993
4514583.201775594
7796564.874929832
7796532.183417239
1333456.0279712311
1127350.9102610033
7796532.183417239
7793650.76554681
4570256.702319709
3404508.9600100648
7793650.76554681
7787605.590408486
3248302.6977048866
4512605.136223075
7787605.590408486
7787809.0722125005
1330158.6855422023
1124045.4210576094
7787809.0722125005
7793887.848311301
4568570.808858571
3400668.751824375
7623739.901214499
7795834.574352006
4514583.201775594
4568571.622326296
7795834.574352006
7796683.997272334
1127350.9102610033
3252179.270544724
7796683.997272334
7795717.534305996
3404508.9600100648
1333457.4186198905
7795717.534305996
7790523.022851562
4512605.136223075
4570257.269157331
7790523.022851562
7786476.641172277
1124045.4210576094
3248301.960082486
7786476.641172277
7790814.622259548
3400668.751824375
1330158.5440261671
8850720.274986876
7796564.145739277
3252179.270544724
4514584.397856286
7796564.145739277
7796532.719043393
1333457.4186198905
1127350.188839741
7796532.719043393
7793650.902250602
4570257.269157331
3404510.679153112
7793650.902250602
7787605.765975707
3248301.960082486
4512606.04006229
7787605.765975707
7787809.089545156
1330158.5440261671
1124044.520226818
7787809.089545156
7793887.765303988
4568571.622326296
3400668.9466655306
