7794451.73514378
7796621.575810324
2825948.363403415
4326105.376865511
7796621.575810324
7796431.316254608
1856758.0689276105
590793.5449245098
7796431.316254608
7793001.367152425
4669608.7417752
3765733.5988247218
7793001.367152425
7787145.533607718
2822083.9571063993
4323438.815072789
7787145.533607718
7788398.619303588
1853280.491698049
586601.4474420111
7788398.619303588
7794451.73514378
4668740.440668219
3762112.7587644653
13490734.739471598
7796675.974038556
590793.5449245098
2825946.970176694
7796675.974038556
7795367.352762056
3765733.5988247218
1856757.7202384183
7795367.352762056
7789779.740224964
4323438.815072789
4669607.848302916
7789779.740224964
7786571.968576817
586601.4474420111
2822083.2163648517
7786571.968576817
7791563.800976805
3762112.7587644653
1853280.4085954502
7791563.800976805
7796091.904852107
4326105.376865511
4668740.758923991
14268720.764261661
7796621.9606896825
2825946.970176694
4326105.411312416
7796621.9606896825
7796431.8120702095
1856757.7202384183
590794.0317699562
7796431.8120702095
7793002.026926177
4669607.848302916
3765733.3966399143
7793002.026926177
7787145.687226221
2822083.2163648517
4323438.770936532
7787145.687226221
7788398.131572862
1853280.4085954502
586600.0790678753
7788398.131572862
7794451.090746101
4668740.758923991
3762112.658074215
14791580.713769378
7796676.490056543
590794.0317699562
2825947.6579124248
7796676.490056543
7795367.592048434
3765733.3966399143
1856757.6082445441
7795367.592048434
7789780.354134379
4323438.770936532
4669608.88994144
7789780.354134379
7786571.011543821
586600.0790678753
2822084.034861205
7786571.011543821
7791563.869715164
3762112.658074215
1853280.7607003823
7791563.869715164
7796091.40092444
4326105.411312416
4668740.545299317
14726567.753713183
7796621.166406052
2825947.6579124248
4326104.66403565
7796621.166406052
7796430.9247077145
1856757.6082445441
590794.093325987
7796430.9247077145
7793002.987623798
4669608.88994144
3765731.861823351
7793002.987623798
7787145.282602425
2822084.034861205
4323438.80344776
7787145.282602425
7788399.182837485
1853280.7607003823
586601.6228035562
7788399.182837485
7794451.341053968
4668740.545299317
3762113.259369526
10632711.784693565
7796676.71888715
590794.093325987
2825946.674729052
7796676.71888715
7795367.104594459
3765731.861823351
1856757.5370419852
7795367.104594459
7789781.227236947
4323438.80344776
4669607.759901949
7789781.227236947
7786570.780605067
586601.6228035562
2822082.4817871186
7786570.780605067
7791564.391657417
3762113.259369526
1853280.441683965
7791564.391657417
7796091.518977845
4326104.66403565
4668740.806894718
8604004.228285518
7796621.907316954
2825946.674729052
4326106.163090733
7796621.907316954
7796431.284933639
1856757.5370419852
590792.3132501281
7796431.284933639
7793001.795208736
4669607.759901949
3765732.3845890844
7793001.795208736
7787145.887012006
2822082.4817871186
4323438.491997672
7787145.887012006
7788398.949023186
1853280.441683965
586602.0097269422
7788398.949023186
7794450.796745047
4668740.806894718
3762112.929929279
8732904.022528403
7796676.106326382
590792.3132501281
2825948.363403415
7796676.106326382
7795367.244070652
3765732.3845890844
1856758.0689276105
7795367.244070652
7789780.0566049395
4323438.491997672
4669608.7417752
7789780.0566049395
7786571.495763576
586602.0097269422
2822083.9571063993
7786571.495763576
7791562.975169376
3762112.929929279
1853280.491698049
7791562.975169376
7796092.856465813
4326106.163090733
4668740.440668219
