7791191.9353294615
7795969.389944478
4428014.225645626
4626947.966404447
7795969.389944478
7796682.6033016965
857759.0034016512
3044017.2733115363
7796682.6033016965
7795551.322748871
3591812.918482655
1598103.753743025
7795551.322748871
7790148.9923925735
4425676.463736778
4628231.221970491
7790148.9923925735
7786506.38283796
854250.0819389776
3040127.7606539726
7786506.38283796
7791191.9353294615
3588060.45229423
1594736.6003750628
13589742.50661002
7796595.740501775
3044017.2733115363
4428013.583148189
7796595.740501775
7796486.164090247
1598103.753743025
857757.3995984474
7796486.164090247
7793332.852084771
4628231.221970491
3591812.315591949
7793332.852084771
7787362.928215762
3040127.7606539726
4425676.112715308
7787362.928215762
7788093.030019221
1594736.6003750628
854250.4324607846
7788093.030019221
7794180.396045443
4626947.966404447
3588059.1477531544
13833007.828293197
7795970.703630818
4428013.583148189
4626946.5344163915
7795970.703630818
7796681.738394387
857757.3995984474
3044017.7654573233
7796681.738394387
7795551.510061407
3591812.315591949
1598103.6050308777
7795551.510061407
7790148.747140234
4425676.112715308
4628230.648924793
7790148.747140234
7786506.815260294
854250.4324607846
3040126.125053696
7786506.815260294
7791192.022769036
3588059.1477531544
1594736.748332062
15316787.346793655
7796596.067670864
3044017.7654573233
4428013.872939742
7796596.067670864
7796486.511728075
1598103.6050308777
857757.3314921665
7796486.511728075
7793332.606228972
4628230.648924793
3591812.5463296385
7793332.606228972
7787361.575209633
3040126.125053696
4425677.317204026
7787361.575209633
7788094.450464165
1594736.748332062
854249.7834412954
7788094.450464165
7794178.793455971
4626946.5344163915
3588060.1529627973
13871158.2453775
7795970.652619752
4428013.872939742
4626945.744405229
7795970.652619752
7796682.7638737885
857757.3314921665
3044017.283344608
7796682.7638737885
7795549.86685089
3591812.5463296385
1598104.640133293
7795549.86685089
7790149.036464988
4425677.317204026
4628230.231132603
7790149.036464988
7786506.282901403
854249.7834412954
3040126.776530136
7786506.282901403
7791191.98138985
3588060.1529627973
1594737.1692242355
11349140.412624367
7796595.8728418695
3044017.283344608
4428013.75527381
7796595.8728418695
7796487.088143542
1598104.640133293
857757.6846145128
7796487.088143542
7793333.179684757
4628230.231132603
3591811.1153350966
7793333.179684757
7787361.713591724
3040126.776530136
4425676.45610033
7787361.713591724
7788094.68448188
1594737.1692242355
854251.4479687575
7788094.68448188
7794178.756632925
4626945.744405229
3588059.8565130965
7858726.985769085
7795970.365979617
4428013.75527381
4626945.673351009
7795970.365979617
7796682.129834659
857757.6846145128
3044017.1309718965
7796682.129834659
7795551.001882752
3591811.1153350966
1598104.9192582318
7795551.001882752
7790148.839444132
4425676.45610033
4628229.801882317
7790148.839444132
7786506.455799424
854251.4479687575
3040125.9048011354
7786506.455799424
7791191.5449367445
3588059.8565130965
1594736.9139572638
8881447.148793323
7796596.062810344
3044017.1309718965
4428014.225645626
7796596.062810344
7796486.073598185
1598104.9192582318
857759.0034016512
7796486.073598185
7793332.9450282715
4628229.801882317
3591812.918482655
7793332.9450282715
7787361.708149895
3040125.9048011354
4425676.463736778
7787361.708149895
7788094.080398847
1594736.9139572638
854250.0819389776
7788094.080398847
7794178.986066864
4626945.673351009
3588060.45229423
