7791365.353673085
7796028.67507034
4382724.10120678
4648350.503621473
7796028.67507034
7796678.679688957
733508.65178315
2944267.5417631753
7796678.679688957
7795468.410934296
3674000.4267066643
1718629.6575815906
7795468.410934296
7789977.21736022
4380230.4424422085
4649442.486596811
7789977.21736022
7786531.753883035
729776.689533646
2940384.645212521
7786531.753883035
7791365.353673085
3670304.1495476486
1715214.4674565664
13597069.124240765
7796608.736242864
2944267.5417631753
4382723.936970958
7796608.736242864
7796462.060099121
1718629.6575815906
733508.5812582563
7796462.060099121
7793180.257839061
4649442.486596811
3674000.0911938525
7793180.257839061
7787258.58776724
2940384.645212521
4380230.153390551
7787258.58776724
7788232.267126828
1715214.4674565664
729777.2182568801
7788232.267126828
7794308.335256915
4648350.503621473
3670301.9097361136
13889528.377536315
7796027.850791567
4382723.936970958
4648349.658913931
7796027.850791567
7796679.776797361
733508.5812582563
2944267.7412802544
7796679.776797361
7795468.832235922
3674000.0911938525
1718629.5912127015
7795468.832235922
7789977.185862898
4380230.153390551
4649442.544057197
7789977.185862898
7786531.856111385
729777.2182568801
2940386.0541250682
7786531.856111385
7791365.530588049
3670301.9097361136
1715214.1096348448
15354285.584970726
7796608.963117499
2944267.7412802544
4382723.476789753
7796608.963117499
7796462.385396633
1718629.5912127015
733508.3903941556
7796462.385396633
7793179.748251893
4649442.544057197
3674000.465996262
7793179.748251893
7787259.073536976
2940386.0541250682
4380228.585178026
7787259.073536976
7788232.70593532
1715214.1096348448
729776.4575892616
7788232.70593532
7794307.58386503
4648349.658913931
3670303.6847211975
13983582.77406502
7796027.441922142
4382723.476789753
4648349.470489411
7796027.441922142
7796678.472885831
733508.3903941556
2944267.376644528
7796678.472885831
7795470.738572166
3674000.465996262
1718628.3995072022
7795470.738572166
7789976.166327987
4380228.585178026
4649441.3042895645
7789976.166327987
7786531.666861094
729776.4575892616
2940384.052867887
7786531.666861094
7791365.406644793
3670303.6847211975
1715213.9469679822
11399832.283669567
7796609.336410873
2944267.376644528
4382724.095219626
7796609.336410873
7796462.715500465
1718628.3995072022
733507.8766735399
7796462.715500465
7793180.240618037
4649441.3042895645
3674002.8720222046
7793180.240618037
7787258.6764738215
2940384.052867887
4380230.22658775
7787258.6764738215
7788232.931426725
1715213.9469679822
729777.1863577501
7788232.931426725
7794307.722026021
4648349.470489411
3670304.308546419
7957825.047063307
7796027.828113398
4382724.095219626
4648348.988570229
7796027.828113398
7796679.527900098
733507.8766735399
2944268.71644154
7796679.527900098
7795468.917210636
3674002.8720222046
1718628.8688551807
7795468.917210636
7789977.151944794
4380230.22658775
4649441.944858461
7789977.151944794
7786531.373864888
729777.1863577501
2940384.32585246
7786531.373864888
7791365.500630811
3670304.308546419
1715212.6930461132
8892825.66112937
7796610.205599272
2944268.71644154
4382724.10120678
7796610.205599272
7796461.2152496865
1718628.8688551807
733508.65178315
7796461.2152496865
7793181.088080404
4649441.944858461
3674000.4267066643
7793181.088080404
7787258.289693295
2940384.32585246
4380230.4424422085
7787258.289693295
7788233.398524154
1715212.6930461132
729776.689533646
7788233.398524154
7794306.853518421
4648348.988570229
3670304.1495476486
