7791221.14094035
7795978.901831483
4420698.054838826
4630758.355786046
7795978.901831483
7796682.127682202
837016.1424440895
3027549.830227301
7796682.127682202
7795537.576562195
3605701.274863284
1618269.2101765557
7795537.576562195
7790120.416299822
4418334.531293404
4632010.352239184
7790120.416299822
7786510.569966242
833479.7367398547
3023660.1328190393
7786510.569966242
7791221.14094035
3601957.37233498
1614895.629493958
13591044.613444282
7796598.823749291
3027549.830227301
4420697.424004976
7796598.823749291
7796482.024161321
1618269.2101765557
837016.9519688281
7796482.024161321
7793307.563293285
4632010.352239184
3605700.4349912247
7793307.563293285
7787344.057837128
3023660.1328190393
4418333.526099284
7787344.057837128
7788117.6681884155
1614895.629493958
833481.3877518877
7788117.6681884155
7794200.14130953
4630758.355786046
3601957.568627256
13842631.33431585
7795980.095058965
4420697.424004976
4630757.527316099
7795980.095058965
7796680.88117193
837016.9519688281
3027549.823260005
7796680.88117193
7795537.842359191
3605700.4349912247
1618268.8441258378
7795537.842359191
7790120.051912434
4418333.526099284
4632010.072115061
7790120.051912434
7786510.6238754215
833481.3877518877
3023658.7260219613
7786510.6238754215
7791221.053236953
3601957.568627256
1614893.6824079696
15323461.362997057
7796598.944837822
3027549.823260005
4420697.836615578
7796598.944837822
7796482.6741854055
1618268.8441258378
837016.6018112708
7796482.6741854055
7793307.417142912
4632010.072115061
3605701.0084346896
7793307.417142912
7787343.937848095
3023658.7260219613
4418335.8319183225
7787343.937848095
7788116.805825078
1614893.6824079696
833480.8625737344
7788116.805825078
7794200.8356698705
4630757.527316099
3601957.3131644223
13890331.4789066
7795980.693378203
4420697.836615578
4630756.71968059
7795980.693378203
7796680.105119184
837016.6018112708
3027549.079524104
7796680.105119184
7795537.929368124
3605701.0084346896
1618268.7350081683
7795537.929368124
7790120.54880337
4418335.8319183225
4632009.89665912
7790120.54880337
7786511.891075377
833480.8625737344
3023659.7739388524
7786511.891075377
7791220.022919053
3601957.3131644223
1614894.9880842485
11358167.784137683
7796597.674989306
3027549.079524104
4420697.929074477
7796597.674989306
7796481.875981193
1618268.7350081683
837017.78918398
7796481.875981193
7793307.786953009
4632009.89665912
3605698.382299366
7793307.786953009
7787345.132722804
3023659.7739388524
4418333.44197247
7787345.132722804
7788116.377211003
1614894.9880842485
833481.4006824403
7788116.377211003
7794200.553915919
4630756.71968059
3601957.154837648
7875658.443195773
7795980.557907108
4420697.929074477
4630757.009938291
7795980.557907108
7796681.691015588
837017.78918398
3027548.497697188
7796681.691015588
7795537.78492686
3605698.382299366
1618268.3730725346
7795537.78492686
7790119.667389418
4418333.44197247
4632009.565897667
7790119.667389418
7786510.491425444
833481.4006824403
3023658.452342584
7786510.491425444
7791220.998909851
3601957.154837648
1614893.9125611316
8883468.2407621
7796597.554325358
3027548.497697188
4420698.054838826
7796597.554325358
7796483.147716177
1618268.3730725346
837016.1424440895
7796483.147716177
7793308.137800634
4632009.565897667
3605701.274863284
7793308.137800634
7787343.856874506
3023658.452342584
4418334.531293404
7787343.856874506
7788117.326564467
1614893.9125611316
833479.7367398547
7788117.326564467
7794200.645723184
4630757.009938291
3601957.37233498
