7796210.4420865765
7796667.850381657
302357.2287812309
2561969.2787629724
7796667.850381657
7795134.882811531
3949969.4098041086
2147647.8521572915
7795134.882811531
7789363.636267108
4186489.384158839
4696859.67585928
7789363.636267108
7786684.571430118
295303.37481954467
2558178.801533537
7786684.571430118
7791988.456472155
3946556.3257754855
2144030.520838002
7791988.456472155
7796210.4420865765
4189492.6403562766
4696486.283473895
13032819.096200377
7796353.798466091
2147647.8521572915
302357.75416109926
7796353.798466091
7792604.103678212
4696859.67585928
3949968.686064185
7792604.103678212
7786930.207383439
2558178.801533537
4186488.2995908023
7786930.207383439
7788773.327198608
2144030.520838002
295303.7081899752
7788773.327198608
7794743.35932391
4696486.283473895
3946553.560172688
7794743.35932391
7796645.4369582385
2561969.2787629724
4189492.060109868
13085090.004443038
7796667.182198304
302357.75416109926
2561969.396159552
7796667.182198304
7795134.881729733
3949968.686064185
2147647.5692482986
7795134.881729733
7789364.017204486
4186488.2995908023
4696859.298846052
7789364.017204486
7786685.012312725
295303.7081899752
2558180.0995641537
7786685.012312725
7791989.430858809
3946553.560172688
2144030.486718039
7791989.430858809
7796210.1079546455
4189492.060109868
4696485.874800362
12162068.749673871
7796353.992673685
2147647.5692482986
302357.1747115694
7796353.992673685
7792604.010153715
4696859.298846052
3949969.5295811617
7792604.010153715
7786930.123231503
2558180.0995641537
4186486.8896346507
7786930.123231503
7788773.838414428
2144030.486718039
295303.39410683315
7788773.838414428
7794742.677806682
4696485.874800362
3946555.8886804013
7794742.677806682
7796645.450659119
2561969.396159552
4189491.8682195516
12334481.041963857
7796666.003213533
302357.1747115694
2561969.301627729
7796666.003213533
7795136.262456198
3949969.5295811617
2147646.2023125747
7795136.262456198
7789362.965027028
4186486.8896346507
4696858.89162122
7789362.965027028
7786684.641816498
295303.39410683315
2558178.4848081605
7786684.641816498
7791989.3758872505
3946555.8886804013
2144030.1677903156
7791989.3758872505
7796210.21328345
4189491.8682195516
4696485.740249245
6498472.203042708
7796353.82751524
2147646.2023125747
302357.5956951677
7796353.82751524
7792602.87530443
4696858.89162122
3949969.2674082424
7792602.87530443
7786931.384478506
2558178.4848081605
4186488.522212235
7786931.384478506
7788773.654834153
2144030.1677903156
295303.5789060186
7788773.654834153
7794742.487239432
4696485.740249245
3946556.2370039267
7794742.487239432
7796646.22686338
2561969.301627729
4189492.221365496
6457611.976164488
7796667.188186422
302357.5956951677
2561969.2947812625
7796667.188186422
7795134.524818041
3949969.2674082424
2147647.362536951
7795134.524818041
7789364.367255166
4186488.522212235
4696858.7058645915
7789364.367255166
7786684.677562674
295303.5789060186
2558178.442500921
7786684.677562674
7791989.543495378
3946556.2370039267
2144029.062617812
7791989.543495378
7796210.811319909
4189492.221365496
4696485.411641461
8010529.722461279
7796354.552499334
2147647.362536951
302357.2287812309
7796354.552499334
7792604.363619045
4696858.7058645915
3949969.4098041086
7792604.363619045
7786930.355480393
2558178.442500921
4186489.384158839
7786930.355480393
7788774.376928558
2144029.062617812
295303.37481954467
7788774.376928558
7794741.770758465
4696485.411641461
3946556.3257754855
7794741.770758465
7796646.059983637
2561969.2947812625
4189492.6403562766
