7795197.824492066
7796669.677228216
2074510.4609997752
3904828.255712841
7796669.677228216
7796180.630269782
2630303.7252787314
370762.0839168631
7796180.630269782
7791881.138320283
4691521.39595155
4226142.811847439
7791881.138320283
7786651.6459939
2070932.4805397976
3901357.7136867447
7786651.6459939
7789468.863520568
2626487.4575727084
364853.6170559537
7789468.863520568
7795197.824492066
4692020.525575023
4223218.634358718
13361712.33202
7796639.112508882
370762.0839168631
2074511.346767237
7796639.112508882
7794670.015759567
4226142.811847439
2630303.1937761055
7794670.015759567
7788675.216635332
3901357.7136867447
4691521.126326481
7788675.216635332
7786981.952609347
364853.6170559537
2070932.9402022986
7786981.952609347
7792706.828355764
4223218.634358718
2626486.9208635064
7792706.828355764
7796377.886187068
3904828.255712841
4692018.543256663
14041882.076358765
7796670.4951656135
2074511.346767237
3904827.2797745275
7796670.4951656135
7796180.48448752
2630303.1937761055
370762.48657125497
7796180.48448752
7791882.231512726
4691521.126326481
4226142.040462909
7791882.231512726
7786651.819987786
2070932.9402022986
3901357.310850906
7786651.819987786
7789468.067513666
2626486.9208635064
364853.5354117286
7789468.067513666
7795198.34648116
4692018.543256663
4223217.9488282725
14091144.320782805
7796638.733759574
370762.48657125497
2074511.6258362397
7796638.733759574
7794669.350511981
4226142.040462909
2630302.8412186326
7794669.350511981
7788675.189561229
3901357.310850906
4691521.974156308
7788675.189561229
7786982.610097487
364853.5354117286
2070931.3439680648
7786982.610097487
7792707.079894633
4223217.9488282725
2626487.176203874
7792707.079894633
7796377.315678949
3904827.2797745275
4692019.074317457
14283919.6177605
7796669.011195907
2074511.6258362397
3904826.4238588284
7796669.011195907
7796180.767702053
2630302.8412186326
370761.77908336575
7796180.767702053
7791883.967110678
4691521.974156308
4226141.273619134
7791883.967110678
7786650.05934919
2070931.3439680648
3901358.337948568
7786650.05934919
7789468.763580166
2626487.176203874
364853.26691469835
7789468.763580166
7795198.144241941
4692019.074317457
4223217.77322388
9635494.10910867
7796638.4900303185
370761.77908336575
2074510.9299804708
7796638.4900303185
7794668.982186432
4226141.273619134
2630302.493735767
7794668.982186432
7788676.763638297
3901358.337948568
4691519.856443789
7788676.763638297
7786982.242957768
364853.26691469835
2070932.5882945093
7786982.242957768
7792707.058592911
4223217.77322388
2626486.9317443427
7792707.058592911
7796377.020209329
3904826.4238588284
4692019.53700925
8223200.366192717
7796670.143906215
2074510.9299804708
3904826.1454772702
7796670.143906215
7796180.9434560975
2630302.493735767
370761.9865191903
7796180.9434560975
7791881.86603391
4691519.856443789
4226142.1880724225
7791881.86603391
7786651.681291483
2070932.5882945093
3901356.781428304
7786651.681291483
7789468.257042674
2626486.9317443427
364853.6185517162
7789468.257042674
7795197.987900436
4692019.53700925
4223217.267996203
8533330.6510312
7796639.808798617
370761.9865191903
2074510.4609997752
7796639.808798617
7794669.027702464
4226142.1880724225
2630303.7252787314
7794669.027702464
7788676.116859969
3901356.781428304
4691521.39595155
7788676.116859969
7786982.157850767
364853.6185517162
2070932.4805397976
7786982.157850767
7792707.687338905
4223217.267996203
2626487.4575727084
7792707.687338905
7796376.466908533
3904826.1454772702
4692020.525575023
