7794570.137712578
7796633.100745036
2721519.9273618744
4273689.684406016
7796633.100745036
7796402.080364404
1974572.2071732774
470133.7787589361
7796402.080364404
7792844.161078423
4683194.681224838
3841845.760668464
7792844.161078423
7787054.580626811
2717678.6669095294
4270883.870442119
7787054.580626811
7788546.21695399
1971038.2083028445
465238.306204264
7788546.21695399
7794570.137712578
4682523.435451798
3838301.887054128
13474035.193114927
7796673.173541593
470133.7787589361
2721519.0741749573
7796673.173541593
7795276.874741978
3841845.760668464
1974571.7661326674
7795276.874741978
7789611.232268355
4270883.870442119
4683193.864405473
7789611.232268355
7786612.088468703
465238.306204264
2717679.5809258055
7786612.088468703
7791736.071203197
3838301.887054128
1971037.197055731
7791736.071203197
7796140.89365968
4273689.684406016
4682524.709476521
14246391.267640688
7796631.544777669
2721519.0741749573
4273691.114060361
7796631.544777669
7796402.233834928
1974571.7661326674
470133.78916837333
7796402.233834928
7792844.3972155675
4683193.864405473
3841845.9113649228
7792844.3972155675
7787054.993279695
2717679.5809258055
4270883.690000086
7787054.993279695
7788545.640567307
1971037.197055731
465238.17348576954
7788545.640567307
7794571.763701988
4682524.709476521
3838301.085788143
14702390.102173107
7796673.055466663
470133.78916837333
2721519.3153817477
7796673.055466663
7795276.57458123
3841845.9113649228
1974571.9858663199
7795276.57458123
7789611.652453223
4270883.690000086
4683194.087206221
7789611.652453223
7786611.725415873
465238.17348576954
2717680.1724067614
7786611.725415873
7791735.186795062
3838301.085788143
1971037.7546631803
7791735.186795062
7796141.800201011
4273691.114060361
4682523.344462849
14683268.877334416
7796633.2454744745
2721519.3153817477
4273690.111888514
7796633.2454744745
7796401.016237754
1974571.9858663199
470134.2819417395
7796401.016237754
7792843.0734798
4683194.087206221
3841844.819219387
7792843.0734798
7787055.386092043
2717680.1724067614
4270881.420285526
7787055.386092043
7788546.4726947425
1971037.7546631803
465238.1435805719
7788546.4726947425
7794570.7597241355
4682523.344462849
3838301.055927076
10508417.316291673
7796674.032274349
470134.2819417395
2721519.9211828993
7796674.032274349
7795277.717574221
3841844.819219387
1974572.5102033636
7795277.717574221
7789610.9294962175
4270881.420285526
4683195.0699296575
7789610.9294962175
7786611.499503351
465238.1435805719
2717679.693190645
7786611.499503351
7791735.179261875
3838301.055927076
1971039.0409874085
7791735.179261875
7796141.0566490125
4273690.111888514
4682523.579703117
8567034.019346958
7796631.711853904
2721519.9211828993
4273690.480248146
7796631.711853904
7796402.30353008
1974572.5102033636
470134.859707131
7796402.30353008
7792844.512240652
4683195.0699296575
3841844.764486656
7792844.512240652
7787054.121903907
2717679.693190645
4270882.546260627
7787054.121903907
7788546.29858328
1971039.0409874085
465240.0574087062
7788546.29858328
7794571.619384481
4682523.579703117
3838301.3576908438
8707247.203070529
7796673.422952852
470134.859707131
2721519.9273618744
7796673.422952852
7795276.695596257
3841844.764486656
1974572.2071732774
7795276.695596257
7789611.820317151
4270882.546260627
4683194.681224838
7789611.820317151
7786611.946342908
465240.0574087062
2717678.6669095294
7786611.946342908
7791735.153292329
3838301.3576908438
1971038.2083028445
7791735.153292329
7796141.630719565
4273690.480248146
4682523.435451798
