7796535.3646658035
7796563.342815763
1124302.07068468
1336480.7832544418
7796563.342815763
7793888.632415587
4513692.387997896
3249884.422149908
7793888.632415587
7787812.55599393
3402865.008503602
4569327.232585949
7787812.55599393
7787603.250735599
1120990.9392110123
1333185.211943562
7787603.250735599
7793647.641392446
4511708.258536775
3246003.258612418
7793647.641392446
7796535.3646658035
3406703.8037158074
4571006.113365215
12848213.947041485
7795834.382449131
3249884.422149908
1124302.3070334136
7795834.382449131
7790817.502591799
4569327.232585949
4513691.401468571
7790817.502591799
7786478.5715569
1333185.211943562
3402864.43052559
7786478.5715569
7790520.1515155425
3246003.258612418
1120992.0895977728
7790520.1515155425
7795714.207702653
4571006.113365215
4511708.631328286
7795714.207702653
7796685.85285182
1336480.7832544418
3406702.8651355915
12249697.869244572
7796563.905557367
1124302.3070334136
1336480.312054507
7796563.905557367
7793889.023556965
4513691.401468571
3249883.8565244335
7793889.023556965
7787812.788718082
3402864.43052559
4569326.4135655565
7787812.788718082
7787603.131650968
1120992.0895977728
1333184.6988212566
7787603.131650968
7793647.693381827
4511708.631328286
3246003.3534759036
7793647.693381827
7796534.134899076
3406702.8651355915
4571006.174605456
10956953.288428884
7795835.102265188
3249883.8565244335
1124302.2187045894
7795835.102265188
7790816.360317485
4569326.4135655565
4513691.66661783
7790816.360317485
7786478.332888087
1333184.6988212566
3402864.354252775
7786478.332888087
7790520.194395325
3246003.3534759036
1120991.2166880758
7790520.194395325
7795715.0270670215
4571006.174605456
4511708.278750297
7795715.0270670215
7796685.11041675
1336480.312054507
3406702.671038843
10479890.225186275
7796564.399023075
1124302.2187045894
1336480.2749535344
7796564.399023075
7793889.688624973
4513691.66661783
3249884.576668632
7793889.688624973
7787811.486243605
3402864.354252775
4569326.889113283
7787811.486243605
7787603.558053856
1120991.2166880758
1333184.9530816409
7787603.558053856
7793648.086161528
4511708.278750297
3246003.497713898
7793648.086161528
7796534.084266681
3406702.671038843
4571005.7543410985
3792445.9657550124
7795835.48295938
3249884.576668632
1124299.8188578163
7795835.48295938
7790816.911801204
4569326.889113283
4513692.7669939725
7790816.911801204
7786478.189814929
1333184.9530816409
3402864.7706061318
7786478.189814929
7790520.042952821
3246003.497713898
1120990.6547250545
7790520.042952821
7795715.587158646
4571005.7543410985
4511707.890626148
7795715.587158646
7796684.579318821
1336480.2749535344
3406703.076370301
4534196.931943765
7796563.721868485
1124299.8188578163
1336478.1096513516
7796563.721868485
7793889.031037383
4513692.7669939725
3249884.044556418
7793889.031037383
7787813.411353675
3402864.7706061318
4569326.261374442
7787813.411353675
7787603.1224299865
1120990.6547250545
1333184.7780213293
7787603.1224299865
7793647.507008532
4511707.890626148
3246003.418040974
7793647.507008532
7796534.349341301
3406703.076370301
4571005.654052734
7707425.815074517
7795834.734643569
3249884.044556418
1124302.07068468
7795834.734643569
7790816.80325048
4569326.261374442
4513692.387997896
7790816.80325048
7786478.532699434
1333184.7780213293
3402865.008503602
7786478.532699434
7790519.594024679
3246003.418040974
1120990.9392110123
7790519.594024679
7795715.936208395
4571005.654052734
4511708.258536775
7795715.936208395
7796685.477729689
1336478.1096513516
3406703.8037158074
