7796330.166978422
7796649.271150949
236347.26615165104
2228539.184951907
7796649.271150949
7794822.000704288
4147074.5981184077
2484784.510499518
7794822.000704288
7788882.711537902
3995596.7221986926
4700341.495512746
7788882.711537902
7786877.164552115
227471.9995559893
2224886.4677935536
7786877.164552115
7792490.354131443
4143982.440302354
2481019.677442611
7792490.354131443
7796330.166978422
3998937.7690274008
4700572.878140789
12971395.094205994
7796239.354030765
2484784.510499518
236347.78690040394
7796239.354030765
7792108.191378672
4700341.495512746
4147073.732539375
7792108.191378672
7786724.491936213
2224886.4677935536
3995595.8203103063
7786724.491936213
7789248.2703019045
2481019.677442611
227473.32583816283
7789248.2703019045
7795065.84082473
4700572.878140789
4143980.7697855365
7795065.84082473
7796663.8739310205
2228539.184951907
3998938.639377028
12844739.830541894
7796649.7986073075
236347.78690040394
2228539.3463679263
7796649.7986073075
7794821.594823238
4147073.732539375
2484784.570159466
7794821.594823238
7788882.73763951
3995595.8203103063
4700341.082399819
7788882.73763951
7786876.882982373
227473.32583816283
2224887.6422252767
7786876.882982373
7792489.064711623
4143980.7697855365
2481019.34966062
7792489.064711623
7796330.988220453
3998938.639377028
4700570.841239642
11772894.050350312
7796239.514191622
2484784.570159466
236347.4394831685
7796239.514191622
7792107.614205926
4700341.082399819
4147074.1788268406
7792107.614205926
7786724.225793815
2224887.6422252767
3995594.817247861
7786724.225793815
7789249.335918998
2481019.34966062
227472.5289808365
7789249.335918998
7795063.981757245
4700570.841239642
4143981.988956008
7795063.981757245
7796665.078236397
2228539.3463679263
3998939.1631081225
11818631.990350813
7796648.863251818
236347.4394831685
2228538.735622165
7796648.863251818
7794823.084749416
4147074.1788268406
2484783.7398922667
7794823.084749416
7788882.242411869
3995594.817247861
4700340.210412008
7788882.242411869
7786877.1136682
227472.5289808365
2224886.744511171
7786877.1136682
7792489.109866429
4143981.988956008
2481019.724587557
7792489.109866429
7796330.980732042
3998939.1631081225
4700570.300482615
5737597.088892892
7796240.027729623
2484783.7398922667
236347.50155524438
7796240.027729623
7792107.275093269
4700340.210412008
4147074.419863557
7792107.275093269
7786724.38505075
2224886.744511171
3995596.003040985
7786724.38505075
7789249.812744258
2481019.724587557
227471.68647771445
7789249.812744258
7795064.015267315
4700570.300482615
4143981.6946052923
7795064.015267315
7796665.016679237
2228538.735622165
3998939.0332973087
5956129.4154286925
7796650.120755505
236347.50155524438
2228539.7470312747
7796650.120755505
7794820.962570306
4147074.419863557
2484783.5828656973
7794820.962570306
7788882.707464937
3995596.003040985
4700340.4082410615
7788882.707464937
7786876.770119136
227471.68647771445
2224885.916415579
7786876.770119136
7792489.231062606
4143981.6946052923
2481019.474234143
7792489.231062606
7796330.666259589
3998939.0332973087
4700569.99427003
7910502.705759502
7796240.346348946
2484783.5828656973
236347.26615165104
7796240.346348946
7792108.26271249
4700340.4082410615
4147074.5981184077
7792108.26271249
7786724.52994192
2224885.916415579
3995596.7221986926
7786724.52994192
7789249.787375189
2481019.474234143
227471.9995559893
7789249.787375189
7795063.313922827
4700569.99427003
4143982.440302354
7795063.313922827
7796665.266116177
2228539.7470312747
3998937.7690274008
