7794285.006751553
7796605.900377408
2961872.377231372
4390883.717408545
7796605.900377408
7796467.22481326
1697637.812722537
755191.2905185327
7796467.22481326
7793207.704716047
4645988.360306803
3659827.2431250894
7793207.704716047
7787276.857691391
2957988.1807982475
4388416.679025609
7787276.857691391
7788207.84034936
1694231.7616222294
751508.5365802989
7788207.84034936
7794285.006751553
4644861.090602966
3656120.988380765
13511621.15619688
7796680.143834212
755191.2905185327
2961872.0503117805
7796680.143834212
7795482.666595323
3659827.2431250894
1697637.4230243666
7795482.666595323
7790006.409799686
4388416.679025609
4645987.565041373
7790006.409799686
7786528.802056703
751508.5365802989
2957987.177615105
7786528.802056703
7791333.17633434
3656120.988380765
1694230.7311133128
7791333.17633434
7796018.455540499
4390883.717408545
4644861.974025355
14292445.778082076
7796607.181799874
2961872.0503117805
4390883.800081842
7796607.181799874
7796466.834673062
1697637.4230243666
755191.2953246722
7796466.834673062
7793207.789415781
4645987.565041373
3659827.3530225526
7793207.789415781
7787276.423335217
2957987.177615105
4388415.902299841
7787276.423335217
7788207.707894832
1694230.7311133128
751508.3313432268
7788207.707894832
7794284.311551399
4644861.974025355
3656119.9428591426
14902576.905946365
7796680.01571004
755191.2953246722
2961872.294240851
7796680.01571004
7795483.259812802
3659827.3530225526
1697637.5286334683
7795483.259812802
7790006.140334592
4388415.902299841
4645987.7790346425
7790006.140334592
7786528.6908831475
751508.3313432268
2957986.4805835565
7786528.6908831475
7791333.596739966
3656119.9428591426
1694231.5807713883
7791333.596739966
7796019.15948202
4390883.800081842
4644861.1906165015
14772514.102293866
7796606.721174207
2961872.294240851
4390882.954222974
7796606.721174207
7796468.051415
1697637.5286334683
755191.401587662
7796468.051415
7793206.442727299
4645987.7790346425
3659827.301094629
7793206.442727299
7787276.822746013
2957986.4805835565
4388415.642205423
7787276.822746013
7788207.96801527
1694231.5807713883
751508.282624714
7788207.96801527
7794284.564925858
4644861.1906165015
3656120.089377177
10786409.760489533
7796680.805491431
755191.401587662
2961872.3590146275
7796680.805491431
7795482.428481305
3659827.301094629
1697636.8496785006
7795482.428481305
7790006.36083062
4388415.642205423
4645988.671260229
7790006.36083062
7786528.748136352
751508.282624714
2957986.6929281056
7786528.748136352
7791332.908618777
3656120.089377177
1694232.5122485955
7791332.908618777
7796019.326922843
4390882.954222974
4644860.909351175
8643149.836638309
7796607.350194183
2961872.3590146275
4390883.632689118
7796607.350194183
7796466.611037909
1697636.8496785006
755189.0597673828
7796466.611037909
7793207.623387705
4645988.671260229
3659825.84640248
7793207.623387705
7787276.042069684
2957986.6929281056
4388416.526731673
7787276.042069684
7788208.571683988
1694232.5122485955
751508.3604416645
7788208.571683988
7794284.519080925
4644860.909351175
3656121.010260473
8764915.76212283
7796679.498657181
755189.0597673828
2961872.377231372
7796679.498657181
7795483.134042001
3659825.84640248
1697637.812722537
7795483.134042001
7790007.047069076
4388416.526731673
4645988.360306803
7790007.047069076
7786528.754439813
751508.3604416645
2957988.1807982475
7786528.754439813
7791332.420388818
3656121.010260473
1694231.7616222294
7791332.420388818
7796019.987635702
4390883.632689118
4644861.090602966
