7795368.460636669
7796676.7355055
1859667.1876911202
3767637.0454342966
7796676.7355055
7796090.776172234
2823407.6170690055
587793.8397232433
7796090.776172234
7791568.34878338
4669122.674426065
4324857.871080444
7791568.34878338
7786572.425717722
1856192.7556884415
3764021.61261499
7786572.425717722
7789773.984329295
2819541.6660879254
583585.2708300755
7789773.984329295
7795368.460636669
4669983.73012188
4322184.716469182
13322291.5319005
7796621.944991662
587793.8397232433
1859667.808826317
7796621.944991662
7794451.921873353
4324857.871080444
2823407.0675884993
7794451.921873353
7788402.787282435
3764021.61261499
4669122.231723693
7788402.787282435
7787144.043889632
583585.2708300755
1856191.541919738
7787144.043889632
7792998.152510064
4322184.716469182
2819541.393061534
7792998.152510064
7796432.389396256
3767637.0454342966
4669983.49237158
13953073.895729326
7796676.484187601
1859667.808826317
3767637.5899891076
7796676.484187601
7796090.247395418
2823407.0675884993
587793.5065099659
7796090.247395418
7791567.875632201
4669122.231723693
4324857.149894549
7791567.875632201
7786572.269488572
1856191.541919738
3764020.9442599746
7786572.269488572
7789775.23702001
2819541.393061534
583584.353684597
7789775.23702001
7795367.518412815
4669983.49237158
4322185.957551626
13871587.703667482
7796621.745016269
587793.5065099659
1859667.7334714257
7796621.745016269
7794451.722358086
4324857.149894549
2823407.5521498066
7794451.722358086
7788402.496757491
3764020.9442599746
4669123.112463992
7788402.496757491
7787144.025535504
583584.353684597
1856190.8515386085
7787144.025535504
7792997.722302225
4322185.957551626
2819541.411471649
7792997.722302225
7796433.09768693
3767637.5899891076
4669983.0386294965
14108843.26194486
7796677.566293399
1859667.7334714257
3767636.695281374
7796677.566293399
7796090.644834658
2823407.5521498066
587794.350359673
7796090.644834658
7791568.138005487
4669123.112463992
4324856.854909947
7791568.138005487
7786572.379493556
1856190.8515386085
3764021.467153534
7786572.379493556
7789775.087708143
2819541.411471649
583585.5352253965
7789775.087708143
7795367.657722048
4669983.0386294965
4322185.785825797
9311713.432124276
7796622.297736103
587794.350359673
1859667.2326132369
7796622.297736103
7794450.975230332
4324856.854909947
2823409.608822427
7794450.975230332
7788402.674270886
3764021.467153534
4669121.909076433
7788402.674270886
7787144.093878157
583585.5352253965
1856192.3820104618
7787144.093878157
7792998.4542256845
4322185.785825797
2819539.9353640126
7792998.4542256845
7796432.62744494
3767636.695281374
4669983.4695657445
8070871.860448082
7796676.934230931
1859667.2326132369
3767638.653647426
7796676.934230931
7796091.118117211
2823409.608822427
587791.4678960611
7796091.118117211
7791567.887148793
4669121.909076433
4324856.961871077
7791567.887148793
7786572.297062687
1856192.3820104618
3764021.1260272125
7786572.297062687
7789775.322017177
2819539.9353640126
583586.2364936415
7789775.322017177
7795367.596931318
4669983.4695657445
4322185.017377517
8471746.390249565
7796622.235396092
587791.4678960611
1859667.1876911202
7796622.235396092
7794451.314113526
4324856.961871077
2823407.6170690055
7794451.314113526
7788403.650420281
3764021.1260272125
4669122.674426065
7788403.650420281
7787143.831963034
583586.2364936415
1856192.7556884415
7787143.831963034
7792997.37007628
4322185.017377517
2819541.6660879254
7792997.37007628
7796432.773879653
3767638.653647426
4669983.73012188
