7796502.28574076
7796587.139108005
937708.971534987
1520139.464229886
7796587.139108005
7794091.835620295
4455327.455962086
3106865.202146862
7794091.835620295
7788007.6732844915
3533823.435964499
4611355.221115802
7788007.6732844915
7787432.027426575
934289.3759712512
1516803.580464277
7787432.027426575
7793429.753589672
4453092.269041628
3102970.9058720595
7793429.753589672
7796502.28574076
3537603.2770614186
4612758.592067987
12868617.430292616
7795930.730206168
3106865.202146862
937708.58385613
7795930.730206168
7791077.789194617
4611355.221115802
4455327.132821857
7791077.789194617
7786496.401467814
1516803.580464277
3533823.0699005537
7786496.401467814
7790260.603571634
3102970.9058720595
934290.3774668706
7790260.603571634
7795602.275145626
4612758.592067987
4453093.524530094
7795602.275145626
7796683.008467246
1520139.464229886
3537604.146484409
12364644.74192089
7796586.812215579
937708.58385613
1520139.96927121
7796586.812215579
7794091.775008558
4455327.132821857
3106864.409100597
7794091.775008558
7788007.822421515
3533823.0699005537
4611355.319292563
7788007.822421515
7787432.270938505
934290.3774668706
1516803.4339519532
7787432.270938505
7793429.1014455175
4453093.524530094
3102970.334213846
7793429.1014455175
7796502.30616337
3537604.146484409
4612757.979790806
11095696.28684873
7795930.67688294
3106864.409100597
937708.5091062414
7795930.67688294
7791078.356223396
4611355.319292563
4455327.221185191
7791078.356223396
7786496.08287023
1516803.4339519532
3533823.8421062035
7786496.08287023
7790260.300376938
3102970.334213846
934289.4715439844
7790260.300376938
7795601.9219195135
4612757.979790806
4453091.932905785
7795601.9219195135
7796683.568672985
1520139.96927121
3537604.3805456557
10746366.830526827
7796587.154262975
937708.5091062414
1520139.90957465
7796587.154262975
7794090.932428387
4455327.221185191
3106863.62973454
7794090.932428387
7788008.501049983
3533823.8421062035
4611354.044031553
7788008.501049983
7787432.220946734
934289.4715439844
1516803.3608124636
7787432.220946734
7793428.234991433
4453091.932905785
3102970.6294612037
7793428.234991433
7796503.160802853
3537604.3805456557
4612757.522979107
4176229.1843129587
7795930.760906102
3106863.62973454
937710.62729176
7795930.760906102
7791077.052481167
4611354.044031553
4455328.944392937
7791077.052481167
7786495.717174097
1516803.3608124636
3533823.2397988783
7786495.717174097
7790260.6654009
3102970.6294612037
934289.0959158968
7790260.6654009
7795601.838412255
4612757.522979107
4453091.633416945
7795601.838412255
7796684.572948323
1520139.90957465
3537604.1125712823
4835847.433971479
7796586.606337384
937710.62729176
1520141.3685471104
7796586.606337384
7794092.221754038
4455328.944392937
3106861.896023346
7794092.221754038
7788008.732894836
3533823.2397988783
4611354.751305025
7788008.732894836
7787432.44206093
934289.0959158968
1516803.4648795247
7787432.44206093
7793428.159760276
4453091.633416945
3102971.754060372
7793428.159760276
7796502.578666596
3537604.1125712823
4612757.799280302
7741298.198353068
7795931.424038263
3106861.896023346
937708.971534987
7795931.424038263
7791077.723059011
4611354.751305025
4455327.455962086
7791077.723059011
7786496.0909881005
1516803.4648795247
3533823.435964499
7786496.0909881005
7790259.944398851
3102971.754060372
934289.3759712512
7790259.944398851
7795601.882899413
4612757.799280302
4453092.269041628
7795601.882899413
7796683.578426924
1520141.3685471104
3537603.2770614186
