7796537.310906453
7796560.633094968
1144987.5403180022
1315956.2240997988
7796560.633094968
7793865.915320744
4519703.434537308
3265439.0535937026
7793865.915320744
7787791.419391077
3387953.548663817
4564175.193013324
7787791.419391077
7787622.549736834
1141682.2219905644
1312663.656953415
7787622.549736834
7793672.252900628
4517748.5887647625
3261561.236038037
7793672.252900628
7796537.310906453
3391796.8708179593
4565883.581090415
12846093.85354467
7795823.523828324
3265439.0535937026
1144987.3782100722
7795823.523828324
7790787.093429034
4564175.193013324
4519702.900076467
7790787.093429034
7786477.713277326
1312663.656953415
3387953.5935053313
7786477.713277326
7790550.356864453
3261561.236038037
1141681.7433863876
7790550.356864453
7795726.998090042
4565883.581090415
4517749.668470754
7795726.998090042
7796683.965216115
1315956.2240997988
3391796.1589528536
12237142.619559793
7796561.021117349
1144987.3782100722
1315956.3543321355
7796561.021117349
7793865.999157883
4519702.900076467
3265438.8793076114
7793865.999157883
7787792.127611281
3387953.5935053313
4564174.55355025
7787792.127611281
7787622.785875492
1141681.7433863876
1312663.0280570986
7787622.785875492
7793671.617660744
4517749.668470754
3261561.1260881294
7793671.617660744
7796537.453443284
3391796.1589528536
4565884.137374177
10942455.636944443
7795824.049371613
3265438.8793076114
1144987.3577178703
7795824.049371613
7790787.15380095
4564174.55355025
4519703.349488631
7790787.15380095
7786478.139463331
1312663.0280570986
3387954.619346845
7786478.139463331
7790548.929692301
3261561.1260881294
1141681.6274121695
7790548.929692301
7795727.545874779
4565884.137374177
4517747.69979108
7795727.545874779
7796684.8075195355
1315956.3543321355
3391796.6189409485
10450526.164015522
7796561.32036317
1144987.3577178703
1315956.1561979135
7796561.32036317
7793865.764231801
4519703.349488631
3265438.601009389
7793865.764231801
7787791.422567681
3387954.619346845
4564172.970003927
7787791.422567681
7787623.924336635
1141681.6274121695
1312663.4544852346
7787623.924336635
7793670.202616741
4517747.69979108
3261561.4726984105
7793670.202616741
7796537.661472114
3391796.6189409485
4565883.321149455
3750374.343624443
7795824.719575717
3265438.601009389
1144987.9722394058
7795824.719575717
7790787.226119878
4564172.970003927
4519704.67767279
7790787.226119878
7786477.586776886
1312663.4544852346
3387953.8004636066
7786477.586776886
7790549.081118449
3261561.4726984105
1141681.8038371205
7790549.081118449
7795726.84276702
4565883.321149455
4517748.032718424
7795726.84276702
7796684.999347016
1315956.1561979135
3391796.7848153966
4500203.762823586
7796560.4760197485
1144987.9722394058
1315956.850170592
7796560.4760197485
7793866.304674161
4519704.67767279
3265437.746589472
7793866.304674161
7787791.757448686
3387953.8004636066
4564174.022749551
7787791.757448686
7787623.341346698
1141681.8038371205
1312662.9929739558
7787623.341346698
7793671.054136102
4517748.032718424
3261561.2278882926
7793671.054136102
7796537.169459222
3391796.7848153966
4565883.481512895
7703900.546075363
7795824.1558797425
3265437.746589472
1144987.5403180022
7795824.1558797425
7790787.448092255
4564174.022749551
4519703.434537308
7790787.448092255
7786477.685248524
1312662.9929739558
3387953.548663817
7786477.685248524
7790549.017964419
3261561.2278882926
1141682.2219905644
7790549.017964419
7795727.118039345
4565883.481512895
4517748.5887647625
7795727.118039345
7796685.420986247
1315956.850170592
3391796.8708179593
