7796399.178603811
7796632.153007361
446575.6646686364
1997899.1463136151
7796632.153007361
7794593.199714744
4262850.932165882
2700447.5613073874
7794593.199714744
7788576.542469829
3853153.464050229
4684848.465012383
7788576.542469829
7787038.018969045
441483.8356026611
1994357.216390205
7787038.018969045
7792811.028211624
4260014.406756471
2696610.6003476265
7792811.028211624
7796399.178603811
3856680.865467692
4685476.2710324805
12933765.591287643
7796149.4797786735
2700447.5613073874
446574.9185142749
7796149.4797786735
7791768.782977377
4684848.465012383
4262849.970344012
7791768.782977377
7786621.103011751
1994357.216390205
3853152.782233985
7786621.103011751
7789579.369800403
2696610.6003476265
441484.6701982202
7789579.369800403
7795259.003355648
4685476.2710324805
4260014.384964221
7795259.003355648
7796672.640221355
1997899.1463136151
3856678.750926074
12682976.674973484
7796632.836504366
446574.9185142749
1997899.1103158877
7796632.836504366
7794592.86711436
4262849.970344012
2700447.4979783674
7794592.86711436
7788576.208800553
3853152.782233985
4684848.553354
7788576.208800553
7787038.173800343
441484.6701982202
1994355.5966022585
7787038.173800343
7792812.594645426
4260014.384964221
2696611.37237211
7792812.594645426
7796397.215453487
3856678.750926074
4685477.317871731
11528938.600912945
7796149.30004016
2700447.4979783674
446575.13808568654
7796149.30004016
7791769.632024988
4684848.553354
4262850.2586132
7791769.632024988
7786620.236255627
1994355.5966022585
3853154.1865823097
7786620.236255627
7789579.13420452
2696611.37237211
441483.23689538316
7789579.13420452
7795258.907008784
4685477.317871731
4260013.938552451
7795258.907008784
7796674.259722929
1997899.1103158877
3856679.321155705
11464054.961495085
7796634.062575525
446575.13808568654
1997898.7457614688
7796634.062575525
7794593.114131031
4262850.2586132
2700447.30096798
7794593.114131031
7788575.40718764
3853154.1865823097
4684848.973579688
7788575.40718764
7787038.125778757
441483.23689538316
1994356.3770810012
7787038.125778757
7792812.349375829
4260013.938552451
2696610.689805283
7792812.349375829
7796397.4387144465
3856679.321155705
4685476.881388099
5219021.794880717
7796148.382156343
2700447.30096798
446574.4830684743
7796148.382156343
7791770.276843572
4684848.973579688
4262848.534237704
7791770.276843572
7786619.541923643
1994356.3770810012
3853153.5208219923
7786619.541923643
7789579.0485676555
2696610.689805283
441483.0315223586
7789579.0485676555
7795258.805839298
4685476.881388099
4260013.580196605
7795258.805839298
7796674.085022875
1997898.7457614688
3856678.9010365675
5599150.204213755
7796633.648035475
446574.4830684743
1997897.7874656776
7796633.648035475
7794593.2726772465
4262848.534237704
2700447.630668788
7794593.2726772465
7788576.457800195
3853153.5208219923
4684847.573486134
7788576.457800195
7787037.882423868
441483.0315223586
1994357.2566307038
7787037.882423868
7792812.218621236
4260013.580196605
2696610.0872606006
7792812.218621236
7796397.393320566
3856678.9010365675
4685477.127941968
7848824.717653186
7796149.278631216
2700447.630668788
446575.6646686364
7796149.278631216
7791768.61272816
4684847.573486134
4262850.932165882
7791768.61272816
7786620.642636772
1994357.2566307038
3853153.464050229
7786620.642636772
7789579.661092897
2696610.0872606006
441483.8356026611
7789579.661092897
7795259.0271235835
4685477.127941968
4260014.406756471
7795259.0271235835
7796674.142579849
1997897.7874656776
3856680.865467692
