7792656.763241318
7796366.205950593
3928130.7720371275
4694680.008258409
7796366.205950593
7796641.1548935445
334927.0803856742
2112101.391479955
7796641.1548935445
7794707.670434984
4207504.516631585
2595351.2141645146
7794707.670434984
7788725.421871183
3924690.785837724
4694247.2329824185
7788725.421871183
7786953.194518655
328481.70480180474
2108504.2279732185
7786953.194518655
7792656.763241318
4204538.435516986
2591545.8324368997
13613151.257953128
7796668.799629121
2112101.391479955
3928130.0573404115
7796668.799629121
7796194.431510072
2595351.2141645146
334927.47174467676
7796194.431510072
7791936.92888233
4694247.2329824185
4207503.410004835
7791936.92888233
7786668.104886059
2108504.2279732185
3924690.2174745826
7786668.104886059
7789414.657085168
2591545.8324368997
328482.13247740926
7789414.657085168
7795168.2259841785
4694680.008258409
4204536.997228717
14214592.877708737
7796365.213481063
3928130.0573404115
4694679.86945244
7796365.213481063
7796641.6167507805
334927.47174467676
2112101.079477007
7796641.6167507805
7794707.499850327
4207503.410004835
2595351.2561748866
7794707.499850327
7788725.609924543
3924690.2174745826
4694246.594378438
7788725.609924543
7786954.295120394
328482.13247740926
2108503.8270599977
7786954.295120394
7792656.523454166
4204536.997228717
2591546.493807483
15434620.490895012
7796668.738533085
2112101.079477007
3928130.660771462
7796668.738533085
7796194.600015947
2595351.2561748866
334926.88148534746
7796194.600015947
7791937.291931777
4694246.594378438
4207504.540773857
7791937.291931777
7786668.050049697
2108503.8270599977
3924691.432837117
7786668.050049697
7789414.478620851
2591546.493807483
328481.9198157307
7789414.478620851
7795167.510181142
4694679.86945244
4204538.002411659
14621826.675866555
7796365.70293187
3928130.660771462
4694679.427802726
7796365.70293187
7796641.175567129
334926.88148534746
2112100.934945286
7796641.175567129
7794707.4897164395
4207504.540773857
2595350.9049059125
7794707.4897164395
7788726.010621278
3924691.432837117
4694244.941477213
7788726.010621278
7786953.566462243
328481.9198157307
2108503.823378692
7786953.566462243
7792657.176902887
4204538.002411659
2591545.4779197723
11508841.749676883
7796668.438955079
2112100.934945286
3928130.466797612
7796668.438955079
7796195.298819734
2595350.9049059125
334924.34039034287
7796195.298819734
7791937.2172949845
4694244.941477213
4207506.266347935
7791937.2172949845
7786668.373853886
2108503.823378692
3924690.5031673964
7786668.373853886
7789414.391709631
2591545.4779197723
328482.15371460345
7789414.391709631
7795167.767414302
4694679.427802726
4204537.147355885
8512853.647764837
7796365.823721015
3928130.466797612
4694679.0174921965
7796365.823721015
7796640.930234402
334924.34039034287
2112099.649225164
7796640.930234402
7794707.936440512
4207506.266347935
2595349.2225143206
7794707.936440512
7788725.0311719645
3924690.5031673964
4694245.881239533
7788725.0311719645
7786954.06851456
328482.15371460345
2108503.7324498324
7786954.06851456
7792656.6080979565
4204537.147355885
2591546.6298704357
8918732.623285662
7796669.109565804
2112099.649225164
3928130.7720371275
7796669.109565804
7796194.597525617
2595349.2225143206
334927.0803856742
7796194.597525617
7791937.615357026
4694245.881239533
4207504.516631585
7791937.615357026
7786668.23061475
2108503.7324498324
3924690.785837724
7786668.23061475
7789414.743899723
2591546.6298704357
328481.70480180474
7789414.743899723
7795166.640632797
4694679.0174921965
4204538.435516986
