7790959.190229773
7795888.604488697
4483173.45022024
4592958.527186814
7795888.604488697
7796684.00495992
1023766.4855093147
3173439.4862933764
7796684.00495992
7795655.63564017
3478016.4000403304
1435754.7196902607
7795655.63564017
7790378.857023053
4481053.344296796
4594492.436590524
7790378.857023053
7786484.296629196
1020415.2799131587
3169552.8167796102
7786484.296629196
7790959.190229773
3474203.8491940047
1432438.0682344306
13578175.61779271
7796576.752690388
3173439.4862933764
4483172.351049266
7796576.752690388
7796515.624201951
1435754.7196902607
1023765.3745692297
7796515.624201951
7793530.089608381
4594492.436590524
3478015.5522376057
7793530.089608381
7787509.459788023
3169552.8167796102
4481052.90946786
7787509.459788023
7787915.0656419005
1432438.0682344306
1020413.8986778233
7787915.0656419005
7794003.38770138
4592958.527186814
3474202.2627813355
13753213.427092522
7795888.711573504
4483172.351049266
4592958.961763173
7795888.711573504
7796683.278581838
1023765.3745692297
3173440.1293192133
7796683.278581838
7795655.528020198
3478015.5522376057
1435755.016910136
7795655.528020198
7790378.506347533
4481052.90946786
4594492.246685665
7790378.506347533
7786484.264397071
1020413.8986778233
3169552.6986166164
7786484.264397071
7790960.33601533
3474202.2627813355
1432438.8601870206
15257356.708294079
7796577.011782886
3173440.1293192133
4483172.552833467
7796577.011782886
7796515.623568909
1435755.016910136
1023765.6905740199
7796515.623568909
7793530.914031682
4594492.246685665
3478015.902991154
7793530.914031682
7787509.133988578
3169552.6986166164
4481054.193565028
7787509.133988578
7787915.91585646
1432438.8601870206
1020414.8499147908
7787915.91585646
7794002.086639031
4592958.961763173
3474203.420073343
13711658.035211068
7795889.001082163
4483172.552833467
4592958.318625498
7795889.001082163
7796683.372045438
1023765.6905740199
3173439.3624768932
7796683.372045438
7795655.306495852
3478015.902991154
1435754.4636156238
7795655.306495852
7790378.832880365
4481054.193565028
4594490.9608326685
7790378.832880365
7786484.035270026
1020414.8499147908
3169552.2538337284
7786484.035270026
7790959.738102186
3474203.420073343
1432438.6474485511
11268622.872203235
7796577.603899333
3173439.3624768932
4483172.866798259
7796577.603899333
7796515.679271941
1435754.4636156238
1023764.8492448413
7796515.679271941
7793530.688102378
4594490.9608326685
3478015.0415399997
7793530.688102378
7787508.537814124
3169552.2538337284
4481053.406144834
7787508.537814124
7787916.470053686
1432438.6474485511
1020415.1684068124
7787916.470053686
7794001.782109077
4592958.318625498
3474203.223348444
7717367.969872104
7795888.769724728
4483172.866798259
4592958.175948549
7795888.769724728
7796683.144983653
1023764.8492448413
3173440.440272109
7796683.144983653
7795655.554446393
3478015.0415399997
1435755.9811141253
7795655.554446393
7790378.769649958
4481053.406144834
4594491.551861006
7790378.769649958
7786484.729587758
1020415.1684068124
3169552.543240198
7786484.729587758
7790959.859776999
3474203.223348444
1432439.1570249153
8863507.000111304
7796577.194026911
3173440.440272109
4483173.45022024
7796577.194026911
7796516.172643388
1435755.9811141253
1023766.4855093147
7796516.172643388
7793530.3716326
4594491.551861006
3478016.4000403304
7793530.3716326
7787508.833806091
3169552.543240198
4481053.344296796
7787508.833806091
7787915.786440898
1432439.1570249153
1020415.2799131587
7787915.786440898
7794001.771403162
4592958.175948549
3474203.8491940047
