7791278.112611083
7795999.6231535785
4405787.251646942
4638087.684530578
7795999.6231535785
7796681.12870891
795567.3351079011
2994424.6843955633
7796681.12870891
7795510.381703151
3633250.1948812576
1658508.689968312
7795510.381703151
7790062.358668727
4403369.812146407
4639277.081759645
7790062.358668727
7786519.331837276
791963.1960334394
2990536.6777981087
7786519.331837276
7791278.112611083
3629524.5899516405
1655119.0058667231
13593551.864602432
7796603.66752041
2994424.6843955633
4405786.154037575
7796603.66752041
7796474.527729967
1658508.689968312
795566.5358821348
7796474.527729967
7793257.430549683
4639277.081759645
3633249.719388299
7793257.430549683
7787309.707882219
2990536.6777981087
4403369.842771507
7787309.707882219
7788162.771604748
1655119.0058667231
791962.5929511286
7788162.771604748
7794243.41946214
4638087.684530578
3629523.330500779
13861635.683494952
7795999.581717708
4405786.154037575
4638087.280908695
7795999.581717708
7796680.796340468
795566.5358821348
2994424.1286857203
7796680.796340468
7795510.65565378
3633249.719388299
1658508.1127939387
7795510.65565378
7790062.850338656
4403369.842771507
4639276.3724135365
7790062.850338656
7786518.571410076
791962.5929511286
2990538.1214637086
7786518.571410076
7791278.590234338
3629523.330500779
1655118.2543980477
15336300.95474137
7796602.500847699
2994424.1286857203
4405787.136509608
7796602.500847699
7796474.891717773
1658508.1127939387
795566.3325840592
7796474.891717773
7793256.330666325
4639276.3724135365
3633250.206035835
7793256.330666325
7787310.068456389
2990538.1214637086
4403368.252486928
7787310.068456389
7788162.535373627
1655118.2543980477
791962.9713516737
7788162.535373627
7794244.078893072
4638087.280908695
3629524.0584364715
13928157.603893341
7796000.196260622
4405787.136509608
4638085.990954044
7796000.196260622
7796680.729927714
795566.3325840592
2994423.5630851393
7796680.729927714
7795510.660777637
3633250.206035835
1658508.2070953478
7795510.660777637
7790062.060964202
4403368.252486928
4639276.491509509
7790062.060964202
7786518.745230847
791962.9713516737
2990535.680996289
7786518.745230847
7791278.374684601
3629524.0584364715
1655118.37039837
11375528.751561513
7796602.7170815
2994423.5630851393
4405786.6284690155
7796602.7170815
7796473.425389114
1658508.2070953478
795567.5903346459
7796473.425389114
7793258.393537813
4639276.491509509
3633250.6006656443
7793258.393537813
7787309.264490862
2990535.680996289
4403369.856288231
7787309.264490862
7788162.576459759
1655118.37039837
791962.5655365402
7788162.576459759
7794243.3446216155
4638085.990954044
3629524.5048114946
7909023.932693398
7796000.035112574
4405786.6284690155
4638086.808958908
7796000.035112574
7796680.457721218
795567.5903346459
2994422.763951416
7796680.457721218
7795510.3104646085
3633250.6006656443
1658507.8564119625
7795510.3104646085
7790062.537337133
4403369.856288231
4639275.58385923
7790062.537337133
7786518.812603191
791962.5655365402
2990536.2237372664
7786518.812603191
7791278.873004583
3629524.5048114946
1655118.521470328
8887360.862881765
7796603.553649283
2994422.763951416
4405787.251646942
7796603.553649283
7796473.963309849
1658507.8564119625
795567.3351079011
7796473.963309849
7793256.887013993
4639275.58385923
3633250.1948812576
7793256.887013993
7787309.751827434
2990536.2237372664
4403369.812146407
7787309.751827434
7788163.119433207
1655118.521470328
791963.1960334394
7788163.119433207
7794243.291858297
4638086.808958908
3629524.5899516405
