7796582.04555674
7796509.476330919
1473503.8676526877
985334.5112652336
7796509.476330919
7793485.003774458
4602858.404321342
3504788.917060502
7793485.003774458
7787473.399912859
3139952.449500206
4468763.9938241
7787473.399912859
7787958.726911536
1470178.002317109
981958.6790834174
7787958.726911536
7794041.094716585
4601382.270289861
3500989.6420692652
7794041.094716585
7796582.04555674
3143841.354353232
4470935.829921357
12816438.532717813
7795631.989178656
3504788.917060502
1473503.7157115412
7795631.989178656
7790323.988203094
4468763.9938241
4602857.976951223
7790323.988203094
7786490.531589228
981958.6790834174
3139953.277210427
7786490.531589228
7791012.419608836
3500989.6420692652
1470178.862522899
7791012.419608836
7795908.164796832
4470935.829921357
4601381.220124572
7795908.164796832
7796682.95891236
985334.5112652336
3143842.248428716
12043586.514385419
7796510.3456547465
1473503.7157115412
985334.925812998
7796510.3456547465
7793485.241692945
4602857.976951223
3504788.9461337933
7793485.241692945
7787474.289222997
3139953.277210427
4468763.59828531
7787474.289222997
7787958.491481143
1470178.862522899
981959.1831388029
7787958.491481143
7794040.888055748
4601381.220124572
3500989.1196066784
7794040.888055748
7796582.514092933
3143842.248428716
4470934.143966498
10737786.16870642
7795631.488900634
3504788.9461337933
1473503.458822459
7795631.488900634
7790324.718087061
4468763.59828531
4602857.2867344245
7790324.718087061
7786489.85506541
981959.1831388029
3139953.9602903016
7786489.85506541
7791013.536051619
3500989.1196066784
1470178.1351277959
7791013.536051619
7795907.009727644
4470934.143966498
4601382.0505126845
7795907.009727644
7796684.072478891
985334.925812998
3143842.4265265297
9990905.165973345
7796511.173599118
1473503.458822459
985335.0478152089
7796511.173599118
7793483.206440656
4602857.2867344245
3504789.4612306557
7793483.206440656
7787474.685199126
3139953.9602903016
4468763.049124591
7787474.685199126
7787959.275142708
1470178.1351277959
981958.6522499305
7787959.275142708
7794039.859243117
4601382.0505126845
3500990.0751851276
7794039.859243117
7796582.2957463
3143842.4265265297
4470933.949914041
3103229.8448452866
7795631.31656258
3504789.4612306557
1473501.913002756
7795631.31656258
7790325.74309043
4468763.049124591
4602857.163810648
7790325.74309043
7786489.559518903
981958.6522499305
3139952.6927928124
7786489.559518903
7791013.670509975
3500990.0751851276
1470177.1799967044
7791013.670509975
7795907.002701596
4470933.949914041
4601381.824627983
7795907.002701596
7796683.983053398
985335.0478152089
3143842.947282603
3944222.8219213104
7796510.359912084
1473501.913002756
985334.5446585959
7796510.359912084
7793484.658415072
4602857.163810648
3504788.8109250013
7793484.658415072
7787473.903405174
3139952.6927928124
4468762.710658963
7787473.903405174
7787958.692745361
1470177.1799967044
981959.1787571607
7787958.692745361
7794040.791766064
4601381.824627983
3500989.3050162354
7794040.791766064
7796582.457628843
3143842.947282603
4470933.155171685
7654480.181183102
7795632.028381027
3504788.8109250013
1473503.8676526877
7795632.028381027
7790324.386907268
4468762.710658963
4602858.404321342
7790324.386907268
7786490.285889664
981959.1787571607
3139952.449500206
7786490.285889664
7791013.347070813
3500989.3050162354
1470178.002317109
7791013.347070813
7795906.063725224
4470933.155171685
4601382.270289861
7795906.063725224
7796684.445620411
985334.5446585959
3143841.354353232
