7794819.639419006
7796649.403865659
2488378.6059196633
4149072.141779399
7796649.403865659
7796330.165240727
2224812.667566
239032.84446052727
7796330.165240727
7792495.587533298
4700440.065471804
3996705.5442619235
7792495.587533298
7786879.040780445
2484614.216738612
4145986.394318173
7786879.040780445
7788877.2115084445
2221159.4501450984
230256.37527411702
7788877.2115084445
7794819.639419006
4700202.212762121
3993356.4493890153
13435065.895759486
7796663.872114496
239032.84446052727
2488378.043565108
7796663.872114496
7795066.554849867
3996705.5442619235
2224812.6365447957
7795066.554849867
7789254.369998259
4145986.394318173
4700439.037252312
7789254.369998259
7786723.40755588
230256.37527411702
2484614.084254434
7786723.40755588
7792102.333110925
3993356.4493890153
2221159.69373942
7792102.333110925
7796240.144183844
4149072.141779399
4700201.065973268
14184940.961030422
7796650.160168279
2488378.043565108
4149071.8799538747
7796650.160168279
7796330.489286251
2224812.6365447957
239033.42457456395
7796330.489286251
7792494.6106930515
4700439.037252312
3996705.262011034
7792494.6106930515
7786879.269429119
2484614.084254434
4145985.758173727
7786879.269429119
7788876.970352548
2221159.69373942
230255.76745511446
7788876.970352548
7794819.417503458
4700201.065973268
3993356.7938795807
14492609.478994735
7796663.960253101
239033.42457456395
2488378.26237823
7796663.960253101
7795066.745362924
3996705.262011034
2224812.327875545
7795066.745362924
7789254.237203643
4145985.758173727
4700439.855018178
7789254.237203643
7786722.524487868
230255.76745511446
2484615.786629683
7786722.524487868
7792103.065821844
3993356.7938795807
2221159.661499645
7792103.065821844
7796240.583002897
4149071.8799538747
4700201.626651483
14563811.632179925
7796649.185241704
2488378.26237823
4149071.382667388
7796649.185241704
7796331.636039377
2224812.327875545
239032.008473107
7796331.636039377
7792494.002352087
4700439.855018178
3996704.963774843
7792494.002352087
7786879.4428033875
2484615.786629683
4145985.0157292215
7786879.4428033875
7788876.723152273
2221159.661499645
230257.4869511915
7788876.723152273
7794819.767123125
4700201.626651483
3993355.7780208215
10213143.856586544
7796662.686275664
239032.008473107
2488378.330293333
7796662.686275664
7795065.677454525
3996704.963774843
2224811.6519456906
7795065.677454525
7789254.756797646
4145985.0157292215
4700438.424551771
7789254.756797646
7786722.718748844
230257.4869511915
2484615.0509987427
7786722.718748844
7792103.320604062
3993355.7780208215
2221159.897635601
7792103.320604062
7796241.321612837
4149071.382667388
4700201.922497406
8464706.7958864
7796649.796512762
2488378.330293333
4149070.248054888
7796649.796512762
7796330.770858031
2224811.6519456906
239032.51411379687
7796330.770858031
7792494.791727893
4700438.424551771
3996705.5685534757
7792494.791727893
7786878.801172306
2484615.0509987427
4145984.714495772
7786878.801172306
7788876.615999539
2221159.897635601
230257.32874594623
7788876.615999539
7794819.961542004
4700201.922497406
3993356.0085733263
8647172.270891795
7796663.703396734
239032.51411379687
2488378.6059196633
7796663.703396734
7795066.368760673
3996705.5685534757
2224812.667566
7795066.368760673
7789254.130331233
4145984.714495772
4700440.065471804
7789254.130331233
7786723.154438628
230257.32874594623
2484614.216738612
7786723.154438628
7792103.249612055
3993356.0085733263
2221159.4501450984
7792103.249612055
7796240.57059838
4149070.248054888
4700202.212762121
