7791509.971228501
7796071.929170268
4342443.254182964
4663494.800610813
7796071.929170268
7796678.083175737
630633.2483225195
2859448.011757394
7796678.083175737
7795397.331503323
3740369.7585915187
1818162.0814550996
7795397.331503323
7789835.78213974
4339823.953217184
4664427.20708753
7789835.78213974
7786557.4943168005
626598.8514958654
2855577.673529233
7786557.4943168005
7791509.971228501
3736726.8019368653
1814702.4719579378
13602273.808082694
7796619.3289103955
2859448.011757394
4342443.098646089
7796619.3289103955
7796439.224350678
1818162.0814550996
630633.6892012866
7796439.224350678
7793053.211164112
4664427.20708753
3740368.9963922384
7793053.211164112
7787175.880551771
2855577.673529233
4339824.315075431
7787175.880551771
7788353.016442878
1814702.4719579378
626600.0732183069
7788353.016442878
7794409.963614833
4663494.800610813
3736727.800952806
13934339.967150746
7796073.369160978
4342443.098646089
4663495.55252728
7796073.369160978
7796677.468871426
630633.6892012866
2859448.3227614327
7796677.468871426
7795397.133476877
3740368.9963922384
1818162.0715259234
7795397.133476877
7789835.421379786
4339824.315075431
4664426.798357074
7789835.421379786
7786558.14776979
626600.0732183069
2855575.7606556443
7786558.14776979
7791509.223529094
3736727.800952806
1814702.1399753185
15380844.207905827
7796618.82097811
2859448.3227614327
4342443.163919668
7796618.82097811
7796438.864372787
1818162.0715259234
630633.920340676
7796438.864372787
7793053.689637974
4664426.798357074
3740369.0962373703
7793053.689637974
7787175.820604073
2855575.7606556443
4339824.379500943
7787175.820604073
7788351.388054984
1814702.1399753185
626599.9059861434
7788351.388054984
7794411.45811907
4663495.55252728
3736726.7353406535
14072401.773346951
7796073.413991589
4342443.163919668
4663494.62380537
7796073.413991589
7796678.09679183
630633.920340676
2859447.4158025817
7796678.09679183
7795398.234847112
3740369.0962373703
1818162.3857231683
7795398.234847112
7789833.562350189
4339824.379500943
4664428.5012952285
7789833.562350189
7786558.731698009
626599.9059861434
2855577.0157263284
7786558.731698009
7791509.82801981
3736726.7353406535
1814701.8477240405
11435691.030594658
7796617.960709963
2859447.4158025817
4342443.258163931
7796617.960709963
7796439.259362786
1818162.3857231683
630633.5367784428
7796439.259362786
7793053.568141214
4664428.5012952285
3740367.8869361714
7793053.568141214
7787176.626894651
2855577.0157263284
4339824.482391199
7787176.626894651
7788351.812575938
1814701.8477240405
626599.8130355261
7788351.812575938
7794411.624436402
4663494.62380537
3736726.664750012
8035812.756340044
7796073.216295829
4342443.258163931
4663494.897943106
7796073.216295829
7796677.326638746
630633.5367784428
2859448.1025947887
7796677.326638746
7795396.691136115
3740367.8869361714
1818160.6964550654
7795396.691136115
7789835.598467017
4339824.482391199
4664426.106700504
7789835.598467017
7786558.187636614
626599.8130355261
2855577.1668219035
7786558.187636614
7791509.48202999
3736726.664750012
1814702.3778916888
8900927.355101768
7796618.082515548
2859448.1025947887
4342443.254182964
7796618.082515548
7796440.223878961
1818160.6964550654
630633.2483225195
7796440.223878961
7793052.093237422
4664426.106700504
3740369.7585915187
7793052.093237422
7787177.131762912
2855577.1668219035
4339823.953217184
7787177.131762912
7788351.154238003
1814702.3778916888
626598.8514958654
7788351.154238003
7794411.817696461
4663494.897943106
3736726.8019368653
