7795877.585703758
7796684.297968534
1046540.2564880747
3190880.813088204
7796684.297968534
7795669.049888428
3462024.960129412
1413334.6408368258
7795669.049888428
7790410.029653696
4488186.606640116
4589376.392517683
7790410.029653696
7786483.799260886
1043201.5073326108
3186995.243128814
7786483.799260886
7790924.908879461
3458206.2252293187
1410023.8614630338
7790924.908879461
7795877.585703758
4490276.123881519
4587808.481544017
13170868.409432698
7796520.689779463
1413334.6408368258
1046539.7161599834
7796520.689779463
7793556.090408808
4589376.392517683
3462024.1274785963
7793556.090408808
7787530.324502429
3186995.243128814
4488186.077222512
7787530.324502429
7787893.379335462
1410023.8614630338
1043201.5405097904
7787893.379335462
7793973.986201356
4587808.481544017
3458205.7524388367
7793973.986201356
7796576.583898107
3190880.813088204
4490274.885419063
13546749.399455212
7796683.165958662
1046539.7161599834
3190880.353265723
7796683.165958662
7795669.3643884845
3462024.1274785963
1413334.335147197
7795669.3643884845
7790410.233712796
4488186.077222512
4589375.714545253
7790410.233712796
7786483.521263149
1043201.5405097904
3186995.868623695
7786483.521263149
7790926.521729896
3458205.7524388367
1410023.5860673517
7790926.521729896
7795877.173067597
4490274.885419063
4587808.889677666
13000572.52317956
7796520.076331788
1413334.335147197
1046539.540775216
7796520.076331788
7793556.039998117
4589375.714545253
3462024.811668067
7793556.039998117
7787530.519671679
3186995.868623695
4488185.193018788
7787530.519671679
7787893.744897577
1410023.5860673517
1043201.5613664534
7787893.744897577
7793974.486601457
4587808.889677666
3458205.946525712
7793974.486601457
7796575.468993011
3190880.353265723
4490275.8333962
13293589.139532035
7796684.365883317
1046539.540775216
3190879.85837161
7796684.365883317
7795669.003591804
3462024.811668067
1413335.47026511
7795669.003591804
7790410.141623071
4488185.193018788
4589374.572847185
7790410.141623071
7786484.047657927
1043201.5613664534
3186994.201088462
7786484.047657927
7790926.399247667
3458205.946525712
1410023.3930071206
7790926.399247667
7795877.582849976
4490275.8333962
4587808.171819701
7957221.780836648
7796522.418169504
1413335.47026511
1046539.9917933141
7796522.418169504
7793555.708486382
4589374.572847185
3462024.9567322657
7793555.708486382
7787530.244150832
3186994.201088462
4488186.96879727
7787530.244150832
7787893.451764114
1410023.3930071206
1043201.3316108377
7787893.451764114
7793974.23375807
4587808.171819701
3458205.925477147
7793974.23375807
7796574.587631924
3190879.85837161
4490275.663467368
7347164.840117747
7796684.14798452
1046539.9917933141
3190881.6453703083
7796684.14798452
7795668.695330055
3462024.9567322657
1413334.9374058784
7795668.695330055
7790410.961370553
4488186.96879727
4589375.144500406
7790410.961370553
7786483.6749585485
1043201.3316108377
3186994.241105986
7786483.6749585485
7790926.320149419
3458205.925477147
1410023.674516429
7790926.320149419
7795877.454036673
4490275.663467368
4587808.074878725
8232510.289860907
7796520.624451702
1413334.9374058784
1046540.2564880747
7796520.624451702
7793555.811359611
4589375.144500406
3462024.960129412
7793555.811359611
7787530.520638268
3186994.241105986
4488186.606640116
7787530.520638268
7787893.409101465
1410023.674516429
1043201.5073326108
7787893.409101465
7793973.966701197
4587808.074878725
3458206.2252293187
7793973.966701197
7796575.7702767225
3190881.6453703083
4490276.123881519
