7792275.116243968
7796280.624222493
4086024.2074127854
4702728.900536272
7796280.624222493
7796657.092974896
185264.4899551129
2376874.7182887914
7796657.092974896
7794963.453196844
4063953.149139506
2338693.3833095413
7794963.453196844
7789091.008994441
4082821.51688095
4702763.817824209
7789091.008994441
7786783.904039467
173976.54584436805
2373155.59465077
7786783.904039467
7792275.116243968
4060710.3606193094
2334987.7231571795
13615877.542568974
7796657.042584585
2376874.7182887914
4086024.6596184033
7796657.042584585
7796291.82750999
2338693.3833095413
185265.658320778
7796291.82750999
7792329.022312725
4702763.817824209
4063952.537332975
7792329.022312725
7786807.322324529
2373155.59465077
4082821.573578781
7786807.322324529
7789036.639699422
2334987.7231571795
173977.374816562
7789036.639699422
7794928.655066705
4702728.900536272
4060710.3256213125
14137324.034079514
7796280.596182997
4086024.6596184033
4702728.296920487
7796280.596182997
7796658.02208698
185265.658320778
2376873.950239891
7796658.02208698
7794963.157037302
4063952.537332975
2338693.178494643
7794963.157037302
7789091.162428497
4082821.573578781
4702763.336993322
7789091.162428497
7786783.5509696985
173977.374816562
2373156.3215932027
7786783.5509696985
7792273.750900863
4060710.3256213125
2334987.346502512
15449352.628970277
7796656.391701213
2376873.950239891
4086025.128682508
7796656.391701213
7796292.089604527
2338693.178494643
185265.15464041667
7796292.089604527
7792328.455587567
4702763.336993322
4063952.8517065286
7792328.455587567
7786807.227445372
2373156.3215932027
4082820.757935323
7786807.227445372
7789035.906467192
2334987.346502512
173976.69293682525
7789035.906467192
7794930.057790605
4702728.296920487
4060709.600968665
14471354.003115324
7796280.311309541
4086025.128682508
4702727.613891036
7796280.311309541
7796658.6697949115
185265.15464041667
2376873.90051714
7796658.6697949115
7794963.686381044
4063952.8517065286
2338693.1832150407
7794963.686381044
7789089.965777386
4082820.757935323
4702764.822594331
7789089.965777386
7786783.617847919
173976.69293682525
2373155.6478985553
7786783.617847919
7792274.165195801
4060709.600968665
2334988.0217542606
11528275.716097873
7796656.483448999
2376873.90051714
4086025.184875356
7796656.483448999
7796291.5618855115
2338693.1832150407
185264.55780054437
7796291.5618855115
7792329.516179018
4702764.822594331
4063952.2317974763
7792329.516179018
7786807.049819175
2373155.6478985553
4082821.989351051
7786807.049819175
7789036.135491992
2334988.0217542606
173976.5789298681
7789036.135491992
7794930.011308678
4702727.613891036
4060709.3657491743
8383059.884315676
7796280.789231629
4086025.184875356
4702727.256380121
7796280.789231629
7796658.114246646
185264.55780054437
2376872.9937355914
7796658.114246646
7794963.278661781
4063952.2317974763
2338693.2385511585
7794963.278661781
7789091.190409789
4082821.989351051
4702762.609975043
7789091.190409789
7786783.726647397
173976.5789298681
2373156.265732101
7786783.726647397
7792273.748827942
4060709.3657491743
2334987.5362096555
8922486.168407995
7796657.287194484
2376872.9937355914
4086024.2074127854
7796657.287194484
7796291.862055711
2338693.2385511585
185264.4899551129
7796291.862055711
7792328.636937105
4702762.609975043
4063953.149139506
7792328.636937105
7786807.926290171
2373156.265732101
4082821.51688095
7786807.926290171
7789036.739960954
2334987.5362096555
173976.54584436805
7789036.739960954
7794928.7515833555
4702727.256380121
4060710.3606193094
