7790728.346723761
7795801.206390905
4532288.87506759
4552786.033015749
7795801.206390905
7796683.33950494
1189358.8208179125
3298610.5952217095
7796683.33950494
7795752.839069255
3359547.4991815514
1271814.5760901712
7795752.839069255
7790610.5437247865
4530399.200392008
4554560.956031163
7790610.5437247865
7786473.8249987755
1186063.589391527
3294741.845442608
7786473.8249987755
7790728.346723761
3355691.6298359884
1268520.6554584063
13564603.854333004
7796556.576456067
3298610.5952217095
4532289.292816577
7796556.576456067
7796541.939771466
1271814.5760901712
1189359.102951801
7796541.939771466
7793722.563037883
4554560.956031163
3359547.17852199
7793722.563037883
7787665.28618548
3294741.845442608
4530398.147091544
7787665.28618548
7787747.284400625
1268520.6554584063
1186064.3756942274
7787747.284400625
7793817.186630798
4552786.033015749
3355692.238284182
13668667.370995624
7795800.707687465
4532289.292816577
4552785.861970291
7795800.707687465
7796684.150543444
1189359.102951801
3298609.7920984267
7796684.150543444
7795753.453714881
3359547.17852199
1271814.4408199354
7795753.453714881
7790610.149269211
4530398.147091544
4554561.127092441
7790610.149269211
7786474.833108957
1186064.3756942274
3294742.4555555647
7786474.833108957
7790727.576270773
3355692.238284182
1268520.4778511536
15187326.925135044
7796555.552087123
3298609.7920984267
4532289.71105575
7796555.552087123
7796541.4587701
1271814.4408199354
1189359.0161781209
7796541.4587701
7793722.44438091
4554561.127092441
3359546.9869038984
7793722.44438091
7787665.750962036
3294742.4555555647
4530398.586514643
7787665.750962036
7787746.500926576
1268520.4778511536
1186063.550785466
7787746.500926576
7793818.542511147
4552785.861970291
3355691.310964658
13541636.657109955
7795800.8161136
4532289.71105575
4552785.124911515
7795800.8161136
7796684.424104089
1189359.0161781209
3298609.1512331567
7796684.424104089
7795751.765360178
3359546.9869038984
1271815.3573465126
7795751.765360178
7790611.606946321
4530398.586514643
4554561.26916696
7790611.606946321
7786474.042414355
1186063.550785466
3294741.3210842945
7786474.042414355
7790727.649409241
3355691.310964658
1268520.5272948446
11173441.751881659
7796554.879716018
3298609.1512331567
4532289.541592851
7796554.879716018
7796542.312672151
1271815.3573465126
1189358.875818712
7796542.312672151
7793722.680221699
4554561.26916696
3359547.2584390743
7793722.680221699
7787666.353063696
3294741.3210842945
4530398.328870901
7787666.353063696
7787746.047304858
1268520.5272948446
1186064.3493274432
7787746.047304858
7793818.437111992
4552785.124911515
3355690.7586940373
7565639.727215385
7795800.653024786
4532289.541592851
4552785.288555862
7795800.653024786
7796683.564960797
1189358.875818712
3298610.1974160457
7796683.564960797
7795753.648017212
3359547.2584390743
1271813.6954749222
7795753.648017212
7790610.230664567
4530398.328870901
4554560.729911101
7790610.230664567
7786474.7307956675
1186064.3493274432
3294740.6331701805
7786474.7307956675
7790727.791443848
3355690.7586940373
1268520.6481411355
8842475.78482213
7796555.701971627
3298610.1974160457
4532288.87506759
7796555.701971627
7796541.797515431
1271813.6954749222
1189358.8208179125
7796541.797515431
7793722.265941883
4554560.729911101
3359547.4991815514
7793722.265941883
7787665.18512843
3294740.6331701805
4530399.200392008
7787665.18512843
7787746.325476141
1268520.6481411355
1186063.589391527
7787746.325476141
7793818.654718374
4552785.288555862
3355691.6298359884
