7795412.175389012
7796678.952042875
1800275.7275990131
3728542.546536716
7796678.952042875
7796064.055829204
2874857.7810754967
649117.2810140658
7796064.055829204
7791481.478249686
4660946.706811569
4349878.143470322
7791481.478249686
7786554.397750121
1796827.0737191678
3724893.3147765873
7786554.397750121
7789858.91965489
2870982.0994293485
645145.1778220155
7789858.91965489
7795412.175389012
4661906.27378816
4347279.1240944285
13311295.142411929
7796616.544307847
649117.2810140658
1800274.740073709
7796616.544307847
7794389.624414345
4349878.143470322
2874857.3952607797
7794389.624414345
7788330.302466693
3724893.3147765873
4660946.500483727
7788330.302466693
7787191.235086654
645145.1778220155
1796827.4932237165
7787191.235086654
7793076.3978123255
4347279.1240944285
2870980.6736079366
7793076.3978123255
7796446.397111426
3728542.546536716
4661906.077168667
13926978.6072669
7796677.82880322
1800274.740073709
3728543.4822163675
7796677.82880322
7796064.197816245
2874857.3952607797
649117.0294759547
7796064.197816245
7791482.0799534945
4660946.500483727
4349877.647183689
7791482.0799534945
7786554.4417277565
1796827.4932237165
3724892.215499195
7786554.4417277565
7789859.897545878
2870980.6736079366
645145.1881670706
7789859.897545878
7795412.26331764
4661906.077168667
4347278.361916134
13809841.7665874
7796616.571325182
649117.0294759547
1800274.678268005
7796616.571325182
7794389.780466003
4349877.647183689
2874857.7330289865
7794389.780466003
7788330.72394819
3724892.215499195
4660946.7187098
7788330.72394819
7787191.187651549
645145.1881670706
1796826.8441631957
7787191.187651549
7793075.714612064
4347278.361916134
2870982.0218416364
7793075.714612064
7796446.798378859
3728543.4822163675
4661905.693201668
14057197.59203283
7796677.185784036
1800274.678268005
3728542.884522208
7796677.185784036
7796065.083320028
2874857.7330289865
649116.6485259506
7796065.083320028
7791481.52802413
4660946.7187098
4349877.615766657
7791481.52802413
7786554.549010101
1796826.8441631957
3724892.842919606
7786554.549010101
7789859.956745182
2870982.0218416364
645144.8217991204
7789859.956745182
7795412.351330924
4661905.693201668
4347278.422586818
9219546.063287556
7796616.424793849
649116.6485259506
1800275.0663956015
7796616.424793849
7794389.491827422
4349877.615766657
2874858.7986796303
7794389.491827422
7788331.072948548
3724892.842919606
4660946.335960598
7788331.072948548
7787191.054634239
645144.8217991204
1796826.304442111
7787191.054634239
7793075.580751527
4347278.422586818
2870980.952167411
7793075.580751527
7796446.496772546
3728542.884522208
4661905.747713294
8025742.116974483
7796677.341730113
1800275.0663956015
3728543.0989542683
7796677.341730113
7796064.842400114
2874858.7986796303
649114.9342954893
7796064.842400114
7791481.702205123
4660946.335960598
4349877.212615289
7791481.702205123
7786554.362338496
1796826.304442111
3724893.033843539
7786554.362338496
7789860.214114415
2870980.952167411
645145.4131749824
7789860.214114415
7795412.063570265
4661905.747713294
4347278.151983851
8454516.680767737
7796616.973039774
649114.9342954893
1800275.7275990131
7796616.973039774
7794389.369326734
4349877.212615289
2874857.7810754967
7794389.369326734
7788330.9726768555
3724893.033843539
4660946.706811569
7788330.9726768555
7787191.277330295
645145.4131749824
1796827.0737191678
7787191.277330295
7793075.306098228
4347278.151983851
2870982.0994293485
7793075.306098228
7796446.4021075
3728543.0989542683
4661906.27378816
