7796436.420157559
7796618.91982874
607177.2049691816
1840879.1226558925
7796618.91982874
7794432.626197287
4332877.205607634
2839772.289596873
7794432.626197287
7788380.056077262
3751696.185270529
4666626.295728053
7788380.056077262
7787158.897766616
603048.6010412013
1837411.7783911081
7787158.897766616
7793023.01812955
4330228.553128403
2835902.7385923783
7793023.01812955
7796436.420157559
3755321.7103238637
4667519.926920499
12910439.39127069
7796081.985455962
2839772.289596873
607176.2684358791
7796081.985455962
7791539.010636088
4666626.295728053
4332876.677361459
7791539.010636088
7786566.993644619
1837411.7783911081
3751696.7787279263
7786566.993644619
7789803.189413393
2835902.7385923783
603050.0826123918
7789803.189413393
7795380.407907258
4667519.926920499
4330226.558926158
7795380.407907258
7796677.884931073
1840879.1226558925
3755323.2164873527
12575594.368682673
7796619.79294267
607176.2684358791
1840878.501423433
7796619.79294267
7794433.041817446
4332876.677361459
2839772.1216295683
7794433.041817446
7788379.884203588
3751696.7787279263
4666625.897166288
7788379.884203588
7787159.420371959
603050.0826123918
1837412.0331495635
7787159.420371959
7793022.037347165
4330226.558926158
2835904.268310763
7793022.037347165
7796436.140989141
3755323.2164873527
4667518.581469873
11375465.010603437
7796082.9400045825
2839772.1216295683
607176.0405396754
7796082.9400045825
7791539.68532178
4666625.897166288
4332877.263797277
7791539.68532178
7786566.551968514
1837412.0331495635
3751695.642382638
7786566.551968514
7789803.934499066
2835904.268310763
603048.8621849497
7789803.934499066
7795379.854934269
4667518.581469873
4330228.394057373
7795379.854934269
7796678.346911348
1840878.501423433
3755323.714505166
11225072.007234616
7796620.543768038
607176.0405396754
1840878.2622916533
7796620.543768038
7794433.360351251
4332877.263797277
2839771.5458849194
7794433.360351251
7788379.424771158
3751695.642382638
4666626.8276765235
7788379.424771158
7787157.98754714
603048.8621849497
1837411.669399584
7787157.98754714
7793023.438223827
4330228.394057373
2835902.1267448897
7793023.438223827
7796436.2124971
3755323.714505166
4667517.906058202
4870796.919819775
7796081.258489528
2839771.5458849194
607178.5337954048
7796081.258489528
7791540.209003541
4666626.8276765235
4332875.914078002
7791540.209003541
7786565.8338973485
1837411.669399584
3751696.3876696606
7786565.8338973485
7789804.387533615
2835902.1267448897
603048.4549676803
7789804.387533615
7795379.531823292
4667517.906058202
4330228.249509855
7795379.531823292
7796678.947496495
1840878.2622916533
3755323.8334717387
5351736.268572947
7796620.614278749
607178.5337954048
1840880.7065391198
7796620.614278749
7794432.694759491
4332875.914078002
2839771.922406088
7794432.694759491
7788379.894947718
3751696.3876696606
4666625.609095589
7788379.894947718
7787158.998096432
603048.4549676803
1837411.9696135786
7787158.998096432
7793022.378963829
4330228.249509855
2835902.946810449
7793022.378963829
7796436.053098605
3755323.8334717387
4667517.59070695
7810434.625029528
7796082.399952912
2839771.922406088
607177.2049691816
7796082.399952912
7791539.717145761
4666625.609095589
4332877.205607634
7791539.717145761
7786566.457997734
1837411.9696135786
3751696.185270529
7786566.457997734
7789803.636714122
2835902.946810449
603048.6010412013
7789803.636714122
7795379.526522344
4667517.59070695
4330228.553128403
7795379.526522344
7796678.078383817
1840880.7065391198
3755321.7103238637
