7796522.663089874
7796573.794653593
1041445.8977007789
1418352.7285425821
7796573.794653593
7793979.892462903
4488697.196563076
3186986.0553837465
7793979.892462903
7787898.246924315
3461794.0924852374
4588972.433218949
7787898.246924315
7787525.817971075
1038102.1347476485
1415043.5783706452
7787525.817971075
7793550.556382493
4486600.265947961
3183097.972691129
7793550.556382493
7796522.663089874
3465612.5421290514
4590530.386326748
12856990.089647613
7795878.14475424
3186986.0553837465
1041446.3637760588
7795878.14475424
7790932.779556733
4588972.433218949
4488696.735661672
7790932.779556733
7786484.130733317
1415043.5783706452
3461794.214266471
7786484.130733317
7790404.193931091
3183097.972691129
1038101.7603269169
7790404.193931091
7795667.597820325
4590530.386326748
4486599.117922485
7795667.597820325
7796683.870716568
1418352.7285425821
3465609.151527118
12300372.663501274
7796574.586339561
1041446.3637760588
1418352.6567637036
7796574.586339561
7793980.12259659
4488696.735661672
3186986.013134363
7793980.12259659
7787898.781830876
3461794.214266471
4588972.026322296
7787898.781830876
7787525.391741342
1038101.7603269169
1415043.5820490213
7787525.391741342
7793551.2216000715
4486599.117922485
3183096.323653703
7793551.2216000715
7796520.938581707
3465609.151527118
4590530.090955131
11016814.088245671
7795878.972191065
3186986.013134363
1041446.1345097859
7795878.972191065
7790932.247027173
4588972.026322296
4488697.272548511
7790932.247027173
7786484.15980883
1415043.5820490213
3461793.332079925
7786484.15980883
7790404.485023151
3183096.323653703
1038102.1959629776
7790404.485023151
7795665.926226047
4590530.090955131
4486599.653601683
7795665.926226047
7796684.609418817
1418352.6567637036
3465609.8976159124
10597883.865931993
7796574.664193231
1041446.1345097859
1418352.6852627972
7796574.664193231
7793980.89548531
4488697.272548511
3186986.414402327
7793980.89548531
7787897.518597111
3461793.332079925
4588972.4761934215
7787897.518597111
7787525.750108471
1038102.1959629776
1415043.2670182849
7787525.750108471
7793550.925598482
4486599.653601683
3183097.0118190465
7793550.925598482
7796520.926818968
3465609.8976159124
4590529.332829
3961995.1835079296
7795879.261839161
3186986.414402327
1041446.294290541
7795879.261839161
7790932.032889665
4588972.4761934215
4488697.556712864
7790932.032889665
7786484.776834355
1415043.2670182849
3461794.94817563
7786484.776834355
7790404.280580544
3183097.0118190465
1038101.7242050963
7790404.280580544
7795666.29640684
4590529.332829
4486598.690476666
7795666.29640684
7796684.194671729
1418352.6852627972
3465609.8946710937
4669234.648836744
7796574.685639588
1041446.294290541
1418352.1935752484
7796574.685639588
7793980.296513403
4488697.556712864
3186986.2691975636
7793980.296513403
7787898.515169221
3461794.94817563
4588971.225973149
7787898.515169221
7787525.720521355
1038101.7242050963
1415043.6039718883
7787525.720521355
7793550.825614859
4486598.690476666
3183097.7217638753
7793550.825614859
7796520.64166714
3465609.8946710937
4590529.161251177
7722007.856972184
7795877.932380785
3186986.2691975636
1041445.8977007789
7795877.932380785
7790932.382491648
4588971.225973149
4488697.196563076
7790932.382491648
7786484.832810087
1415043.6039718883
3461794.0924852374
7786484.832810087
7790404.73087406
3183097.7217638753
1038102.1347476485
7790404.73087406
7795666.517436913
4590529.161251177
4486600.265947961
7795666.517436913
7796684.491525963
1418352.1935752484
3465612.5421290514
