7796591.270420412
7796495.770230968
1554698.9753328883
902318.1536465966
7796495.770230968
7793386.560455224
4619786.043914929
3561733.25047385
7793386.560455224
7787400.152936102
3075276.044759702
4441129.050353377
7787400.152936102
7788046.503457125
1551348.5426903185
898866.0829848001
7788046.503457125
7794130.805786731
4618435.350735267
3557963.3678149534
7794130.805786731
7796591.270420412
3079165.6756869983
4443410.121259412
12810322.89474497
7795580.068818516
3561733.25047385
1554698.8963016882
7795580.068818516
7790208.621138974
4441129.050353377
4619785.421042025
7790208.621138974
7786501.75989474
898866.0829848001
3075275.787983941
7786501.75989474
7791128.506053612
3557963.3678149534
1551348.3962670385
7791128.506053612
7795947.176176203
4443410.121259412
4618432.514911236
7795947.176176203
7796684.114726412
902318.1536465966
3079167.1604243317
11997685.47782759
7796495.463134039
1554698.8963016882
902317.30942841
7796495.463134039
7793386.3998976
4619785.421042025
3561733.427619584
7793386.3998976
7787400.987092242
3075275.787983941
4441128.427659391
7787400.987092242
7788047.1438228795
1551348.3962670385
898866.8679217392
7788047.1438228795
7794129.3077723915
4618432.514911236
3557964.6926679066
7794129.3077723915
7796592.043854363
3079167.1604243317
4443408.8674963685
10695146.06533831
7795580.637012354
3561733.427619584
1554698.9402344308
7795580.637012354
7790208.850956318
4441128.427659391
4619786.501406308
7790208.850956318
7786501.033888574
898866.8679217392
3075275.6895611812
7786501.033888574
7791129.357061717
3557964.6926679066
1551347.967014586
7791129.357061717
7795947.734362602
4443408.8674963685
4618434.211902176
7795947.734362602
7796683.418528752
902317.30942841
3079166.963116267
9879882.588816108
7796495.080404994
1554698.9402344308
902317.5124509941
7796495.080404994
7793386.039836069
4619786.501406308
3561732.6490410753
7793386.039836069
7787401.339006152
3075275.6895611812
4441128.169997932
7787401.339006152
7788047.428178734
1551347.967014586
898865.8466462664
7788047.428178734
7794129.126618081
4618434.211902176
3557962.877125668
7794129.126618081
7796591.821428745
3079166.963116267
4443408.886851558
2952376.6910649557
7795579.2369194245
3561732.6490410753
1554698.8980824088
7795579.2369194245
7790210.302798733
4441128.169997932
4619784.9457848985
7790210.302798733
7786501.607622934
898865.8466462664
3075275.889493049
7786501.607622934
7791128.8744308725
3557962.877125668
1551348.5413844788
7791128.8744308725
7795947.6809921935
4443408.886851558
4618434.0104168495
7795947.6809921935
7796683.0391985485
902317.5124509941
3079167.1822517104
3801903.7909456952
7796495.576820159
1554698.8980824088
902319.1752147975
7796495.576820159
7793386.113947268
4619784.9457848985
3561733.111859237
7793386.113947268
7787400.624653293
3075275.889493049
4441127.840091977
7787400.624653293
7788046.99668562
1551348.5413844788
898865.1562477614
7788046.99668562
7794129.2802756475
4618434.0104168495
3557962.55883051
7794129.2802756475
7796592.114576671
3079167.1822517104
4443407.999462785
7644262.119336399
7795579.578670936
3561733.111859237
1554698.9753328883
7795579.578670936
7790209.871503677
4441127.840091977
4619786.043914929
7790209.871503677
7786500.837641779
898865.1562477614
3075276.044759702
7786500.837641779
7791130.131160815
3557962.55883051
1551348.5426903185
7791130.131160815
7795946.756728963
4443407.999462785
4618435.350735267
7795946.756728963
7796683.661139107
902319.1752147975
3079165.6756869983
