7796451.034080712
7796613.7930141995
668644.9069654447
1781384.0601641748
7796613.7930141995
7794370.870900347
4357636.689201359
2891052.3083597464
7794370.870900347
7788308.820144015
3712345.048914142
4658170.343334961
7788308.820144015
7787206.505477875
664734.5362220734
1777944.2524910264
7787206.505477875
7793099.938510233
4355061.982647621
2887174.1264554104
7793099.938510233
7796451.034080712
3716005.825837392
4659161.251317697
12902090.800086558
7796055.272615957
2891052.3083597464
668644.7098260359
7796055.272615957
7791453.679729494
4658170.343334961
4357636.235380032
7791453.679729494
7786549.325679034
1777944.2524910264
3712344.4337157332
7786549.325679034
7789887.95837052
2887174.1264554104
664735.0992788406
7789887.95837052
7795424.816592063
4659161.251317697
4355061.319682991
7795424.816592063
7796679.072296562
1781384.0601641748
3716005.278843958
12535570.61701
7796614.688174223
668644.7098260359
1781383.9449152353
7796614.688174223
7794371.03662355
4357636.235380032
2891052.1884012553
7794371.03662355
7788307.732140083
3712344.4337157332
4658170.730520914
7788307.732140083
7787207.0209521
664735.0992788406
1777944.2110524992
7787207.0209521
7793100.42969186
4355061.319682991
2887173.0247054044
7793100.42969186
7796449.409830562
3716005.278843958
4659159.785400399
11320090.275100304
7796055.15298889
2891052.1884012553
668644.5019930247
7796055.15298889
7791454.588765498
4658170.730520914
4357636.14291906
7791454.588765498
7786548.929404077
1777944.2110524992
3712344.0059406874
7786548.929404077
7789888.884071684
2887173.0247054044
664734.5870608927
7789888.884071684
7795423.72043057
4659159.785400399
4355061.576934809
7795423.72043057
7796679.466228041
1781383.9449152353
3716005.470414043
11135212.561536284
7796614.411894094
668644.5019930247
1781383.696459914
7796614.411894094
7794371.5961096985
4357636.14291906
2891052.768474293
7794371.5961096985
7788307.6996007105
3712344.0059406874
4658170.097362194
7788307.6996007105
7787206.486550678
664734.5870608927
1777943.6658798284
7787206.486550678
7793100.363836112
4355061.576934809
2887173.288526521
7793100.363836112
7796449.701091983
3716005.470414043
4659159.188548478
4740096.555713192
7796056.742141662
2891052.768474293
668643.5750444701
7796056.742141662
7791454.061337075
4658170.097362194
4357635.743382796
7791454.061337075
7786548.732095896
1777943.6658798284
3712344.312628949
7786548.732095896
7789888.158238261
2887173.288526521
664735.2594568429
7789888.158238261
7795423.631546875
4659159.188548478
4355061.387959855
7795423.631546875
7796678.822142898
1781383.696459914
3716005.7315641264
5257097.816395209
7796615.108728719
668643.5750444701
1781384.4041364377
7796615.108728719
7794370.3791860035
4357635.743382796
2891053.122761129
7794370.3791860035
7788307.988737634
3712344.312628949
4658169.7203676235
7788307.988737634
7787207.45033974
664735.2594568429
1777944.2376569174
7787207.45033974
7793100.203678432
4355061.387959855
2887174.5415046243
7793100.203678432
7796450.114060309
3716005.7315641264
4659159.574933854
7796665.283736406
7796055.515494634
2891053.122761129
668644.9069654447
7796055.515494634
7791453.808463123
4658169.7203676235
4357636.689201359
7791453.808463123
7786549.520180432
1777944.2376569174
3712345.048914142
7786549.520180432
7789888.36013934
2887174.5415046243
664734.5362220734
7789888.36013934
7795423.803747525
4659159.574933854
4355061.982647621
7795423.803747525
7796679.84369526
1781384.4041364377
3716005.825837392
