7795398.559499327
7796677.412273895
1820107.289996372
3741653.9725202597
7796677.412273895
7796073.349858955
2857767.4128572843
628623.1609229784
7796073.349858955
7791510.138345591
4663770.618360563
4341628.794928451
7791510.138345591
7786560.202630321
1816651.814032454
3738014.061500254
7786560.202630321
7789831.227316686
2853894.1301349546
624578.6461400898
7789831.227316686
7795398.559499327
4664697.511034572
4339004.713472784
13314970.713830557
7796618.124909415
628623.1609229784
1820108.2433938961
7796618.124909415
7794410.17680153
4341628.794928451
2857767.5148250996
7794410.17680153
7788354.684317175
3738014.061500254
4663770.0000734655
7788354.684317175
7787175.590739599
624578.6461400898
1816650.759683032
7787175.590739599
7793049.026246131
4339004.713472784
2853895.139604489
7793049.026246131
7796441.915163032
3741653.9725202597
4664696.166153874
13935763.65916942
7796677.80914067
1820108.2433938961
3741653.5857407693
7796677.80914067
7796072.773396399
2857767.5148250996
628623.3683539175
7796072.773396399
7791510.55848721
4663770.0000734655
4341628.72565293
7791510.55848721
7786559.891030197
1816650.759683032
3738014.4149648487
7786559.891030197
7789831.546435726
2853895.139604489
624577.9105859712
7789831.546435726
7795397.016611004
4664696.166153874
4339005.360331958
13830506.390677612
7796618.175207862
628623.3683539175
1820108.643079411
7796618.175207862
7794409.942911105
4341628.72565293
2857767.0885971226
7794409.942911105
7788354.490239195
3738014.4149648487
4663768.646430457
7788354.490239195
7787175.879029804
624577.9105859712
1816650.4647395883
7787175.879029804
7793049.940145197
4339005.360331958
2853894.153564919
7793049.940145197
7796442.054361344
3741653.5857407693
4664696.424722552
14074595.046449304
7796676.635272445
1820108.643079411
3741653.001361915
7796676.635272445
7796074.902631125
2857767.0885971226
628622.3295550755
7796074.902631125
7791509.679898276
4663768.646430457
4341629.406482364
7791509.679898276
7786559.757806444
1816650.4647395883
3738013.3287436278
7786559.757806444
7789832.090687466
2853894.153564919
624579.2582560454
7789832.090687466
7795397.283555889
4664696.424722552
4339005.471098076
9250447.903038343
7796617.335430313
628622.3295550755
1820108.6026488056
7796617.335430313
7794411.173000503
4341629.406482364
2857766.895158099
7794411.173000503
7788353.864134716
3738013.3287436278
4663770.8423029715
7788353.864134716
7787175.385720093
624579.2582560454
1816650.9369015698
7787175.385720093
7793050.209903675
4339005.471098076
2853893.6947193467
7793050.209903675
7796442.513484626
3741653.001361915
4664696.503527306
8040954.1715182485
7796677.919537778
1820108.6026488056
3741652.597319791
7796677.919537778
7796072.284479297
2857766.895158099
628622.8753812774
7796072.284479297
7791510.828537517
4663770.8423029715
4341627.672844473
7791510.828537517
7786560.057860159
1816650.9369015698
3738014.032345864
7786560.057860159
7789832.088369787
2853893.6947193467
624579.5385329488
7789832.088369787
7795397.560251882
4664696.503527306
4339005.323063167
8460278.287990477
7796618.780819779
628622.8753812774
1820107.289996372
7796618.780819779
7794410.30901969
4341627.672844473
2857767.4128572843
7794410.30901969
7788354.844690873
3738014.032345864
4663770.618360563
7788354.844690873
7787175.319850045
624579.5385329488
1816651.814032454
7787175.319850045
7793049.2914365325
4339005.323063167
2853894.1301349546
7793049.2914365325
7796441.817598579
3741652.597319791
4664697.511034572
