7795277.072667715
7796674.30519931
1977450.0537322443
3843679.615343492
7796674.30519931
7796140.6880253125
2718928.5938635496
467220.30249586556
7796140.6880253125
7791739.114544555
4682818.523590033
4272363.084032313
7791739.114544555
7786612.8549621105
1973915.4753506496
3840139.390188558
7786612.8549621105
7789606.295289486
2715086.3843839066
462299.90923831036
7789606.295289486
7795277.072667715
4683483.755697755
4269549.1344797425
13343983.13359329
7796631.487846253
467220.30249586556
1977447.4772981112
7796631.487846253
7794571.590786424
4272363.084032313
2718928.397383833
7794571.590786424
7788550.028289424
3840139.390188558
4682818.022823964
7788550.028289424
7787053.215141383
462299.90923831036
1973915.8125282978
7787053.215141383
7792839.388162259
4269549.1344797425
2715087.5013087518
7792839.388162259
7796404.41183079
3843679.615343492
4683481.828776003
14002879.119610561
7796673.876831179
1977447.4772981112
3843679.2496781717
7796673.876831179
7796140.621803766
2718928.397383833
467220.4829919034
7796140.621803766
7791739.631620885
4682818.022823964
4272362.245925432
7791739.631620885
7786612.149125615
1973915.8125282978
3840139.3300036085
7786612.149125615
7789606.974554024
2715087.5013087518
462298.540055997
7789606.974554024
7795276.913871799
4683481.828776003
4269549.998458009
13992739.15492604
7796631.35595251
467220.4829919034
1977447.3544881984
7796631.35595251
7794572.635771051
4272362.245925432
2718929.0733976723
7794572.635771051
7788550.483193465
3840139.3300036085
4682817.816720018
7788550.483193465
7787053.034660218
462298.540055997
1973915.2758867021
7787053.034660218
7792840.5249286145
4269549.998458009
2715086.6842306126
7792840.5249286145
7796403.859288077
3843679.2496781717
4683482.500003363
14207156.55977103
7796674.29199946
1977447.3544881984
3843678.6427632626
7796674.29199946
7796140.964956218
2718929.0733976723
467221.88556435634
7796140.964956218
7791738.404127294
4682817.816720018
4272362.1330270935
7791738.404127294
7786612.908169753
1973915.2758867021
3840139.554821692
7786612.908169753
7789607.200612518
2715086.6842306126
462299.2561076003
7789607.200612518
7795276.820536042
4683482.500003363
4269548.703734919
9491116.804296244
7796633.425140334
467221.88556435634
1977447.5365563906
7796633.425140334
7794569.87668661
4272362.1330270935
2718928.278727266
7794569.87668661
7788551.45355389
3840139.554821692
4682818.738294538
7788551.45355389
7787052.862347508
462299.2561076003
1973915.6937761405
7787052.862347508
7792839.766190221
4269548.703734919
2715087.670408631
7792839.766190221
7796402.804752583
3843678.6427632626
4683482.604519666
8156534.512530591
7796673.759668524
1977447.5365563906
3843679.5677696085
7796673.759668524
7796140.164611519
2718928.278727266
467223.4010085539
7796140.164611519
7791740.2069782475
4682818.738294538
4272361.624259595
7791740.2069782475
7786612.539154175
1973915.6937761405
3840138.3415560015
7786612.539154175
7789607.403736847
2715087.670408631
462298.8552172583
7789607.403736847
7795276.74243835
4683482.604519666
4269549.917476336
8505670.936694358
7796630.563042015
467223.4010085539
1977450.0537322443
7796630.563042015
7794571.691148917
4272361.624259595
2718928.5938635496
7794571.691148917
7788549.94065847
3840138.3415560015
4682818.523590033
7788549.94065847
7787053.49477634
462298.8552172583
1973915.4753506496
7787053.49477634
7792839.771886169
4269549.917476336
2715086.3843839066
7792839.771886169
7796404.417916313
3843679.5677696085
4683483.755697755
