7796413.611840781
7796627.447979299
506017.9504096637
1939305.2570505475
7796627.447979299
7794533.6724866275
4289789.022400127
2753126.4355255053
7794533.6724866275
7788501.736172996
3815705.9601828638
4678753.723405388
7788501.736172996
7787081.657122407
501371.58673165005
1935790.8250563417
7787081.657122407
7792891.797056381
4287021.78933586
2749275.2756277765
7792891.797056381
7796413.611840781
3819272.098697559
4679481.933964104
12924843.245974703
7796124.333564928
2753126.4355255053
506017.50549826585
7796124.333564928
7791683.129364292
4678753.723405388
4289788.254524065
7791683.129364292
7786598.793567293
1935790.8250563417
3815705.9422309473
7786598.793567293
7789663.099214684
2749275.2756277765
501371.956659487
7789663.099214684
7795304.070632088
4679481.933964104
4287020.64914138
7795304.070632088
7796676.813813033
1939305.2570505475
3819271.971265952
12642621.603266925
7796628.852191397
506017.50549826585
1939304.481685549
7796628.852191397
7794534.0611935835
4289788.254524065
2753126.3167598667
7794534.0611935835
7788501.772093111
3815705.9422309473
4678753.785407205
7788501.772093111
7787081.786513965
501371.956659487
1935792.8512679888
7787081.786513965
7792891.833332688
4287020.64914138
2749276.1314888587
7792891.833332688
7796412.055895659
3819271.971265952
4679481.677520678
11470441.98267483
7796124.649362584
2753126.3167598667
506017.6395346189
7796124.649362584
7791683.197384867
4678753.785407205
4289788.550497274
7791683.197384867
7786599.486443259
1935792.8512679888
3815703.8183672205
7786599.486443259
7789662.86213052
2749276.1314888587
501370.95775695366
7789662.86213052
7795304.879611332
4679481.677520678
4287021.465742537
7795304.879611332
7796676.006837439
1939304.481685549
3819272.018753357
11374594.523721283
7796628.950694485
506017.6395346189
1939304.4146959141
7796628.950694485
7794534.161681998
4289788.550497274
2753125.7433809554
7794534.161681998
7788500.618284024
3815703.8183672205
4678753.864930467
7788500.618284024
7787081.842450646
501370.95775695366
1935789.9763881606
7787081.842450646
7792892.472634881
4287021.465742537
2749274.331465413
7792892.472634881
7796412.642851767
3819272.018753357
4679480.845063351
5088561.74476759
7796124.497100403
2753125.7433809554
506016.76573348336
7796124.497100403
7791684.348879445
4678753.864930467
4289787.316462537
7791684.348879445
7786598.385381959
1935789.9763881606
3815706.1092323656
7786598.385381959
7789662.839460755
2749274.331465413
501371.99730989727
7789662.839460755
7795304.800530507
4679480.845063351
4287021.167851905
7795304.800530507
7796676.038534899
1939304.4146959141
3819271.8363947826
5507228.071120892
7796628.495908616
506016.76573348336
1939304.0717934908
7796628.495908616
7794533.592723105
4289787.316462537
2753127.0613479316
7794533.592723105
7788501.874165683
3815706.1092323656
4678753.025048386
7788501.874165683
7787082.133295745
501371.99730989727
1935791.0923203416
7787082.133295745
7792891.79493091
4287021.167851905
2749274.8816125705
7792891.79493091
7796412.861639233
3819271.8363947826
4679481.515686921
7834154.921969495
7796124.745045525
2753127.0613479316
506017.9504096637
7796124.745045525
7791682.923180676
4678753.025048386
4289789.022400127
7791682.923180676
7786598.757098801
1935791.0923203416
3815705.9601828638
7786598.757098801
7789663.380274697
2749274.8816125705
501371.58673165005
7789663.380274697
7795305.227612651
4679481.515686921
4287021.78933586
7795305.227612651
7796676.548443162
1939304.0717934908
3819272.098697559
