7792922.593336042
7796416.237338527
3805393.660219605
4677066.692009206
7796416.237338527
7796627.769787132
528053.8644051263
1917764.611717071
7796627.769787132
7794511.487161555
4299448.108324106
2772283.5329912086
7794511.487161555
7788475.150526534
3801815.482565854
4676300.953797707
7788475.150526534
7787096.832617145
523543.2014240802
1914261.7114037888
7787096.832617145
7792922.593336042
4296706.264873115
2768428.2541043824
13607121.356183378
7796675.682977438
1917764.611717071
3805395.352469877
7796675.682977438
7796114.991789801
2772283.5329912086
528054.4071917743
7796114.991789801
7791652.786966005
4676300.953797707
4299447.678482152
7791652.786966005
7786590.798062795
1914261.7114037888
3801815.5701880367
7786590.798062795
7789691.684790393
2768428.2541043824
523542.1363690259
7789691.684790393
7795324.732195387
4677066.692009206
4296704.303964031
14257316.468147665
7796417.0722210575
3805395.352469877
4677064.934368858
7796417.0722210575
7796627.10556467
528054.4071917743
1917764.2583411175
7796627.10556467
7794511.919171924
4299447.678482152
2772283.390315272
7794511.919171924
7788475.034626375
3801815.5701880367
4676300.29385676
7788475.034626375
7787096.673640144
523542.1363690259
1914259.1093737807
7787096.673640144
7792922.648030239
4296704.303964031
2768427.6928921253
15403110.520009497
7796675.310557908
1917764.2583411175
3805395.6698648054
7796675.310557908
7796115.655233869
2772283.390315272
528054.5181326569
7796115.655233869
7791652.775711657
4676300.29385676
4299448.36177309
7791652.775711657
7786590.134274273
1914259.1093737807
3801816.880730416
7786590.134274273
7789692.960343526
2768427.6928921253
523543.07047876023
7789692.960343526
7795323.856673095
4677064.934368858
4296705.95688979
14704705.858355526
7796417.703172253
3805395.6698648054
4677064.420472686
7796417.703172253
7796626.515427155
528054.5181326569
1917764.4785979325
7796626.515427155
7794511.927284801
4299448.36177309
2772283.74055225
7794511.927284801
7788475.393029932
3801816.880730416
4676300.175688682
7788475.393029932
7787095.822701424
523543.07047876023
1914261.428852912
7787095.822701424
7792922.771814752
4296705.95688979
2768426.845089486
11466774.986761626
7796674.449776977
1917764.4785979325
3805395.453505933
7796674.449776977
7796115.717179654
2772283.74055225
528052.6862151754
7796115.717179654
7791651.896610164
4676300.175688682
4299447.484032051
7791651.896610164
7786591.873008424
1914261.428852912
3801815.6288197082
7786591.873008424
7789691.659193003
2768426.845089486
523543.91562736884
7789691.659193003
7795324.669980811
4677064.420472686
4296705.775658581
8584110.291513972
7796417.636273612
3805395.453505933
4677064.15818391
7796417.636273612
7796626.493241523
528052.6862151754
1917765.5743801252
7796626.493241523
7794511.737853177
4299447.484032051
2772284.1582898186
7794511.737853177
7788474.804860687
3801815.6288197082
4676300.138223433
7788474.804860687
7787096.824414834
523543.91562736884
1914262.570168683
7787096.824414834
7792922.715893517
4296705.775658581
2768426.4081722605
8909816.453027979
7796676.111749588
1917765.5743801252
3805393.660219605
7796676.111749588
7796114.583602604
2772284.1582898186
528053.8644051263
7796114.583602604
7791652.224614404
4676300.138223433
4299448.108324106
7791652.224614404
7786591.197696894
1914262.570168683
3801815.482565854
7786591.197696894
7789693.180199742
2768426.4081722605
523543.2014240802
7789693.180199742
7795323.405805281
4677064.15818391
4296706.264873115
