7796334.872739149
7796648.2784046745
250456.2624652818
2209559.6950131687
7796648.2784046745
7794802.806784246
4157207.4732511886
2503048.6720377426
7794802.806784246
7788857.018084106
3984182.1858028704
4699594.023243175
7788857.018084106
7786889.051935267
242058.45494464246
2205915.6430351804
7786889.051935267
7792517.902239606
4154135.8524058135
2499276.8443469927
7792517.902239606
7796334.872739149
3987539.5630052295
4699858.891390704
12968147.272557817
7796232.1028307015
2503048.6720377426
250456.67778745314
7796232.1028307015
7792080.284370072
4699594.023243175
4157206.8096573344
7792080.284370072
7786714.536643809
2205915.6430351804
3984181.1701080827
7786714.536643809
7789275.850445381
2499276.8443469927
242059.39757203707
7789275.850445381
7795080.599051467
4699858.891390704
4154134.166922498
7795080.599051467
7796666.757250531
2209559.6950131687
3987540.621386536
12831267.075708281
7796648.518509392
250456.67778745314
2209559.391719938
7796648.518509392
7794803.369262591
4157206.8096573344
2503048.754164796
7794803.369262591
7788856.625466366
3984181.1701080827
4699593.972727219
7788856.625466366
7786889.497034013
242059.39757203707
2205916.452192617
7786889.497034013
7792516.861804147
4154134.166922498
2499277.1364777875
7792516.861804147
7796336.192004563
3987540.621386536
4699856.839896823
11752012.448842255
7796232.525457072
2503048.754164796
250456.65790286948
7796232.525457072
7792080.217956918
4699593.972727219
4157207.35307247
7792080.217956918
7786714.69575742
2205916.452192617
3984182.208205374
7786714.69575742
7789276.3778109
2499277.1364777875
242058.72847077964
7789276.3778109
7795080.659329258
4699856.839896823
4154135.4475507694
7795080.659329258
7796665.987572154
2209559.391719938
3987540.5820181747
11789338.312568659
7796647.973862171
250456.65790286948
2209559.1325387033
7796647.973862171
7794802.458564429
4157207.35307247
2503048.837848105
7794802.458564429
7788857.821518839
3984182.208205374
4699591.575367218
7788857.821518839
7786889.247743391
242058.72847077964
2205915.5542336646
7786889.247743391
7792517.20568208
4154135.4475507694
2499276.068534931
7792517.20568208
7796336.045285758
3987540.5820181747
4699856.45292699
5694650.9185132235
7796234.314948692
2503048.837848105
250453.64827810455
7796234.314948692
7792079.023208102
4699591.575367218
4157209.385898864
7792079.023208102
7786715.39315998
2205915.5542336646
3984181.405537999
7786715.39315998
7789276.361358483
2499276.068534931
242059.35400637667
7789276.361358483
7795080.634719438
4699856.45292699
4154135.1178053822
7795080.634719438
7796665.028749049
2209559.1325387033
3987540.7320474326
5927049.795280646
7796647.217822709
250453.64827810455
2209558.0316555956
7796647.217822709
7794803.574075812
4157209.385898864
2503046.425697853
7794803.574075812
7788856.496857634
3984181.405537999
4699593.182224445
7788856.496857634
7786889.648603649
242059.35400637667
2205914.673048869
7786889.648603649
7792516.291187298
4154135.1178053822
2499277.2635484044
7792516.291187298
7796336.64874723
3987540.7320474326
4699856.301798413
7905192.104086962
7796232.785477756
2503046.425697853
250456.2624652818
7796232.785477756
7792080.136625759
4699593.182224445
4157207.4732511886
7792080.136625759
7786714.773536005
2205914.673048869
3984182.1858028704
7786714.773536005
7789276.787122028
2499277.2635484044
242058.45494464246
7789276.787122028
7795080.729173157
4699856.301798413
4154135.8524058135
7795080.729173157
7796666.042620001
2209558.0316555956
3987539.5630052295
