7796523.393272699
7796572.16694149
1062174.8786908647
1397919.7511481624
7796572.16694149
7793957.744576436
4495087.929627999
3202812.3722406793
7793957.744576436
7787876.385374477
3447169.7847879953
4584205.786666289
7787876.385374477
7787544.480017275
1058840.7618620587
1394614.710008198
7787544.480017275
7793576.356680912
4493018.719745549
3198924.4097388666
7793576.356680912
7796523.393272699
3450990.7072501522
4585794.873739636
12854750.071217064
7795868.054963461
3202812.3722406793
1062175.2556265579
7795868.054963461
7790903.590799736
4584205.786666289
4495087.619291621
7790903.590799736
7786482.688364627
1394614.710008198
3447169.7047868487
7786482.688364627
7790433.4540523635
3198924.4097388666
1058840.2845069605
7790433.4540523635
7795678.172269836
4585794.873739636
4493016.780225401
7795678.172269836
7796685.576753468
1397919.7511481624
3450991.372796414
12287636.487292822
7796571.599672561
1062175.2556265579
1397919.7325044274
7796571.599672561
7793957.308577227
4495087.619291621
3202811.3715943275
7793957.308577227
7787876.822919805
3447169.7047868487
4584204.923157573
7787876.822919805
7787545.662420667
1058840.2845069605
1394613.4279350496
7787545.662420667
7793574.672508151
4493016.780225401
3198926.399107096
7793574.672508151
7796524.514959706
3450991.372796414
4585793.7763655735
11001570.638746964
7795868.297393887
3202811.3715943275
1062175.1020655388
7795868.297393887
7790903.358520385
4584204.923157573
4495088.07958784
7790903.358520385
7786482.573552957
1394613.4279350496
3447168.764698693
7786482.573552957
7790433.219780623
3198926.399107096
1058841.1833119513
7790433.219780623
7795678.223102128
4585793.7763655735
4493018.680380412
7795678.223102128
7796684.695719004
1397919.7325044274
3450991.475718663
10568308.966490055
7796572.437860292
1062175.1020655388
1397919.335500197
7796572.437860292
7793958.208975316
4495088.07958784
3202812.153858065
7793958.208975316
7787875.275511154
3447168.764698693
4584204.685535995
7787875.275511154
7787544.7330740085
1058841.1833119513
1394614.648837135
7787544.7330740085
7793575.515986538
4493018.680380412
3198924.130625468
7793575.515986538
7796524.246779234
3450991.475718663
4585793.137374261
3919431.9379459824
7795869.72893516
3202812.153858065
1062174.4543111639
7795869.72893516
7790902.2451472385
4584204.685535995
4495089.337708971
7790902.2451472385
7786483.606770467
1394614.648837135
3447170.0894290456
7786483.606770467
7790433.338798499
3198924.130625468
1058841.9775712227
7790433.338798499
7795678.509073226
4585793.137374261
4493018.388467233
7795678.509073226
7796684.0496660005
1397919.335500197
3450991.068209673
4635616.0299758
7796572.210717219
1062174.4543111639
1397919.7126489307
7796572.210717219
7793957.644025993
4495089.337708971
3202811.491698023
7793957.644025993
7787876.858574224
3447170.0894290456
4584204.863266253
7787876.858574224
7787545.418162367
1058841.9775712227
1394615.2356863634
7787545.418162367
7793574.767405853
4493018.388467233
3198925.2532270798
7793574.767405853
7796523.944796882
3450991.068209673
4585793.525121266
7718288.002515422
7795867.54784743
3202811.491698023
1062174.8786908647
7795867.54784743
7790903.634625243
4584204.863266253
4495087.929627999
7790903.634625243
7786482.659489615
1394615.2356863634
3447169.7847879953
7786482.659489615
7790432.414906204
3198925.2532270798
1058840.7618620587
7790432.414906204
7795678.695071089
4585793.525121266
4493018.719745549
7795678.695071089
7796684.922039144
1397919.7126489307
3450990.7072501522
