7791823.92272245
7796163.968063503
4245811.041446988
4688167.353648522
7796163.968063503
7796672.333618647
410591.4149554389
2667662.0304269507
7796672.333618647
7795229.536766873
3879415.3934844197
2033904.1527079109
7795229.536766873
7789527.224692962
4242936.273134112
4688737.733752984
7789527.224692962
7786633.568502528
405155.3016411577
2663838.7825293127
7786633.568502528
7791823.92272245
3875913.1613481906
2030341.0830414984
13610796.04482301
7796635.850278781
2667662.0304269507
4245810.731248033
7796635.850278781
7796385.490411619
2033904.1527079109
410589.84264487185
7796385.490411619
7792763.039518718
4688737.733752984
3879414.6619811812
7792763.039518718
7787011.88947889
2663838.7825293127
4242934.633395912
7787011.88947889
7788622.841081131
2030341.0830414984
405155.40015144186
7788622.841081131
7794632.1745580295
4688167.353648522
3875914.8577771066
14025226.59523619
7796164.785823691
4245810.731248033
4688168.010834142
7796164.785823691
7796671.2691012025
410589.84264487185
2667662.842996966
7796671.2691012025
7795229.803485863
3879414.6619811812
2033903.8554784092
7795229.803485863
7789526.751028532
4242934.633395912
4688737.53166596
7789526.751028532
7786632.829706942
405155.40015144186
2663836.3839265965
7786632.829706942
7791824.489447688
3875914.8577771066
2030340.2673532106
15424098.139136238
7796636.2215906875
2667662.842996966
4245811.312700429
7796636.2215906875
7796385.575075537
2033903.8554784092
410589.66732607567
7796385.575075537
7792764.102822246
4688737.53166596
3879415.144602534
7792764.102822246
7787010.151516527
2663836.3839265965
4242937.401046989
7787010.151516527
7788622.1936943475
2030340.2673532106
405155.39054070046
7788622.1936943475
7794632.524423712
4688168.010834142
3875913.026381904
14251704.054644512
7796165.46835961
4245811.312700429
4688166.8175246045
7796165.46835961
7796671.850235476
410589.66732607567
2667662.239355439
7796671.850235476
7795228.76967779
3879415.144602534
2033903.8847154719
7795228.76967779
7789528.687907048
4242937.401046989
4688735.218664014
7789528.687907048
7786632.099076004
405155.39054070046
2663837.811037297
7786632.099076004
7791824.8146459
3875913.026381904
2030340.4152244704
11494047.398732273
7796636.299350198
2667662.239355439
4245810.862826234
7796636.299350198
7796386.49376095
2033903.8847154719
410588.5520576682
7796386.49376095
7792762.937319454
4688735.218664014
3879416.497715924
7792762.937319454
7787010.540869713
2663837.811037297
4242934.922237033
7787010.540869713
7788622.302206038
2030340.4152244704
405155.32741375867
7788622.302206038
7794631.685120345
4688166.8175246045
3875913.6801029695
8192472.764015427
7796164.787112763
4245810.862826234
4688167.279588295
7796164.787112763
7796671.552329279
410588.5520576682
2667663.8413910316
7796671.552329279
7795229.854262696
3879416.497715924
2033903.914569697
7795229.854262696
7789526.8813247
4242934.922237033
4688736.86062674
7789526.8813247
7786633.303674158
405155.32741375867
2663837.8818648458
7786633.303674158
7791824.106927478
3875913.6801029695
2030340.3724894258
8914262.42369687
7796636.39447709
2667663.8413910316
4245811.041446988
7796636.39447709
7796385.342141199
2033903.914569697
410591.4149554389
7796385.342141199
7792763.664009048
4688736.86062674
3879415.3934844197
7792763.664009048
7787010.442140809
2663837.8818648458
4242936.273134112
7787010.442140809
7788622.154429595
2030340.3724894258
405155.3016411577
7788622.154429595
7794631.891110847
4688167.279588295
3875913.1613481906
