7796531.243261978
7796567.35399806
1103604.1938310158
1356982.5371885318
7796567.35399806
7793912.258590288
4507585.904800716
3234260.5305714104
7793912.258590288
7787834.224175017
3417705.8820483615
4574382.74975343
7787834.224175017
7787583.408954539
1100286.6263391895
1353684.7467535138
7787583.408954539
7793623.069990362
4505573.93939339
3230377.4550305507
7793623.069990362
7796531.243261978
3421537.365503339
4576030.804846248
12850363.32692862
7795845.57308688
3234260.5305714104
1103604.3155323067
7795845.57308688
7790845.248626531
4574382.74975343
4507585.017559673
7790845.248626531
7786480.634969723
1353684.7467535138
3417704.594754625
7786480.634969723
7790491.136367444
3230377.4550305507
1100288.343663506
7790491.136367444
7795702.478403611
4576030.804846248
4505572.63746547
7795702.478403611
7796684.026760238
1356982.5371885318
3421537.0137515874
12262300.4387913
7796566.562142615
1103604.3155323067
1356982.53481813
7796566.562142615
7793911.662179035
4507585.017559673
3234260.6639070543
7793911.662179035
7787833.763886118
3417704.594754625
4574382.986976665
7787833.763886118
7787584.232444898
1100288.343663506
1353686.1586878598
7787584.232444898
7793623.204943792
4505572.63746547
3230378.824733035
7793623.204943792
7796531.050192048
3421537.0137515874
4576031.959453064
10971640.095043378
7795845.617334923
3234260.6639070543
1103604.4496004614
7795845.617334923
7790845.713293794
4574382.986976665
4507584.806840805
7790845.713293794
7786479.899832365
1353686.1586878598
3417705.6273832303
7786479.899832365
7790491.242653395
3230378.824733035
1100287.0777959921
7790491.242653395
7795703.221011255
4576031.959453064
4505572.269369755
7795703.221011255
7796684.8172139665
1356982.53481813
3421537.5540447365
10509311.02276218
7796566.901760832
1103604.4496004614
1356982.6194154073
7796566.901760832
7793910.1568337595
4507584.806840805
3234261.007637414
7793910.1568337595
7787834.5991415465
3417705.6273832303
4574380.738923309
7787834.5991415465
7787584.652618829
1100287.0777959921
1353684.6098425677
7787584.652618829
7793622.730402598
4505572.269369755
3230378.4253443005
7793622.730402598
7796530.612290352
3421537.5540447365
4576031.200105065
3834652.135687563
7795846.794335686
3234261.007637414
1103602.704119756
7795846.794335686
7790845.903182567
4574380.738923309
4507584.601570836
7790845.903182567
7786479.077745759
1353684.6098425677
3417704.9614695963
7786479.077745759
7790491.494515991
3230378.4253443005
1100286.9395285742
7790491.494515991
7795703.230358127
4576031.200105065
4505573.282152006
7795703.230358127
7796684.513694801
1356982.6194154073
3421537.3812193237
4568098.73154308
7796566.450073615
1103602.704119756
1356982.9422381753
7796566.450073615
7793911.724534359
4507584.601570836
3234261.1118146917
7793911.724534359
7787833.88353187
3417704.9614695963
4574381.681339638
7787833.88353187
7787583.992132874
1100286.9395285742
1353684.3468107465
7787583.992132874
7793623.230402203
4505573.282152006
3230377.665337232
7793623.230402203
7796530.880772238
3421537.3812193237
4576030.800092027
7710998.046583683
7795846.218439309
3234261.1118146917
1103604.1938310158
7795846.218439309
7790845.3435327895
4574381.681339638
4507585.904800716
7790845.3435327895
7786479.535648708
1353684.3468107465
3417705.8820483615
7786479.535648708
7790491.382663315
3230377.665337232
1100286.6263391895
7790491.382663315
7795702.294489834
4576030.800092027
4505573.93939339
7795702.294489834
7796685.0062355045
1356982.9422381753
3421537.365503339
