7795232.092054083
7796670.582201109
2035807.5628260751
3880613.2450414854
7796670.582201109
7796165.190903598
2665920.202683413
408701.3401957053
7796165.190903598
7791824.839741672
4688336.461110728
4244899.256221224
7791824.839741672
7786635.478008951
2032249.3133368567
3877113.8751720814
7786635.478008951
7789522.684973991
2662093.4193412876
403245.5152554396
7789522.684973991
7795232.092054083
4688901.987969838
4242016.855176258
13354662.218324792
7796636.120314404
408701.3401957053
2035808.7402859284
7796636.120314404
7794630.78128199
4244899.256221224
2665919.7827882967
7794630.78128199
7788624.642624509
3877113.8751720814
4688335.940009412
7788624.642624509
7787011.602643386
403245.5152554396
2032248.72657807
7787011.602643386
7792759.798158812
4242016.855176258
2662093.8397259074
7792759.798158812
7796387.9278887585
3880613.2450414854
4688900.500689797
14026559.165693218
7796671.924478803
2035808.7402859284
3880612.268360634
7796671.924478803
7796164.419403737
2665919.7827882967
408701.8060429266
7796164.419403737
7791825.143006551
4688335.940009412
4244898.572520005
7791825.143006551
7786635.465470946
2032248.72657807
3877114.6587612596
7786635.465470946
7789523.921920355
2662093.8397259074
403245.0951480997
7789523.921920355
7795229.7757153055
4688900.500689797
4242018.242943044
14052072.751985684
7796636.24094621
408701.8060429266
2035809.2041353912
7796636.24094621
7794630.371232882
4244898.572520005
2665920.1522717723
7794630.371232882
7788625.50844101
3877114.6587612596
4688335.798965676
7788625.50844101
7787009.809999055
403245.0951480997
2032249.0449929251
7787009.809999055
7792760.874715455
4242018.242943044
2662093.2599187423
7792760.874715455
7796387.5369029585
3880612.268360634
4688901.153898342
14253784.972659128
7796672.629001181
2035809.2041353912
3880611.933552732
7796672.629001181
7796164.011044255
2665920.1522717723
408702.6993962115
7796164.011044255
7791824.032063108
4688335.798965676
4244897.111795644
7791824.032063108
7786636.39613529
2032249.0449929251
3877113.3333119494
7786636.39613529
7789523.747017864
2662093.2599187423
403245.43670451577
7789523.747017864
7795229.89585697
4688901.153898342
4242017.883501178
9578310.12701682
7796637.796928787
408702.6993962115
2035809.0359996932
7796637.796928787
7794629.289912228
4244897.111795644
2665921.2987689525
7794629.289912228
7788626.601706817
3877113.3333119494
4688335.787281441
7788626.601706817
7787010.306135844
403245.43670451577
2032248.8120907983
7787010.306135844
7792760.04946509
4242017.883501178
2662093.8602199256
7792760.04946509
7796387.6402185075
3880611.933552732
4688900.878488222
8197051.723604621
7796671.551167918
2035809.0359996932
3880611.7996844742
7796671.551167918
7796164.773852954
2665921.2987689525
408701.26159087
7796164.773852954
7791825.2461540755
4688335.787281441
4244898.021270785
7791825.2461540755
7786635.121576765
2032248.8120907983
3877112.9637948307
7786635.121576765
7789523.954912104
2662093.8602199256
403245.62627533544
7789523.954912104
7795230.034571635
4688900.878488222
4242017.676662862
8522337.530057115
7796636.609894355
408701.26159087
2035807.5628260751
7796636.609894355
7794630.567094904
4244898.021270785
2665920.202683413
7794630.567094904
7788625.755566691
3877112.9637948307
4688336.461110728
7788625.755566691
7787009.470984023
403245.62627533544
2032249.3133368567
7787009.470984023
7792760.811285321
4242017.676662862
2662093.4193412876
7792760.811285321
7796387.20119653
3880611.7996844742
4688901.987969838
