7790871.738637419
7795856.311676771
4502304.065376961
4578616.006278194
7795856.311676771
7796684.651181208
1085947.5063121864
3220886.2447223547
7796684.651181208
7795692.6486165635
3434129.3837587805
1374445.2080700882
7795692.6486165635
7790466.235167138
4500268.942149288
4580241.601179343
7790466.235167138
7786479.561431861
1082626.707546685
3217004.763893786
7786479.561431861
7790871.738637419
3430298.88598818
1371141.8835463154
13573317.136352047
7796569.865170253
3220886.2447223547
4502303.025228548
7796569.865170253
7796526.071144311
1374445.2080700882
1085947.504531915
7796526.071144311
7793603.222096812
4580241.601179343
3434128.3744758926
7793603.222096812
7787566.877033395
3217004.763893786
4500268.067622923
7787566.877033395
7787851.011223054
1371141.8835463154
1082626.8417078203
7787851.011223054
7793933.400084136
4578616.006278194
3430298.840450646
13722045.93976611
7795856.4601761615
4502303.025228548
4578615.793555743
7795856.4601761615
7796683.332841791
1085947.504531915
3220886.7051584255
7796683.332841791
7795692.958797284
3434128.3744758926
1374445.4628853276
7795692.958797284
7790465.400298127
4500268.067622923
4580241.302920206
7790465.400298127
7786478.884864571
1082626.8417078203
3217004.5036179814
7786478.884864571
7790872.858389731
3430298.840450646
1371140.9113852105
15232326.235701608
7796569.506555743
3220886.7051584255
4502302.929767678
7796569.506555743
7796526.71934707
1374445.4628853276
1085947.5713352545
7796526.71934707
7793602.348349474
4580241.302920206
3434129.1150514693
7793602.348349474
7787567.256540961
3217004.5036179814
4500268.670040157
7787567.256540961
7787851.129311997
1371140.9113852105
1082626.4065127324
7787851.129311997
7793934.224691
4578615.793555743
3430298.3246571063
13649106.429626808
7795855.905902583
4502302.929767678
4578615.570878245
7795855.905902583
7796683.444644847
1085947.5713352545
3220885.8079927135
7796683.444644847
7795693.077594507
3434129.1150514693
1374445.4259723492
7795693.077594507
7790466.482229458
4500268.670040157
4580240.130056788
7790466.482229458
7786479.182725918
1082626.4065127324
3217004.529906327
7786479.182725918
7790872.603618007
3430298.3246571063
1371142.1379418054
11234641.264717152
7796568.991124517
3220885.8079927135
4502303.312206174
7796568.991124517
7796526.7654583
1374445.4259723492
1085948.464717249
7796526.7654583
7793602.256012743
4580240.130056788
3434127.5025125584
7793602.256012743
7787566.661463338
3217004.529906327
4500268.113587034
7787566.661463338
7787852.005586101
1371142.1379418054
1082626.8278097736
7787852.005586101
7793933.517405983
4578615.570878245
3430298.964798349
7661674.027340529
7795856.4497899655
4502303.312206174
4578615.385391978
7795856.4497899655
7796683.512640324
1085948.464717249
3220885.165741108
7796683.512640324
7795692.61406216
3434127.5025125584
1374445.305828546
7795692.61406216
7790465.014486989
4500268.113587034
4580240.687712803
7790465.014486989
7786479.098140458
1082626.8278097736
3217004.309045434
7786479.098140458
7790872.587635194
3430298.964798349
1371141.0191824613
8855977.684167031
7796568.75080896
3220885.165741108
4502304.065376961
7796568.75080896
7796526.78504911
1374445.305828546
1085947.5063121864
7796526.78504911
7793603.3884467045
4580240.687712803
3434129.3837587805
7793603.3884467045
7787566.098823351
3217004.309045434
4500268.942149288
7787566.098823351
7787851.862256429
1371141.0191824613
1082626.707546685
7787851.862256429
7793933.742953847
4578615.385391978
3430298.88598818
