7795889.104313485
7796682.137495284
1025802.503462891
3175005.810164428
7796682.137495284
7795656.953145475
3476588.726052321
1433749.4071026074
7795656.953145475
7790381.730131335
4481697.24013455
4594039.742210308
7790381.730131335
7786485.806120553
1022455.3722553891
3171117.704488819
7786485.806120553
7790955.608559046
3472775.940369093
1430434.553994607
7790955.608559046
7795889.104313485
4483814.380663393
4592503.588051528
13167031.731386019
7796517.015529229
1433749.4071026074
1025804.5128662048
7796517.015529229
7793531.875988353
4594039.742210308
3476588.0880766427
7793531.875988353
7787510.890797027
3171117.704488819
4481695.987624697
7787510.890797027
7787915.494292169
1430434.553994607
1022454.797828552
7787915.494292169
7793996.2720012665
4592503.588051528
3472775.708802538
7793996.2720012665
7796578.687699212
3175005.810164428
4483813.109699049
13535155.02048472
7796683.461791794
1025804.5128662048
3175004.900971067
7796683.461791794
7795656.611087833
3476588.0880766427
1433749.199376193
7795656.611087833
7790381.30681219
4481695.987624697
4594038.954860159
7790381.30681219
7786485.791320613
1022454.797828552
3171117.9779531914
7786485.791320613
7790955.01565758
3472775.708802538
1430432.9677123276
7790955.01565758
7795888.4358276855
4483813.109699049
4592502.330875117
12977884.98703962
7796516.869699735
1433749.199376193
1025803.9840322352
7796516.869699735
7793531.779717156
4594038.954860159
3476588.271815281
7793531.779717156
7787510.95394796
3171117.9779531914
4481696.070179169
7787510.95394796
7787915.602916098
1430432.9677123276
1022453.7506437792
7787915.602916098
7793997.036926793
4592502.330875117
3472776.060572258
7793997.036926793
7796578.4966840595
3175004.900971067
4483812.8652378665
13269956.679332849
7796681.996747687
1025803.9840322352
3175004.4119944545
7796681.996747687
7795657.947285407
3476588.271815281
1433748.7407080783
7795657.947285407
7790381.1490682755
4481696.070179169
4594038.0000781035
7790381.1490682755
7786485.598482646
1022453.7506437792
3171116.904602721
7786485.598482646
7790955.088228144
3472776.060572258
1430433.8309581063
7790955.088228144
7795887.85259493
4483812.8652378665
4592501.988058365
7920120.871741044
7796517.788179247
1433748.7407080783
1025803.8487029636
7796517.788179247
7793531.332607777
4594038.0000781035
3476589.2839407343
7793531.332607777
7787511.024683451
3171116.904602721
4481696.400514044
7787511.024683451
7787915.673496211
1430433.8309581063
1022454.763728274
7787915.673496211
7793996.540032483
4592501.988058365
3472776.0723847337
7793996.540032483
7796577.868891109
3175004.4119944545
4483813.483361185
7325792.226296749
7796683.553880999
1025803.8487029636
3175004.339960065
7796683.553880999
7795657.018884382
3476589.2839407343
1433748.5055600647
7795657.018884382
7790381.319734077
4481696.400514044
4594038.480556154
7790381.319734077
7786485.685179125
1022454.763728274
3171116.1800364084
7786485.685179125
7790955.209669966
3472776.0723847337
1430434.735692265
7790955.209669966
7795888.012958214
4483813.483361185
4592501.88893228
8226391.517947534
7796517.564423539
1433748.5055600647
1025802.503462891
7796517.564423539
7793531.849019985
4594038.480556154
3476588.726052321
7793531.849019985
7787511.30658948
3171116.1800364084
4481697.24013455
7787511.30658948
7787914.760420446
1430434.735692265
1022455.3722553891
7787914.760420446
7793997.4912297055
4592501.88893228
3472775.940369093
7793997.4912297055
7796577.6785157155
3175004.339960065
4483814.380663393
