7796408.950813267
7796629.417338171
486069.94534277805
1958875.4007783514
7796629.417338171
7794553.705822382
4280899.562997859
2735623.856895112
7794553.705822382
7788527.182947508
3828268.309545008
4680884.323288526
7788527.182947508
7787067.541561319
481288.5932355841
1955352.0820356114
7787067.541561319
7792863.413594007
4278108.701565338
2731777.784649266
7792863.413594007
7796408.950813267
3831821.915001437
4681577.652407139
12927795.029092198
7796133.208279654
2735623.856895112
486069.90056213556
7796133.208279654
7791711.866125306
4680884.323288526
4280899.272546672
7791711.866125306
7786605.508426536
1955352.0820356114
3828268.474496997
7786605.508426536
7789635.629306154
2731777.784649266
481289.6549949157
7789635.629306154
7795289.840006707
4681577.652407139
4278110.381637263
7795289.840006707
7796674.254207536
1958875.4007783514
3831821.000571256
12656064.492302202
7796630.177625383
486069.90056213556
1958875.7807004699
7796630.177625383
7794553.7076897845
4280899.272546672
2735623.332135224
7794553.7076897845
7788526.336628072
3828268.474496997
4680883.914079136
7788526.336628072
7787067.040834256
481289.6549949157
1955352.2474589697
7787067.040834256
7792865.410566286
4278110.381637263
2731776.309159585
7792865.410566286
7796407.619266221
3831821.000571256
4681578.99979894
11489819.670195304
7796132.519482513
2735623.332135224
486069.9352337969
7796132.519482513
7791712.236939992
4680883.914079136
4280899.156612064
7791712.236939992
7786605.21294776
1955352.2474589697
3828267.532752295
7786605.21294776
7789635.215033559
2731776.309159585
481288.24916081346
7789635.215033559
7795289.89763915
4681578.99979894
4278108.775572916
7795289.89763915
7796675.193855866
1958875.7807004699
3831821.5865335427
11404440.358225938
7796629.514211556
486069.9352337969
1958875.6428039912
7796629.514211556
7794555.395611129
4280899.156612064
2735622.9417773616
7794555.395611129
7788524.946745466
3828267.532752295
4680883.387597336
7788524.946745466
7787067.596165257
481288.24916081346
1955351.717100804
7787067.596165257
7792865.796316883
4278108.775572916
2731776.8337778375
7792865.796316883
7796407.251906651
3831821.5865335427
4681578.692279708
5132072.729553729
7796134.818852715
2735622.9417773616
486069.1246041426
7796134.818852715
7791710.647915322
4680883.387597336
4280899.455828327
7791710.647915322
7786605.251730911
1955351.717100804
3828268.853240611
7786605.251730911
7789635.905373254
2731776.8337778375
481287.99634567817
7789635.905373254
7795289.905225509
4681578.692279708
4278109.26974596
7795289.905225509
7796674.952328873
1958875.6428039912
3831821.595870918
5537985.897612208
7796629.943385711
486069.1246041426
1958876.5273462953
7796629.943385711
7794553.699980874
4280899.455828327
2735623.4933903352
7794553.699980874
7788526.675602719
3828268.853240611
4680883.317890686
7788526.675602719
7787066.876092289
481287.99634567817
1955352.2359676936
7787066.876092289
7792865.706120591
4278109.26974596
2731776.378090031
7792865.706120591
7796407.705242644
3831821.595870918
4681578.734807796
7839009.366683321
7796133.314444966
2735623.4933903352
486069.94534277805
7796133.314444966
7791711.775273314
4680883.317890686
4280899.562997859
7791711.775273314
7786605.754448553
1955352.2359676936
3828268.309545008
7786605.754448553
7789634.896030842
2731776.378090031
481288.5932355841
7789634.896030842
7795289.643441629
4681578.734807796
4278108.701565338
7795289.643441629
7796675.453484566
1958876.5273462953
3831821.915001437
