7790989.19368061
7795898.894331312
4476607.820589216
4597546.799843471
7795898.894331312
7796683.230687296
1003022.4125200061
3157491.75529895
7796683.230687296
7795642.994267924
3492499.388657079
1456142.5080808648
7795642.994267924
7790349.489873718
4474459.189492091
4599050.014829129
7790349.489873718
7786486.140549576
999658.726770135
3153602.7469580723
7786486.140549576
7790989.19368061
3488693.9913080656
1452820.835281703
13579731.504103772
7796580.530598449
3157491.75529895
4476606.373975012
7796580.530598449
7796512.248849537
1456142.5080808648
1003022.6113931128
7796512.248849537
7793506.749447312
4599050.014829129
3492498.849194079
7793506.749447312
7787489.622037684
3153602.7469580723
4474459.288234501
7787489.622037684
7787937.76726127
1452820.835281703
999659.4626453738
7787937.76726127
7794024.110613143
4597546.799843471
3488693.6099238694
13763454.47295522
7795899.196885942
4476606.373975012
4597546.535166683
7795899.196885942
7796682.903578971
1003022.6113931128
3157490.759853849
7796682.903578971
7795642.970745646
3492498.849194079
1456142.015692859
7795642.970745646
7790349.81351516
4474459.288234501
4599049.439667682
7790349.81351516
7786486.25153692
999659.4626453738
3153602.366666651
7786486.25153692
7790988.8553041415
3488693.6099238694
1452819.568956759
15265369.082891356
7796579.926871981
3157490.759853849
4476607.178380584
7796579.926871981
7796513.249775889
1456142.015692859
1003022.6634240998
7796513.249775889
7793505.52439359
4599049.439667682
3492499.431259662
7793505.52439359
7787489.892350742
3153602.366666651
4474458.630735657
7787489.892350742
7787937.713900168
1452819.568956759
999658.5391452189
7787937.713900168
7794024.68424575
4597546.535166683
3488693.704447167
13732181.426913213
7795899.324862944
4476607.178380584
4597545.976086801
7795899.324862944
7796683.460443317
1003022.6634240998
3157490.6733035157
7796683.460443317
7795644.184653644
3492499.431259662
1456142.7862541932
7795644.184653644
7790348.330280638
4474458.630735657
4599049.452227048
7790348.330280638
7786486.180592628
999658.5391452189
3153602.761537642
7786486.180592628
7790989.7537066955
3488693.704447167
1452820.1851185474
11279492.253220508
7796579.438138569
3157490.6733035157
4476606.999534573
7796579.438138569
7796513.305063188
1456142.7862541932
1003022.9403087886
7796513.305063188
7793504.643248869
4599049.452227048
3492498.7125807106
7793504.643248869
7787491.420485731
3153602.761537642
4474459.554073516
7787491.420485731
7787937.256664006
1452820.1851185474
999659.3068556923
7787937.256664006
7794024.70575523
4597545.976086801
3488693.6810964835
7735608.981850694
7795899.36150247
4476606.999534573
4597546.023831232
7795899.36150247
7796683.190837518
1003022.9403087886
3157490.5739318132
7796683.190837518
7795642.632800198
3492498.7125807106
1456142.2790898827
7795642.632800198
7790350.295710159
4474459.554073516
4599048.553189364
7790350.295710159
7786486.067293742
999659.3068556923
3153602.214373732
7786486.067293742
7790988.983373123
3488693.6810964835
1452819.6914262106
8865921.326483319
7796579.2916058805
3157490.5739318132
4476607.820589216
7796579.2916058805
7796512.765712117
1456142.2790898827
1003022.4125200061
7796512.765712117
7793505.761346666
4599048.553189364
3492499.388657079
7793505.761346666
7787490.224716077
3153602.214373732
4474459.189492091
7787490.224716077
7787938.539987233
1452819.6914262106
999658.726770135
7787938.539987233
7794024.481641549
4597546.023831232
3488693.9913080656
