7794706.642948544
7796642.398228676
2597114.5768456613
4208450.558040145
7796642.398228676
7796365.442859356
2110212.837474883
336697.64321063156
7796365.442859356
7792657.317774432
4694556.525040652
3926964.7356242104
7792657.317774432
7786956.12210455
2593312.4904590654
4205488.450763289
7786956.12210455
7788723.182064333
2106613.3781154086
330285.3327882764
7788723.182064333
7794706.642948544
4694117.409271417
3923521.7423381493
13453504.818522273
7796668.594391988
336697.64321063156
2597115.8043647427
7796668.594391988
7795165.599357279
3926964.7356242104
2110212.9279054473
7795165.599357279
7789417.313365296
4205488.450763289
4694555.975634723
7789417.313365296
7786667.683350347
330285.3327882764
2593313.507610594
7786667.683350347
7791934.030522244
3923521.7423381493
2106613.1440510736
7791934.030522244
7796196.75438803
4208450.558040145
4694117.786690816
14215500.642629549
7796641.929519564
2597115.8043647427
4208450.050458206
7796641.929519564
7796365.177848633
2110212.9279054473
336697.725676626
7796365.177848633
7792657.435286045
4694555.975634723
3926964.399055785
7792657.435286045
7786956.30920224
2593313.507610594
4205488.407801895
7786956.30920224
7788722.021266334
2106613.1440510736
330285.7524962286
7788722.021266334
7794707.484016542
4694117.786690816
3923520.03634226
14592161.241097843
7796668.859302909
336697.725676626
2597115.652900805
7796668.859302909
7795165.635117131
3926964.399055785
2110213.244510626
7795165.635117131
7789418.154474876
4205488.407801895
4694555.804507986
7789418.154474876
7786667.192321164
330285.7524962286
2593314.0307314307
7786667.192321164
7791934.519649268
3923520.03634226
2106613.849084735
7791934.519649268
7796196.571278785
4208450.050458206
4694117.866034844
14623273.923682299
7796642.016125295
2597115.652900805
4208449.872625181
7796642.016125295
7796364.533354404
2110213.244510626
336697.84992417536
7796364.533354404
7792657.3082929365
4694555.804507986
3926963.4405828402
7792657.3082929365
7786956.813624236
2593314.0307314307
4205487.048839775
7786956.813624236
7788722.921162088
2106613.849084735
330285.56761999533
7788722.921162088
7794707.057587137
4694117.866034844
3923519.78625834
10353790.694378048
7796668.4944672845
336697.84992417536
2597115.771254901
7796668.4944672845
7795164.7933274405
3926963.4405828402
2110212.988368243
7795164.7933274405
7789418.192257722
4205487.048839775
4694556.577855738
7789418.192257722
7786666.954855939
330285.56761999533
2593313.808175585
7786666.954855939
7791933.8862615805
3923519.78625834
2106613.441204471
7791933.8862615805
7796197.780976382
4208449.872625181
4694117.746928782
8515699.66616897
7796641.940168522
2597115.771254901
4208449.264949858
7796641.940168522
7796364.69146505
2110212.988368243
336698.7482204511
7796364.69146505
7792657.791640751
4694556.577855738
3926963.6129132416
7792657.791640751
7786956.299743076
2593313.808175585
4205486.916337015
7786956.299743076
7788722.001257773
2106613.441204471
330285.9092968261
7788722.001257773
7794707.502496281
4694117.746928782
3923520.014922936
8675631.400523126
7796669.450934065
336698.7482204511
2597114.5768456613
7796669.450934065
7795165.56400158
3926963.6129132416
2110212.837474883
7795165.56400158
7789417.803479803
4205486.916337015
4694556.525040652
7789417.803479803
7786667.713572164
330285.9092968261
2593312.4904590654
7786667.713572164
7791933.57527556
3923520.014922936
2106613.3781154086
7791933.57527556
7796196.318216465
4208449.264949858
4694117.409271417
