7796064.854936121
7796678.006660469
653148.9568132961
2878208.8937507104
7796678.006660469
7795412.641520636
3725958.3134760177
1796373.0983243622
7795412.641520636
7789865.642072339
4348896.49700218
4661345.944099535
7789865.642072339
7786553.891096038
649194.3370977696
2874335.7092151637
7786553.891096038
7791475.384780492
3722303.496513399
1792923.9412399267
7791475.384780492
7796064.854936121
4351490.213350199
4660377.598633019
13098648.286311483
7796446.060702001
1796373.0983243622
653150.1138763488
7796446.060702001
7793079.900007452
4661345.944099535
3725957.969831454
7793079.900007452
7787194.482888634
2874335.7092151637
4348895.87946141
7787194.482888634
7788327.790458537
1792923.9412399267
649193.5433399272
7788327.790458537
7794386.967263304
4660377.598633019
3722304.7912959787
7794386.967263304
7796616.678074588
2878208.8937507104
4351488.077443256
13317143.18720232
7796678.102915922
653150.1138763488
2878209.4247370022
7796678.102915922
7795412.706304691
3725957.969831454
1796373.0391938884
7795412.706304691
7789865.941879861
4348895.87946141
4661345.280992528
7789865.941879861
7786553.189661736
649193.5433399272
2874334.9808050166
7786553.189661736
7791475.755876248
3722304.7912959787
1792923.1931828535
7791475.755876248
7796063.981042767
4351488.077443256
4660378.492385835
12567760.388681062
7796444.775837811
1796373.0391938884
653150.0433705394
7796444.775837811
7793080.920491374
4661345.280992528
3725958.0684253043
7793080.920491374
7787194.248831086
2874334.9808050166
4348896.167772368
7787194.248831086
7788326.660116041
1792923.1931828535
649194.2900363231
7788326.660116041
7794386.1290661795
4660378.492385835
3722303.6137083
7794386.1290661795
7796617.62656965
2878209.4247370022
4351488.332562111
12821388.090502704
7796678.598576638
653150.0433705394
2878209.08872033
7796678.598576638
7795413.003460483
3725958.0684253043
1796372.9116752353
7795413.003460483
7789865.025169026
4348896.167772368
4661346.348538977
7789865.025169026
7786553.733730775
649194.2900363231
2874334.398043631
7786553.733730775
7791476.512317722
3722303.6137083
1792922.977807255
7791476.512317722
7796063.895469417
4351488.332562111
4660378.21106167
7228930.616320743
7796445.153724995
1796372.9116752353
653149.2946387238
7796445.153724995
7793081.335387887
4661346.348538977
3725957.734362127
7793081.335387887
7787194.059493709
2874334.398043631
4348896.573216355
7787194.059493709
7788326.452723539
1792922.977807255
649193.5774908792
7788326.452723539
7794386.512745843
4660378.21106167
3722303.2029318134
7794386.512745843
7796617.575752533
2878209.08872033
4351488.175253352
6915224.661282359
7796678.119888225
653149.2946387238
2878208.905385952
7796678.119888225
7795412.66996658
3725957.734362127
1796371.126197375
7795412.66996658
7789866.251174473
4348896.573216355
4661344.769541639
7789866.251174473
7786553.267274823
649193.5774908792
2874334.864238815
7786553.267274823
7791475.992554929
3722303.2029318134
1792923.2703583902
7791475.992554929
7796063.553808466
4351488.175253352
4660377.8998365905
8116858.033003882
7796445.869645122
1796371.126197375
653148.9568132961
7796445.869645122
7793080.305857228
4661344.769541639
3725958.3134760177
7793080.305857228
7787194.03559681
2874334.864238815
4348896.49700218
7787194.03559681
7788326.387203319
1792923.2703583902
649194.3370977696
7788326.387203319
7794386.620362443
4660377.8998365905
3722303.496513399
7794386.620362443
7796616.651136775
2878208.905385952
4351490.213350199
