7792413.1237224545
7796311.250510962
4031533.5810965053
4702084.028120187
7796311.250510962
7796653.201911166
202968.6056423659
2283352.65201619
7796653.201911166
7794874.544361126
4117177.808898026
2431498.3218888924
7794874.544361126
7788958.700824039
4028242.7313379506
4701949.1847753115
7788958.700824039
7786839.836931868
192668.4877253543
2279676.146413921
7786839.836931868
7792413.1237224545
4114028.4150608922
2427754.490215212
13615673.09825962
7796660.273173437
2283352.65201619
4031535.1317464192
7796660.273173437
7796258.878728308
2431498.3218888924
202968.29855688824
7796258.878728308
7792190.691669403
4701949.1847753115
4117177.111889597
7792190.691669403
7786752.823739784
2279676.146413921
4028241.793870792
7786752.823739784
7789168.891950688
2427754.490215212
192668.1411590601
7789168.891950688
7795018.880713784
4702084.028120187
4114025.9272254854
14167211.685902176
7796312.310449647
4031535.1317464192
4702081.573027502
7796312.310449647
7796652.868388763
202968.29855688824
2283352.8917862354
7796652.868388763
7794874.2465351755
4117177.111889597
2431498.0308493464
7794874.2465351755
7788958.7630382255
4028241.793870792
4701948.866684197
7788958.7630382255
7786840.634881156
192668.1411590601
2279674.9022311755
7786840.634881156
7792411.816980064
4114025.9272254854
2427755.0262777493
15448037.661023969
7796661.090388526
2283352.8917862354
4031535.0508383745
7796661.090388526
7796259.010648585
2431498.0308493464
202968.18974503124
7796259.010648585
7792189.741785105
4701948.866684197
4117177.3141316203
7792189.741785105
7786753.746003187
2279674.9022311755
4028241.9492138526
7786753.746003187
7789169.036076152
2427755.0262777493
192668.51503148483
7789169.036076152
7795017.189566832
4702081.573027502
4114027.787517081
14529645.784257114
7796311.981754276
4031535.0508383745
4702080.86374232
7796311.981754276
7796653.0678857425
202968.18974503124
2283352.6683750176
7796653.0678857425
7794874.804427326
4117177.3141316203
2431498.1064902404
7794874.804427326
7788958.2717475705
4028241.9492138526
4701950.4145819
7788958.2717475705
7786839.973527306
192668.51503148483
2279675.5285764113
7786839.973527306
7792411.871555768
4114027.787517081
2427753.5100775165
11526626.481658705
7796661.056544065
2283352.6683750176
4031535.4474656116
7796661.056544065
7796258.660244251
2431498.1064902404
202967.6797573785
7796258.660244251
7792190.868233775
4701950.4145819
4117176.435034433
7792190.868233775
7786753.231350684
2279675.5285764113
4028242.302068113
7786753.231350684
7789169.317727163
2427753.5100775165
192667.6313734273
7789169.317727163
7795017.076322538
4702080.86374232
4114028.325515364
8433410.610113231
7796312.389121495
4031535.4474656116
4702080.756703349
7796312.389121495
7796652.988585447
202967.6797573785
2283353.729139737
7796652.988585447
7794874.518207178
4117176.435034433
2431499.162677508
7794874.518207178
7788958.799685606
4028242.302068113
4701947.974238133
7788958.799685606
7786840.179806619
192667.6313734273
2279674.7664973508
7786840.179806619
7792411.725368148
4114028.325515364
2427753.7718726876
8922318.224793956
7796662.628978666
2283353.729139737
4031533.5810965053
7796662.628978666
7796258.586812175
2431499.162677508
202968.6056423659
7796258.586812175
7792189.998967635
4701947.974238133
4117177.808898026
7792189.998967635
7786753.798098979
2279674.7664973508
4028242.7313379506
7786753.798098979
7789169.321147381
2427753.7718726876
192668.4877253543
7789169.321147381
7795016.99196101
4702080.756703349
4114028.4150608922
