7795290.3566457
7796674.767476432
1957914.376381656
3831205.751519608
7796674.767476432
7796132.68360717
2736485.5406423975
487047.4546952695
7796132.68360717
7791711.934339608
4680782.594607104
4281338.028729767
7791711.934339608
7786605.466709446
1954391.2551257648
3827653.093976933
7786605.466709446
7789635.940654847
2732639.0703529846
482274.0736342899
7789635.940654847
7795290.3566457
4681477.72775701
4278548.953726058
13340396.776858775
7796630.220900102
487047.4546952695
1957914.015096767
7796630.220900102
7794552.2804895155
4281338.028729767
2736485.197472703
7794552.2804895155
7788525.567430847
3827653.093976933
4680781.854006651
7788525.567430847
7787068.800306937
482274.0736342899
1954391.5506748674
7787068.800306937
7792864.959685156
4278548.953726058
2732638.970750407
7792864.959685156
7796409.15142609
3831205.751519608
4681478.7914749505
13994802.279125264
7796674.220946324
1957914.015096767
3831206.207708635
7796674.220946324
7796132.8383313
2736485.197472703
487047.72613070864
7796132.8383313
7791711.399089099
4680781.854006651
4281338.415301677
7791711.399089099
7786605.15851338
1954391.5506748674
3827651.800251779
7786605.15851338
7789635.132195887
2732638.970750407
482274.760718054
7789635.132195887
7795292.3716383185
4681478.7914749505
4278547.653104906
13972771.756048786
7796630.3311519995
487047.72613070864
1957914.4462528075
7796630.3311519995
7794551.778166898
4281338.415301677
2736484.8393958923
7794551.778166898
7788525.501192311
3827651.800251779
4680783.60163753
7788525.501192311
7787067.304035607
482274.760718054
1954392.2820148754
7787067.304035607
7792866.520557427
4278547.653104906
2732638.909163537
7792866.520557427
7796408.986845359
3831206.207708635
4681478.653589146
14191236.792417238
7796673.112441714
1957914.4462528075
3831205.6177223036
7796673.112441714
7796132.365800036
2736484.8393958923
487047.28341956186
7796132.365800036
7791711.446768901
4680783.60163753
4281335.805130735
7791711.446768901
7786606.477063288
1954392.2820148754
3827652.487006872
7786606.477063288
7789635.001622521
2732638.909163537
482274.8253487871
7789635.001622521
7795292.269730176
4681478.653589146
4278548.022292347
9461675.691700222
7796630.615317365
487047.28341956186
1957914.6676827492
7796630.615317365
7794551.128966565
4281335.805130735
2736487.322397142
7794551.128966565
7788525.438971606
3827652.487006872
4680782.052735736
7788525.438971606
7787068.42441974
482274.8253487871
1954391.6465509178
7787068.42441974
7792866.688504522
4278548.022292347
2732639.2036272483
7792866.688504522
7796408.550722806
3831205.6177223036
4681478.855842898
8142681.581481197
7796673.180788082
1957914.6676827492
3831205.823453303
7796673.180788082
7796132.943308934
2736487.322397142
487044.88061339763
7796132.943308934
7791711.341385428
4680782.052735736
4281336.884260109
7791711.341385428
7786605.014555566
1954391.6465509178
3827652.6145262374
7786605.014555566
7789635.188765993
2732639.2036272483
482273.47529711423
7789635.188765993
7795292.335790296
4681478.855842898
4278547.360501079
8500065.338606723
7796630.94689557
487044.88061339763
1957914.376381656
7796630.94689557
7794552.123412471
4281336.884260109
2736485.5406423975
7794552.123412471
7788525.724675773
3827652.6145262374
4680782.594607104
7788525.724675773
7787067.394977429
482273.47529711423
1954391.2551257648
7787067.394977429
7792866.389518101
4278547.360501079
2732639.0703529846
7792866.389518101
7796408.696026412
3831205.823453303
4681477.72775701
