7794891.8510091975
7796654.371393086
2414849.803874922
4107737.8045139643
7796654.371393086
7796306.142784814
2300309.1328991745
195538.61009733315
7796306.142784814
7792385.601473925
4702382.7274834085
4041520.4987864443
7792385.601473925
7786830.505479943
2411117.812471842
4104572.576384705
7786830.505479943
7788982.078420487
2296621.0955407266
184850.55281378658
7788982.078420487
7794891.8510091975
4702277.643559847
4038240.4502554275
13422368.419534074
7796660.043170243
195538.61009733315
2414851.3730108636
7796660.043170243
7794998.14459911
4041520.4987864443
2300308.73895418
7794998.14459911
7789145.706096499
4104572.576384705
4702382.431807094
7789145.706096499
7786763.605778747
184850.55281378658
2411117.4243136467
7786763.605778747
7792214.015227418
4038240.4502554275
2296622.379762602
7792214.015227418
7796268.162993805
4107737.8045139643
4702278.149735952
14162509.181826629
7796654.483991288
2414851.3730108636
4107736.633372805
7796654.483991288
7796306.129358621
2300308.73895418
195538.99014662651
7796306.129358621
7792385.339268771
4702382.431807094
4041520.397023826
7792385.339268771
7786830.456171766
2411117.4243136467
4104571.623901071
7786830.456171766
7788982.357298446
2296622.379762602
184851.38722701
7788982.357298446
7794892.107133263
4702278.149735952
4038240.917379738
14423748.855962351
7796660.1050229855
195538.99014662651
2414851.860212457
7796660.1050229855
7794998.222869353
4041520.397023826
2300308.2775166244
7794998.222869353
7789145.541047011
4104571.623901071
4702381.680311053
7789145.541047011
7786763.746300237
184851.38722701
2411117.6358970567
7786763.746300237
7792214.365538352
4038240.917379738
2296620.9471239974
7792214.365538352
7796267.691846541
4107736.633372805
4702278.488524118
14520093.323287668
7796654.023186902
2414851.860212457
4107736.5972300787
7796654.023186902
7796307.7600310845
2300308.2775166244
195538.83471065282
7796307.7600310845
7792383.536450852
4702381.680311053
4041521.300544287
7792383.536450852
7786831.557960418
2411117.6358970567
4104571.3537951824
7786831.557960418
7788981.89397294
2296620.9471239974
184851.97515575637
7788981.89397294
7794892.334612325
4702278.488524118
4038240.6053031157
10115283.935408052
7796660.00073681
195538.83471065282
2414851.61022361
7796660.00073681
7794998.515285152
4041521.300544287
2300309.16713362
7794998.515285152
7789145.563256979
4104571.3537951824
4702382.353935012
7789145.563256979
7786763.65515163
184851.97515575637
2411117.416356841
7786763.65515163
7792214.805323193
4038240.6053031157
2296621.0181433125
7792214.805323193
7796268.214459222
4107736.5972300787
4702278.0178516535
8427145.401610892
7796653.927608966
2414851.61022361
4107737.240135833
7796653.927608966
7796306.15074964
2300309.16713362
195540.65963893864
7796306.15074964
7792385.322722336
4702382.353935012
4041519.5881158137
7792385.322722336
7786831.355564917
2411117.416356841
4104571.920542087
7786831.355564917
7788981.6846026415
2296621.0181433125
184851.38730147862
7788981.6846026415
7794892.1193133425
4702278.0178516535
4038240.3022373496
8627535.52624794
7796660.546134008
195540.65963893864
2414849.803874922
7796660.546134008
7794998.808460934
4041519.5881158137
2300309.1328991745
7794998.808460934
7789146.319305416
4104571.920542087
4702382.7274834085
7789146.319305416
7786763.043191798
184851.38730147862
2411117.812471842
7786763.043191798
7792214.201203504
4038240.3022373496
2296621.0955407266
7792214.201203504
7796267.738533912
4107737.240135833
4702277.643559847
