7791596.782130124
7796097.237059199
4317175.150058785
4671405.749694318
7796097.237059199
7796676.852873653
569466.822600618
2807837.06476003
7796676.852873653
7795353.267451822
3779250.098150814
1877456.8666083792
7795353.267451822
7789750.062258551
4314484.583869845
4672239.4557670625
7789750.062258551
7786576.665957941
565175.4325183575
2803976.7036901694
7786576.665957941
7791596.782130124
3775642.6672300026
1873969.1140922487
13605000.45909029
7796623.598807194
2807837.06476003
4317175.870874167
7796623.598807194
7796425.95130156
1877456.8666083792
569465.3738787317
7796425.95130156
7792974.543818359
4672239.4557670625
3779249.615175251
7792974.543818359
7787129.1849918105
2803976.7036901694
4314484.504593661
7787129.1849918105
7788424.244733665
1873969.1140922487
565175.3580164855
7788424.244733665
7794472.830084586
4671405.749694318
3775642.1071541347
13960195.64179831
7796099.168901338
4317175.870874167
4671405.52948807
7796099.168901338
7796676.395469073
569465.3738787317
2807837.479121413
7796676.395469073
7795352.86717092
3779249.615175251
1877456.9742487443
7795352.86717092
7789750.680996809
4314484.504593661
4672238.873598074
7789750.680996809
7786576.394897038
565175.3580164855
2803978.0885938643
7786576.394897038
7791595.800328637
3775642.1071541347
1873969.4833951155
15394717.741801059
7796624.051001985
2807837.479121413
4317176.373029726
7796624.051001985
7796425.800089558
1877456.9742487443
569465.2935456756
7796425.800089558
7792973.943399484
4672238.873598074
3779249.8496464216
7792973.943399484
7787129.770337882
2803978.0885938643
4314482.289882447
7787129.770337882
7788424.319646555
1873969.4833951155
565175.457930378
7788424.319646555
7794473.054225139
4671405.52948807
3775642.487976592
14123522.246918377
7796099.389524987
4317176.373029726
4671404.435465079
7796099.389524987
7796676.760099385
569465.2935456756
2807837.0416104323
7796676.760099385
7795352.815933175
3779249.8496464216
1877457.0880672445
7795352.815933175
7789748.876757542
4314482.289882447
4672239.498776521
7789748.876757542
7786576.343613664
565175.457930378
2803976.523860678
7786576.343613664
7791595.532688217
3775642.487976592
1873969.1538823918
11454410.984246692
7796623.466646575
2807837.0416104323
4317176.149643139
7796623.466646575
7796425.636841421
1877457.0880672445
569465.9838522513
7796425.636841421
7792974.648620245
4672239.498776521
3779249.1127527133
7792974.648620245
7787129.186140355
2803976.523860678
4314484.636992524
7787129.186140355
7788424.461645948
1873969.1538823918
565175.2018159115
7788424.461645948
7794472.854615779
4671404.435465079
3775643.208232692
8080582.042319202
7796099.604306266
4317176.149643139
4671404.997564625
7796099.604306266
7796676.036585551
569465.9838522513
2807837.3722108067
7796676.036585551
7795352.537100116
3779249.1127527133
1877457.2789595807
7795352.537100116
7789750.2834387245
4314484.636992524
4672238.108275028
7789750.2834387245
7786576.3097505765
565175.2018159115
2803977.849551739
7786576.3097505765
7791595.879596682
3775643.208232692
1873968.0126213802
8905178.771619545
7796624.631399173
2807837.3722108067
4317175.150058785
7796624.631399173
7796425.65517655
1877457.2789595807
569466.822600618
7796425.65517655
7792974.213612982
4672238.108275028
3779250.098150814
7792974.213612982
7787129.700950078
2803977.849551739
4314484.583869845
7787129.700950078
7788424.014142363
1873968.0126213802
565175.4325183575
7788424.014142363
7794473.302299773
4671404.997564625
3775642.6672300026
