7793864.003730477
7796561.019283846
3268489.9476854275
4520873.182495159
7796561.019283846
7796537.269739478
1311919.4499467423
1149050.9112078378
7796537.269739478
7793676.410360985
4564868.118268427
3388858.538727232
7793676.410360985
7787626.265534164
3264613.0529598277
4518925.3247059025
7787626.265534164
7787785.445710764
1308625.259038278
1145749.920560847
7787785.445710764
7793864.003730477
4563151.027737399
3385010.5527366484
13554360.583466755
7796683.867104372
1149050.9112078378
3268487.7513867533
7796683.867104372
7795729.050240976
3388858.538727232
1311920.0589729638
7795729.050240976
7790554.213402882
4518925.3247059025
4564866.928789402
7790554.213402882
7786477.534909381
1145749.920560847
3264613.4290651954
7786477.534909381
7790781.0776450755
3385010.5527366484
1308624.9378612794
7790781.0776450755
7795824.606587069
4520873.182495159
4563148.575362013
14320647.910706623
7796560.78967376
3268487.7513867533
4520872.266852166
7796560.78967376
7796537.086559381
1311920.0589729638
1149051.00718113
7796537.086559381
7793676.168328549
4564866.928789402
3388858.279319065
7793676.168328549
7787626.884530197
3264613.4290651954
4518924.029830414
7787626.884530197
7787786.883977686
1308624.9378612794
1145749.4528217928
7787786.883977686
7793863.072821561
4563148.575362013
3385012.1014557574
15127830.206501037
7796683.60942835
1149051.00718113
3268488.387265224
7796683.60942835
7795729.83618575
3388858.279319065
1311920.073711119
7795729.83618575
7790552.923657602
4518924.029830414
4564868.156963285
7790552.923657602
7786477.534173965
1145749.4528217928
3264614.4278103695
7786477.534173965
7790782.578014747
3385012.1014557574
1308625.363755036
7790782.578014747
7795823.6774541335
4520872.266852166
4563150.118717468
14827077.807128409
7796561.235125493
3268488.387265224
4520871.620994383
7796561.235125493
7796536.900150159
1311920.073711119
1149050.7723930217
7796536.900150159
7793675.216546085
4564868.156963285
3388856.950311136
7793675.216546085
7787627.275813273
3264614.4278103695
4518922.80746561
7787627.275813273
7787786.908923806
1308625.363755036
1145749.5745345736
7787786.908923806
7793862.987657146
4563150.118717468
3385011.596684904
11095121.815507341
7796684.500352642
1149050.7723930217
3268488.0156714856
7796684.500352642
7795729.142159483
3388856.950311136
1311920.7094954567
7795729.142159483
7790553.094389312
4518922.80746561
4564868.011348073
7790553.094389312
7786476.820463258
1145749.5745345736
3264614.2147699893
7786476.820463258
7790783.009497148
3385011.596684904
1308625.1787824407
7790783.009497148
7795823.627638169
4520871.620994383
4563150.570792961
8689396.117389519
7796561.060088402
3268488.0156714856
4520871.892325306
7796561.060088402
7796537.101938514
1311920.7094954567
1149048.7940618536
7796537.101938514
7793676.484034928
4564868.011348073
3388858.4621577254
7793676.484034928
7787626.177142171
3264614.2147699893
4518923.5916769095
7787626.177142171
7787786.89995541
1308625.1787824407
1145751.2695193435
7787786.89995541
7793862.999141829
4563150.570792961
3385011.1793866446
8830128.963902542
7796683.930915376
1149048.7940618536
3268489.9476854275
7796683.930915376
7795729.192236414
3388858.4621577254
1311919.4499467423
7795729.192236414
7790552.824451877
4518923.5916769095
4564868.118268427
7790552.824451877
7786478.029891734
1145751.2695193435
3264613.0529598277
7786478.029891734
7790782.197955001
3385011.1793866446
1308625.259038278
7790782.197955001
7795824.356496928
4520871.892325306
4563151.027737399
