7794726.523346449
7796644.038181732
2579125.4469343442
4198773.811913376
7796644.038181732
7796359.186493009
2129422.0715416837
318866.517312765
7796359.186493009
7792630.432320625
4695784.496101415
3938796.295679184
7792630.432320625
7786943.930013749
2575329.8288738485
4195790.530655434
7786943.930013749
7788746.566468077
2125814.783439723
312141.47319264547
7788746.566468077
7794726.523346449
4695379.515477124
3935367.596325592
13450485.08514725
7796668.133715058
318866.517312765
2579125.075080513
7796668.133715058
7795149.7875787
3938796.295679184
2129422.0449042767
7795149.7875787
7789390.348838005
4195790.530655434
4695783.804999165
7789390.348838005
7786675.9439492375
312141.47319264547
2575329.2556228125
7786675.9439492375
7791962.876943691
3935367.596325592
2125813.8175012674
7791962.876943691
7796204.695546038
4198773.811913376
4695378.518799845
14210667.944616519
7796642.869188543
2579125.075080513
4198773.895037608
7796642.869188543
7796359.152816968
2129422.0449042767
318866.5254689746
7796359.152816968
7792630.567450262
4695783.804999165
3938795.5018669097
7792630.567450262
7786942.895131255
2575329.2556228125
4195790.715087168
7786942.895131255
7788747.821574646
2125813.8175012674
312141.2870539357
7788747.821574646
7794726.458948855
4695378.518799845
3935367.0598420245
14575888.944941554
7796667.815057923
318866.5254689746
2579125.473373466
7796667.815057923
7795149.041792618
3938795.5018669097
2129422.4099790975
7795149.041792618
7789390.904993932
4195790.715087168
4695783.296945536
7789390.904993932
7786675.89139156
312141.2870539357
2575329.674741493
7786675.89139156
7791962.08195551
3935367.0598420245
2125814.6275339806
7791962.08195551
7796204.398734627
4198773.895037608
4695378.937070835
14613876.991081305
7796642.734728966
2579125.473373466
4198773.666104761
7796642.734728966
7796359.980327632
2129422.4099790975
318867.6069491851
7796359.980327632
7792630.335427325
4695783.296945536
3938796.1922577033
7792630.335427325
7786943.490367591
2575329.674741493
4195789.733454923
7786943.490367591
7788747.4222193025
2125814.6275339806
312141.57267521456
7788747.4222193025
7794726.390539585
4695378.937070835
3935367.077393591
10330868.651208088
7796668.173099786
318867.6069491851
2579126.2797232443
7796668.173099786
7795150.651807934
3938796.1922577033
2129421.7398234257
7795150.651807934
7789390.965335375
4195789.733454923
4695784.061432084
7789390.965335375
7786675.136310738
312141.57267521456
2575328.528528217
7786675.136310738
7791962.946899313
3935367.077393591
2125813.952904922
7791962.946899313
7796203.398286021
4198773.666104761
4695379.017384299
8507649.588604227
7796643.4800931765
2579126.2797232443
4198773.768415101
7796643.4800931765
7796359.17654055
2129421.7398234257
318869.2689914238
7796359.17654055
7792630.464488736
4695784.061432084
3938795.9482731177
7792630.464488736
7786943.36092969
2575328.528528217
4195790.111316399
7786943.36092969
7788748.149863985
2125813.952904922
312141.58273124835
7788748.149863985
7794726.494583714
4695379.017384299
3935366.589587438
8670974.930032948
7796669.459647368
318869.2689914238
2579125.4469343442
7796669.459647368
7795148.843762323
3938795.9482731177
2129422.0715416837
7795148.843762323
7789390.6889510965
4195790.111316399
4695784.496101415
7789390.6889510965
7786676.081869723
312141.58273124835
2575329.8288738485
7786676.081869723
7791962.466762589
3935366.589587438
2125814.783439723
7791962.466762589
7796203.715601722
4198773.768415101
4695379.515477124
