7792842.526698923
7796401.575186929
3843067.370137708
4683386.933378911
7796401.575186929
7796632.453501146
468191.5485441529
1976488.1434485775
7796632.453501146
7794571.172809779
4272806.633722233
2719792.323188091
7794571.172809779
7788549.887935356
3839527.770241401
4682720.173575958
7788549.887935356
7787052.746983747
463277.39319170325
1972956.9777383483
7787052.746983747
7792842.526698923
4269994.806553428
2715950.248087939
13609284.296423137
7796673.432752043
1976488.1434485775
3843068.151379104
7796673.432752043
7796139.779711828
2719792.323188091
468191.7217333354
7796139.779711828
7791738.227630076
4682720.173575958
4272806.501644514
7791738.227630076
7786612.5810857015
1972956.9777383483
3839527.382385827
7786612.5810857015
7789607.752044121
2715950.248087939
463278.96694509964
7789607.752044121
7795278.723631158
4683386.933378911
4269994.84295597
14245611.690346353
7796402.562357132
3843068.151379104
4683385.728634671
7796402.562357132
7796631.637170884
468191.7217333354
1976488.1025134898
7796631.637170884
7794571.550234537
4272806.501644514
2719792.338985127
7794571.550234537
7788548.809745441
3839527.382385827
4682719.818074588
7788548.809745441
7787052.184134782
463278.96694509964
1972956.8194854613
7787052.184134782
7792843.370346955
4269994.84295597
2715949.5799305197
15414390.959230697
7796673.19389973
1976488.1025134898
3843068.4586165445
7796673.19389973
7796140.147164669
2719792.338985127
468191.5759699762
7796140.147164669
7791738.070705602
4682719.818074588
4272807.429950243
7791738.070705602
7786612.179528859
1972956.8194854613
3839528.6713318448
7786612.179528859
7789607.951058227
2715949.5799305197
463277.88183123013
7789607.951058227
7795278.277149927
4683385.728634671
4269994.846673099
14682023.586602997
7796402.642918946
3843068.4586165445
4683385.287766111
7796402.642918946
7796630.207421996
468191.5759699762
1976488.2141531827
7796630.207421996
7794572.123091915
4272807.429950243
2719790.5252104662
7794572.123091915
7788550.123400653
3839528.6713318448
4682719.154813731
7788550.123400653
7787051.548404179
463277.88183123013
1972956.6350964408
7787051.548404179
7792843.6525990125
4269994.846673099
2715949.535898207
11481855.662246402
7796674.025107086
1976488.2141531827
3843067.9203519076
7796674.025107086
7796139.324072459
2719790.5252104662
468192.18656291405
7796139.324072459
7791738.333526112
4682719.154813731
4272807.550538906
7791738.333526112
7786612.095660899
1972956.6350964408
3839527.8492326876
7786612.095660899
7789608.829351534
2715949.535898207
463277.1834474813
7789608.829351534
7795278.731806231
4683385.287766111
4269995.024000994
8564623.028616657
7796403.033775892
3843067.9203519076
4683385.568315764
7796403.033775892
7796631.484844474
468192.18656291405
1976488.5080395974
7796631.484844474
7794571.723359857
4272807.550538906
2719790.090654315
7794571.723359857
7788548.831077439
3839527.8492326876
4682719.712891231
7788548.831077439
7787052.127505668
463277.1834474813
1972956.8009372854
7787052.127505668
7792843.464780976
4269995.024000994
2715949.7888464243
8913032.706180703
7796672.916152021
1976488.5080395974
3843067.370137708
7796672.916152021
7796139.828823579
2719790.090654315
468191.5485441529
7796139.828823579
7791738.828969307
4682719.712891231
4272806.633722233
7791738.828969307
7786612.244764038
1972956.8009372854
3839527.770241401
7786612.244764038
7789607.991835088
2715949.7888464243
463277.39319170325
7789607.991835088
7795278.258105217
4683385.568315764
4269994.806553428
