7793130.002500465
7796455.276975036
3701435.1065532253
4655879.708225045
7796455.276975036
7796611.227090657
691243.716275135
1759523.181554001
7796611.227090657
7794348.177353882
4366495.030800497
2909690.427821363
7794348.177353882
7788282.51800625
3697763.0196645325
4654854.183611347
7788282.51800625
7787223.88330542
687400.4624674306
1756093.2300558356
7787223.88330542
7793130.002500465
4363946.769823576
2905809.415211045
13599881.856168857
7796679.597901013
1759523.181554001
3701435.000305153
7796679.597901013
7796044.729558174
2909690.427821363
691244.0104545888
7796044.729558174
7791422.707313412
4654854.183611347
4366494.486105702
7791422.707313412
7786543.574518127
1756093.2300558356
3697761.747342835
7786543.574518127
7789918.074886083
2905809.415211045
687400.9256764525
7789918.074886083
7795441.115613939
4655879.708225045
4363947.068550701
14283801.980802478
7796454.110139515
3701435.000305153
4655879.141973438
7796454.110139515
7796612.772206587
691244.0104545888
1759522.896037117
7796612.772206587
7794347.894404111
4366494.486105702
2909690.959912066
7794347.894404111
7788281.66694281
3697761.747342835
4654854.105818523
7788281.66694281
7787223.108748394
687400.9256764525
1756093.1727648398
7787223.108748394
7793130.270881797
4363947.068550701
2905809.4180296096
15365420.951913593
7796678.948487953
1759522.896037117
3701434.329130989
7796678.948487953
7796044.571216672
2909690.959912066
691243.6415916876
7796044.571216672
7791423.255212617
4654854.105818523
4366494.652122691
7791423.255212617
7786543.467495982
1756093.1727648398
3697760.441007025
7786543.467495982
7789918.282279882
2905809.4180296096
687400.4710572424
7789918.282279882
7795441.97554965
4655879.141973438
4363947.080430421
14755968.805456124
7796454.298738095
3701434.329130989
4655878.9105378445
7796454.298738095
7796611.863134154
691243.6415916876
1759522.8155913288
7796611.863134154
7794349.352482412
4366494.652122691
2909689.108846049
7794349.352482412
7788281.225423246
3697760.441007025
4654853.292075861
7788281.225423246
7787222.579322929
687400.4710572424
1756092.9901331682
7787222.579322929
7793130.701621838
4363947.080430421
2905808.8571197754
11416277.693234237
7796679.941451901
1759522.8155913288
3701434.803305731
7796679.941451901
7796045.22804977
2909689.108846049
691244.1137382744
7796045.22804977
7791421.973706072
4654853.292075861
4366496.324346248
7791421.973706072
7786543.645275875
1756092.9901331682
3697762.3002145616
7786543.645275875
7789918.684070152
2905808.8571197754
687400.879677072
7789918.684070152
7795442.220271048
4655878.9105378445
4363946.935847825
8628122.21955947
7796454.741407525
3701434.803305731
4655878.444682828
7796454.741407525
7796612.351111036
691244.1137382744
1759520.6556023823
7796612.351111036
7794348.188111909
4366496.324346248
2909690.5018911604
7794348.188111909
7788281.446883672
3697762.3002145616
4654853.558228089
7788281.446883672
7787224.000857193
687400.879677072
1756093.0684009888
7787224.000857193
7793130.545271814
4363946.935847825
2905809.647742766
8898990.328044914
7796678.514689125
1759520.6556023823
3701435.1065532253
7796678.514689125
7796044.688694376
2909690.5018911604
691243.716275135
7796044.688694376
7791422.834802519
4654853.558228089
4366495.030800497
7791422.834802519
7786543.812473464
1756093.0684009888
3697763.0196645325
7786543.812473464
7789917.911358357
2905809.647742766
687400.4624674306
7789917.911358357
7795442.295704567
4655878.444682828
4363946.769823576
