7792947.996688807
7796421.296196184
3792677.696892597
4674762.183317434
7796421.296196184
7796626.150398299
548219.0828790815
1898112.898427899
7796626.150398299
7794491.522351121
4308147.419550109
2789665.783663646
7794491.522351121
7788450.22146906
3789085.8379091006
4673963.924421172
7788450.22146906
7787113.4359072745
543820.2739096116
1894619.441239124
7787113.4359072745
7792947.996688807
4305428.863914452
2785806.6861349326
13606333.356893713
7796676.228000228
1898112.898427899
3792677.343857817
7796676.228000228
7796106.413146665
2789665.783663646
548220.143100835
7796106.413146665
7791624.495054483
4673963.924421172
4308147.286094975
7791624.495054483
7786584.550798384
1894619.441239124
3789085.072025378
7786584.550798384
7789719.386754023
2785806.6861349326
543820.6798742923
7789719.386754023
7795339.572715817
4674762.183317434
4305427.941826644
14261004.613381278
7796422.39856584
3792677.343857817
4674760.894182067
7796422.39856584
7796625.293514969
548220.143100835
1898112.7812637263
7796625.293514969
7794491.81087937
4308147.286094975
2789665.433360278
7794491.81087937
7788450.20962283
3789085.072025378
4673963.422363248
7788450.20962283
7787111.982660423
543820.6798742923
1894618.5244974862
7787111.982660423
7792948.711855584
4305427.941826644
2785806.170325471
15399004.23486156
7796675.590224705
1898112.7812637263
3792678.077682312
7796675.590224705
7796106.862451589
2789665.433360278
548220.1083892422
7796106.862451589
7791624.042152998
4673963.422363248
4308147.168996203
7791624.042152998
7786584.572553283
1894618.5244974862
3789087.2337063043
7786584.572553283
7789720.429975796
2785806.170325471
543819.4988084282
7789720.429975796
7795339.35842019
4674760.894182067
4305429.074190286
14711849.66711457
7796422.454246874
3792678.077682312
4674759.888569178
7796422.454246874
7796626.227778165
548220.1083892422
1898112.7099893363
7796626.227778165
7794489.645114977
4308147.168996203
2789666.2778057903
7794489.645114977
7788451.550883189
3789087.2337063043
4673962.171513321
7788451.550883189
7787112.2600965025
543819.4988084282
1894618.9355446359
7787112.2600965025
7792948.782607081
4305429.074190286
2785805.936170004
11461279.962858036
7796675.4716556575
1898112.7099893363
3792677.550401909
7796675.4716556575
7796106.660774213
2789666.2778057903
548220.5922913525
7796106.660774213
7791623.736966809
4673962.171513321
4308148.848539103
7791623.736966809
7786584.349342403
1894618.9355446359
3789085.3633052222
7786584.349342403
7789720.981359873
2785805.936170004
543818.8723687384
7789720.981359873
7795339.186984979
4674759.888569178
4305428.963448815
8590244.940429723
7796422.165664742
3792677.550401909
4674760.2955431845
7796422.165664742
7796624.855498083
548220.5922913525
1898113.596310945
7796624.855498083
7794491.85592751
4308148.848539103
2789664.6188388383
7794491.85592751
7788450.038815927
3789085.3633052222
4673963.117143411
7788450.038815927
7787112.25088177
543818.8723687384
1894618.4040924145
7787112.25088177
7792948.831102046
4305428.963448815
2785804.9096658314
8908642.465930035
7796676.102816575
1898113.596310945
3792677.696892597
7796676.102816575
7796106.373959172
2789664.6188388383
548219.0828790815
7796106.373959172
7791623.906291393
4673963.117143411
4308147.419550109
7791623.906291393
7786584.40829713
1894618.4040924145
3789085.8379091006
7786584.40829713
7789721.0107726175
2785804.9096658314
543820.2739096116
7789721.0107726175
7795339.483353271
4674760.2955431845
4305428.863914452
