7792382.816055219
7796307.264442283
4042604.518674034
4702407.659710784
7796307.264442283
7796653.310197308
194828.3610695498
2302152.5897626886
7796653.310197308
7794892.100237324
4106705.0706595117
2413036.27279076
7794892.100237324
7788985.47397028
4039328.077121282
4702310.074548439
7788985.47397028
7786828.487409007
184099.25416724943
2298467.591709134
7786828.487409007
7792382.816055219
4103536.2005504244
2409299.760476345
13615781.637938159
7796660.212118505
2302152.5897626886
4042603.8131978186
7796660.212118505
7796265.15380032
2413036.27279076
194829.81771211093
7796265.15380032
7792217.640090087
4702310.074548439
4106704.5572773814
7792217.640090087
7786764.389021538
2298467.591709134
4039328.1637742603
7786764.389021538
7789143.603191804
2409299.760476345
184099.89092592505
7789143.603191804
7795000.028821388
4702407.659710784
4103536.01699757
14161435.208903909
7796306.2593080085
4042603.8131978186
4702408.438832464
7796306.2593080085
7796653.863935975
194829.81771211093
2302152.662129387
7796653.863935975
7794892.413355343
4106704.5572773814
2413035.726572003
7794892.413355343
7788985.253478745
4039328.1637742603
4702310.048918643
7788985.253478745
7786829.176295075
184099.89092592505
2298467.0632570595
7786829.176295075
7792384.331077873
4103536.01699757
2409300.0371878953
15448651.549205096
7796660.13318391
2302152.662129387
4042603.808478272
7796660.13318391
7796265.727559357
2413035.726572003
194829.1724481026
7796265.727559357
7792217.879068571
4702310.048918643
4106705.119244114
7792217.879068571
7786763.6645736955
2298467.0632570595
4039329.328042025
7786763.6645736955
7789142.942481618
2409300.0371878953
184099.84871658302
7789142.942481618
7794999.530039212
4702408.438832464
4103536.356335825
14518389.145007398
7796305.814797791
4042603.808478272
4702408.167280223
7796305.814797791
7796653.609550789
194829.1724481026
2302152.115824031
7796653.609550789
7794891.554248442
4106705.119244114
2413035.714509967
7794891.554248442
7788985.08753684
4039329.328042025
4702309.060251769
7788985.08753684
7786828.521380101
184099.84871658302
2298466.2237098734
7786828.521380101
7792385.062139893
4103536.356335825
2409298.4325737953
11527426.491909327
7796659.642068057
2302152.115824031
4042603.9334735028
7796659.642068057
7796265.332875121
2413035.714509967
194827.7523243288
7796265.332875121
7792219.1564547345
4702309.060251769
4106702.9285852257
7792219.1564547345
7786764.026963965
2298466.2237098734
4039328.4800068927
7786764.026963965
7789142.572636712
2409298.4325737953
184099.78429080755
7789142.572636712
7794999.57309656
4702408.167280223
4103536.879683138
8423694.049703145
7796306.236747256
4042603.9334735028
4702408.190935058
7796306.236747256
7796653.950906008
194827.7523243288
2302152.157233429
7796653.950906008
7794892.363979747
4106702.9285852257
2413036.6809241176
7794892.363979747
7788984.8295570975
4039328.4800068927
4702309.1048478335
7788984.8295570975
7786828.579297756
184099.78429080755
2298466.935946379
7786828.579297756
7792384.163526799
4103536.879683138
2409298.6886294708
8922455.28727116
7796661.247612861
2302152.157233429
4042604.518674034
7796661.247612861
7796266.069387374
2413036.6809241176
194828.3610695498
7796266.069387374
7792217.605395702
4702309.1048478335
4106705.0706595117
7792217.605395702
7786764.246919067
2298466.935946379
4039328.077121282
7786764.246919067
7789142.24369744
2409298.6886294708
184099.25416724943
7789142.24369744
7794999.8157864995
4702408.190935058
4103536.2005504244
