7796567.65400239
7796529.487536152
1350940.4620427336
1109708.6381201176
7796529.487536152
7793630.400738766
4574561.7783699175
3417170.7120483643
7793630.400738766
7787589.677159493
3234995.274871525
4507392.521602023
7787589.677159493
7787827.217898351
1347640.2861729506
1106396.4047625235
7787827.217898351
7793905.770585561
4572902.178250434
3413334.424020997
7793905.770585561
7796567.65400239
3238875.5888707014
4509395.138337915
12826603.328699937
7795707.272846897
3417170.7120483643
1350939.4946148936
7795707.272846897
7790497.355465592
4507392.521602023
4574561.078829551
7790497.355465592
7786479.424852821
1106396.4047625235
3234994.742416622
7786479.424852821
7790838.532373022
3413334.424020997
1347639.8905895865
7790838.532373022
7795843.288704662
4509395.138337915
4572900.37086125
7795843.288704662
7796685.023240449
1109708.6381201176
3238874.334684516
12114423.523681702
7796530.942070808
1350939.4946148936
1109708.1248303677
7796530.942070808
7793630.456387126
4574561.078829551
3417170.6164526395
7793630.456387126
7787588.906480914
3234994.742416622
4507392.30130845
7787588.906480914
7787828.344147622
1347639.8905895865
1106396.09241537
7787828.344147622
7793904.953508788
4572900.37086125
3413334.352045333
7793904.953508788
7796566.378149619
3238874.334684516
4509394.526749711
10808315.992030602
7795707.040195332
3417170.6164526395
1350939.72719518
7795707.040195332
7790498.049586041
4507392.30130845
4574560.94620673
7790498.049586041
7786479.07733992
1106396.09241537
3234995.339059804
7786479.07733992
7790839.322217208
3413334.352045333
1347640.4969935648
7790839.322217208
7795842.45568681
4509394.526749711
4572901.446569185
7795842.45568681
7796684.8176937355
1109708.1248303677
3238874.70020473
10160672.442188844
7796531.358144104
1350939.72719518
1109708.4890572052
7796531.358144104
7793630.301368829
4574560.94620673
3417171.4979561768
7793630.301368829
7787589.452210801
3234995.339059804
4507391.258232395
7787589.452210801
7787828.799924796
1347640.4969935648
1106396.0696566452
7787828.799924796
7793904.536803765
4572901.446569185
3413334.0774868424
7793904.536803765
7796566.6663559275
3238874.70020473
4509394.153302335
3339010.1948734326
7795707.747180898
3417171.4979561768
1350939.7933058026
7795707.747180898
7790497.826303362
4507391.258232395
4574561.842580914
7790497.826303362
7786478.880458906
1106396.0696566452
3234995.1746524326
7786478.880458906
7790839.650785735
3413334.0774868424
1347639.9939266166
7790839.650785735
7795842.314623727
4509394.153302335
4572901.351799513
7795842.314623727
7796684.249837548
1109708.4890572052
3238874.450950486
4155294.2807635367
7796530.640229089
1350939.7933058026
1109709.1342485736
7796530.640229089
7793630.590951391
4574561.842580914
3417169.634713584
7793630.590951391
7787588.513207309
3234995.1746524326
4507391.268186027
7787588.513207309
7787828.849640821
1347639.9939266166
1106396.0973535597
7787828.849640821
7793904.613014279
4572901.351799513
3413334.4788174783
7793904.613014279
7796566.79812762
3238874.450950486
4509394.467123621
7671441.629893974
7795707.239729516
3417169.634713584
1350940.4620427336
7795707.239729516
7790498.023965104
4507391.268186027
4574561.7783699175
7790498.023965104
7786479.526924666
1106396.0973535597
3234995.274871525
7786479.526924666
7790838.940755353
3413334.4788174783
1347640.2861729506
7790838.940755353
7795842.798147603
4509394.467123621
4572902.178250434
7795842.798147603
7796684.526998159
1109709.1342485736
3238875.5888707014
