7795133.719285068
7796667.992665455
2151409.1429942567
3952268.797911338
7796667.992665455
7796210.294453828
2558417.769978971
299006.6998523507
7796210.294453828
7791994.89695024
4696706.302481446
4187562.7823389443
7791994.89695024
7786686.384482834
2147793.8464617156
3948860.0175031684
7786686.384482834
7789357.443851625
2554625.763678777
291879.4910488531
7789357.443851625
7795133.719285068
4697071.182842466
4184553.482800517
13375645.659453774
7796644.741409143
299006.6998523507
2151409.575384221
7796644.741409143
7794745.011573966
4187562.7823389443
2558418.13095778
7794745.011573966
7788778.173703815
3948860.0175031684
4696705.245826356
7788778.173703815
7786928.119991708
291879.4910488531
2147792.75612562
7786928.119991708
7792599.643993159
4184553.482800517
2554624.9354465054
7792599.643993159
7796354.700535507
3952268.797911338
4697069.869846676
14071404.107593609
7796667.071117554
2151409.575384221
3952268.7312509012
7796667.071117554
7796210.736790073
2558418.13095778
299006.2299712583
7796210.736790073
7791995.010201728
4696705.245826356
4187563.060921389
7791995.010201728
7786686.016662274
2147792.75612562
3948859.726728369
7786686.016662274
7789358.384962697
2554624.9354465054
291880.065984087
7789358.384962697
7795133.24119619
4697069.869846676
4184553.3626349093
14168086.67485395
7796644.685059859
299006.2299712583
2151409.482039899
7796644.685059859
7794746.112746305
4187563.060921389
2558417.789422693
7794746.112746305
7788777.392301527
3948859.726728369
4696706.045937541
7788777.392301527
7786928.182573819
291880.065984087
2147793.74172587
7786928.182573819
7792599.658519717
4184553.3626349093
2554625.9714983273
7792599.658519717
7796355.058528645
3952268.7312509012
4697070.506082008
14341889.35357719
7796666.235937239
2151409.482039899
3952268.1152522014
7796666.235937239
7796211.239896528
2558417.789422693
299006.8334645548
7796211.239896528
7791995.161863295
4696706.045937541
4187563.449180677
7791995.161863295
7786686.201479395
2147793.74172587
3948860.0619932394
7786686.201479395
7789358.559153487
2554625.9714983273
291880.5007249596
7789358.559153487
7795133.323777206
4697070.506082008
4184553.2155139334
9747581.277131863
7796644.245537782
299006.8334645548
2151409.5447668866
7796644.245537782
7794745.195272587
4187563.449180677
2558416.65340283
7794745.195272587
7788778.1860716995
3948860.0619932394
4696705.192397761
7788778.1860716995
7786928.954831737
291880.5007249596
2147793.789767334
7786928.954831737
7792599.501256121
4184553.2155139334
2554625.156469921
7792599.501256121
7796354.225721842
3952268.1152522014
4697070.307538326
8273422.210140774
7796667.72638661
2151409.5447668866
3952269.611847737
7796667.72638661
7796210.359277664
2558416.65340283
299006.16692992306
7796210.359277664
7791995.064450456
4696705.192397761
4187562.1366747003
7791995.064450456
7786686.197111745
2147793.789767334
3948859.3551616864
7786686.197111745
7789358.510159193
2554625.156469921
291880.36464454274
7789358.510159193
7795133.042293658
4697070.307538326
4184553.407840181
8555029.158755967
7796645.034489681
299006.16692992306
2151409.1429942567
7796645.034489681
7794745.557703837
4187562.1366747003
2558417.769978971
7794745.557703837
7788777.82568772
3948859.3551616864
4696706.302481446
7788777.82568772
7786928.604763761
291880.36464454274
2147793.8464617156
7786928.604763761
7792598.72584407
4184553.407840181
2554625.763678777
7792598.72584407
7796354.969134053
3952269.611847737
4697071.182842466
