7790931.640898497
7795877.989413214
4489645.794983097
4588275.502788745
7795877.989413214
7796683.710515153
1044500.544750763
3189322.720480371
7796683.710515153
7795668.120526443
3463459.7305897516
1415342.490816506
7795668.120526443
7790407.709541255
4487552.609404948
4589839.274850707
7790407.709541255
7786481.544260381
1041161.4307343867
3185437.1987464395
7786481.544260381
7790931.640898497
3459640.9268189142
1412030.8849222942
13576587.66259087
7796574.775129915
3189322.720480371
4489643.862610724
7796574.775129915
7796519.651989738
1415342.490816506
1044501.1902733389
7796519.651989738
7793554.476405511
4589839.274850707
3463459.5917805173
7793554.476405511
7787527.893687304
3185437.1987464395
4487552.522828619
7787527.893687304
7787893.61162035
1412030.8849222942
1041162.0711859957
7787893.61162035
7793980.242156972
4588275.502788745
3459639.187192155
13742897.904813055
7795878.170209096
4489643.862610724
4588274.465353792
7795878.170209096
7796683.630825613
1044501.1902733389
3189322.0312379063
7796683.630825613
7795668.392578724
3463459.5917805173
1415342.6076750816
7795668.392578724
7790407.592638606
4487552.522828619
4589838.638826554
7790407.592638606
7786482.519003392
1041162.0711859957
3185436.409614466
7786482.519003392
7790930.642740732
3459639.187192155
1412031.342176643
15249178.335226538
7796574.412203413
3189322.0312379063
4489644.67697864
7796574.412203413
7796519.084245539
1415342.6076750816
1044501.6250099255
7796519.084245539
7793555.414867145
4589838.638826554
3463459.583399397
7793555.414867145
7787527.6735342005
3185436.409614466
4487552.454669566
7787527.6735342005
7787894.491982657
1412031.342176643
1041162.5998758852
7787894.491982657
7793979.075148882
4588274.465353792
3459641.1827563266
13690970.433953702
7795878.410887492
4489644.67697864
4588273.498518513
7795878.410887492
7796683.681751915
1044501.6250099255
3189321.960739481
7796683.681751915
7795668.832577168
3463459.583399397
1415342.3992858361
7795668.832577168
7790406.730084893
4487552.454669566
4589837.788078589
7790406.730084893
7786482.687736914
1041162.5998758852
3185436.419700996
7786482.687736914
7790930.861426795
3459641.1827563266
1412029.758235142
11257524.654136905
7796575.091590527
3189321.960739481
4489644.185029672
7796575.091590527
7796519.504826849
1415342.3992858361
1044500.678905057
7796519.504826849
7793553.171416833
4589837.788078589
3463459.3118774844
7793553.171416833
7787528.682778546
3185436.419700996
4487552.615393839
7787528.682778546
7787894.157004895
1412029.758235142
1041161.8169184921
7787894.157004895
7793979.228685477
4588273.498518513
3459641.4776845374
7698964.691049104
7795877.919828349
4489644.185029672
4588273.672768632
7795877.919828349
7796684.140424621
1044500.678905057
3189321.540064448
7796684.140424621
7795667.535197837
3463459.3118774844
1415342.6877280904
7795667.535197837
7790407.814855519
4487552.615393839
4589837.855870252
7790407.814855519
7786482.197849764
1041161.8169184921
3185436.204800458
7786482.197849764
7790930.731292993
3459641.4776845374
1412029.89528564
8861047.410889965
7796574.071790695
3189321.540064448
4489645.794983097
7796574.071790695
7796519.818352352
1415342.6877280904
1044500.544750763
7796519.818352352
7793554.585376428
4589837.855870252
3463459.7305897516
7793554.585376428
7787527.799152306
3185436.204800458
4487552.609404948
7787527.799152306
7787894.250147133
1412029.89528564
1041161.4307343867
7787894.250147133
7793979.739097272
4588273.672768632
3459640.9268189142
