7795844.823931068
7796684.525824987
1108693.038803791
3238105.7322931704
7796684.525824987
7795706.791062127
3417899.891489244
1351947.1582098494
7795706.791062127
7790496.904885725
4507091.113924808
4574806.304013394
7790496.904885725
7786479.529972507
1105377.9591940064
3234225.584116167
7786479.529972507
7790838.01904473
3414063.8203946645
1348647.2268406127
7790838.01904473
7795844.823931068
4509095.112662556
4573147.686564023
13182385.94052483
7796530.544909939
1351947.1582098494
1108690.6121195892
7796530.544909939
7793628.684399567
4574806.304013394
3417899.724457866
7793628.684399567
7787587.928175916
3234225.584116167
4507089.939658245
7787587.928175916
7787829.867728106
1348647.2268406127
1105377.7161695396
7787829.867728106
7793904.623132756
4573147.686564023
3414063.2913507116
7793904.623132756
7796569.030220595
3238105.7322931704
4509093.386629545
13581166.552924702
7796684.140136673
1108690.6121195892
3238105.3820892437
7796684.140136673
7795706.209916731
3417899.724457866
1351947.274171616
7795706.209916731
7790497.109170887
4507089.939658245
4574806.656411606
7790497.109170887
7786479.882725407
1105377.7161695396
3234226.1012748377
7786479.882725407
7790839.223572643
3414063.2913507116
1348648.037312813
7790839.223572643
7795844.394464147
4509093.386629545
4573148.422093852
13068490.571196862
7796531.187907479
1351947.274171616
1108690.7761762857
7796531.187907479
7793627.988552924
4574806.656411606
3417899.5343979173
7793627.988552924
7787588.109071194
3234226.1012748377
4507090.672570757
7787588.109071194
7787829.477116296
1348648.037312813
1105378.0374722062
7787829.477116296
7793906.168689586
4573148.422093852
3414063.1722570597
7793906.168689586
7796567.393375329
3238105.3820892437
4509093.635827446
13363612.947973182
7796684.945060301
1108690.7761762857
3238104.9862359697
7796684.945060301
7795704.80974178
3417899.5343979173
1351947.53509465
7795704.80974178
7790498.053597506
4507090.672570757
4574804.989861617
7790498.053597506
7786479.290716744
1105378.0374722062
3234225.314846398
7786479.290716744
7790838.848282104
3414063.1722570597
1348647.7632240157
7790838.848282104
7795844.6494831145
4509093.635827446
4573148.003930966
8067642.009287263
7796530.409065605
1351947.53509465
1108690.7261439052
7796530.409065605
7793628.606910746
4574804.989861617
3417900.9785780944
7793628.606910746
7787587.779833131
3234225.314846398
4507089.852945751
7787587.779833131
7787830.048544532
1348647.7632240157
1105378.7475686783
7787830.048544532
7793906.001055203
4573148.003930966
3414062.5919079576
7793906.001055203
7796567.902674993
3238104.9862359697
4509093.977050226
7410348.603025434
7796683.17919215
1108690.7261439052
3238104.4614373543
7796683.17919215
7795707.169407908
3417900.9785780944
1351946.9067187593
7795707.169407908
7790496.825751186
4507089.852945751
4574805.993446182
7790496.825751186
7786479.198514286
1105378.7475686783
3234224.2657814627
7786479.198514286
7790838.837750777
3414062.5919079576
1348648.0815683303
7790838.837750777
7795844.877834069
4509093.977050226
4573147.540336784
8250860.724251132
7796530.095069651
1351946.9067187593
1108693.038803791
7796530.095069651
7793628.523369062
4574805.993446182
3417899.891489244
7793628.523369062
7787588.214685387
3234224.2657814627
4507091.113924808
7787588.214685387
7787829.676636082
1348648.0815683303
1105377.9591940064
7787829.676636082
7793906.2865143
4573147.540336784
3414063.8203946645
7793906.2865143
7796568.333825498
3238104.4614373543
4509095.112662556
