7796365.899440293
7796641.392874252
333158.73714618944
2113991.7623826615
7796641.392874252
7794708.811671736
4206556.566724676
2593584.2725913594
7794708.811671736
7788728.200464191
3925858.8505357252
4694374.021987064
7788728.200464191
7786954.235016944
326683.49361949327
2110393.178433864
7786954.235016944
7792651.931347998
4203588.275546211
2589780.8234849963
7792651.931347998
7796365.899440293
3929296.998123408
4694805.1165801
12952207.381247878
7796196.01813579
2593584.2725913594
333158.9963824283
7796196.01813579
7791938.983902263
4694374.021987064
4206555.955671902
7791938.983902263
7786668.616667204
2110393.178433864
3925857.409918684
7786668.616667204
7789412.905828318
2589780.8234849963
326684.3715533198
7789412.905828318
7795163.21407425
4694805.1165801
4203587.275396947
7795163.21407425
7796670.531485085
2113991.7623826615
3929296.500331549
12763851.061856488
7796642.194246837
333158.9963824283
2113991.2156556863
7796642.194246837
7794709.150239507
4206555.955671902
2593584.6238647318
7794709.150239507
7788727.4835761385
3925857.409918684
4694373.707776729
7788727.4835761385
7786953.987396667
326684.3715533198
2110393.9228296117
7786953.987396667
7792651.780778129
4203587.275396947
2589780.516246454
7792651.780778129
7796365.378770198
3929296.500331549
4694804.267959475
11649044.096988304
7796196.088218307
2593584.6238647318
333159.12982049584
7796196.088218307
7791938.959632256
4694373.707776729
4206556.381098336
7791938.959632256
7786669.386653348
2110393.9228296117
3925858.3642337536
7786669.386653348
7789413.09769717
2589780.516246454
326683.85961236956
7789413.09769717
7795162.985570604
4694804.267959475
4203588.068386067
7795162.985570604
7796670.2232975215
2113991.2156556863
3929296.5995561113
11642115.004361939
7796641.196511689
333159.12982049584
2113991.4708838263
7796641.196511689
7794709.105253867
4206556.381098336
2593583.0764669464
7794709.105253867
7788728.695984107
3925858.3642337536
4694373.087284076
7788728.695984107
7786954.370466269
326683.85961236956
2110393.258560597
7786954.370466269
7792652.3337229835
4203588.068386067
2589779.778443701
7792652.3337229835
7796364.869877187
3929296.5995561113
4694803.201841323
5479108.61220127
7796195.299106163
2593583.0764669464
333159.86013338063
7796195.299106163
7791938.931552556
4694373.087284076
4206555.843037768
7791938.931552556
7786669.414977696
2110393.258560597
3925857.6803278597
7786669.414977696
7789413.213367585
2589779.778443701
326684.3645224508
7789413.213367585
7795163.110043966
4694803.201841323
4203588.347911981
7795163.110043966
7796670.520769639
2113991.4708838263
3929296.571923036
5779816.131984848
7796642.0668037655
333159.86013338063
2113991.202516145
7796642.0668037655
7794709.358880473
4206555.843037768
2593583.8066085256
7794709.358880473
7788727.992620604
3925857.6803278597
4694373.236919741
7788727.992620604
7786954.364644484
326684.3645224508
2110392.181251971
7786954.364644484
7792651.94678391
4203588.347911981
2589780.722305969
7792651.94678391
7796365.099586972
3929296.571923036
4694803.11682192
7879090.959157413
7796196.181067296
2593583.8066085256
333158.73714618944
7796196.181067296
7791939.526515115
4694373.236919741
4206556.566724676
7791939.526515115
7786668.819733063
2110392.181251971
3925858.8505357252
7786668.819733063
7789413.238201438
2589780.722305969
326683.49361949327
7789413.238201438
7795162.940416702
4694803.11682192
4203588.275546211
7795162.940416702
7796669.43301179
2113991.202516145
3929296.998123408
