7796583.844432558
7796507.110339082
1493843.7389532481
964583.0682987306
7796507.110339082
7793460.657901753
4607236.194741551
3519136.009784273
7793460.657901753
7787454.99384254
3123881.1276197806
4461995.779698916
7787454.99384254
7787980.5421381565
1490511.2486435862
961190.8067609092
7787980.5421381565
7794063.910407801
4605791.134337292
3515343.9438123307
7794063.910407801
7796583.844432558
3127771.25134202
4464195.186132915
12814859.786495952
7795619.442379184
3519136.009784273
1493842.8748667603
7795619.442379184
7790295.437115405
4461995.779698916
4607235.553853396
7790295.437115405
7786492.661599585
961190.8067609092
3123880.8086629603
7786492.661599585
7791042.153251932
3515343.9438123307
1490511.6730628214
7791042.153251932
7795917.0981195485
4464195.186132915
4605790.825249167
7795917.0981195485
7796683.944308894
964583.0682987306
3127771.6016432126
12032007.718715463
7796506.309563937
1493842.8748667603
964582.8104609849
7796506.309563937
7793460.205924287
4607235.553853396
3519135.8665835317
7793460.205924287
7787455.367951656
3123880.8086629603
4461994.794306165
7787455.367951656
7787980.408778087
1490511.6730628214
961190.9238994711
7787980.408778087
7794063.085262762
4605790.825249167
3515342.894402387
7794063.085262762
7796584.37870856
3127771.6016432126
4464193.825669327
10726791.807157027
7795619.380487392
3519135.8665835317
1493842.956994706
7795619.380487392
7790295.13996141
4461994.794306165
4607235.642054117
7790295.13996141
7786491.974913576
961190.9238994711
3123882.3442226453
7786491.974913576
7791042.5604839865
3515342.894402387
1490511.374726127
7791042.5604839865
7795916.641446611
4464193.825669327
4605790.747006686
7795916.641446611
7796683.847182104
964582.8104609849
3127771.977243221
9962976.45443748
7796507.6111688325
1493842.956994706
964583.006749808
7796507.6111688325
7793458.944910157
4607235.642054117
3519136.7022528895
7793458.944910157
7787455.514886855
3123882.3442226453
4461992.728777728
7787455.514886855
7787980.884338467
1490511.374726127
961190.4136966778
7787980.884338467
7794063.127485217
4605790.747006686
3515342.90703588
7794063.127485217
7796584.867166263
3127771.977243221
4464192.721186703
3064988.000326495
7795619.935302893
3519136.7022528895
1493841.8235457004
7795619.935302893
7790295.367804094
4461992.728777728
4607236.333079344
7790295.367804094
7786492.04995056
961190.4136966778
3123881.3149400493
7786492.04995056
7791042.052486826
3515342.90703588
1490512.027946699
7791042.052486826
7795916.839946084
4464192.721186703
4605790.411020947
7795916.839946084
7796683.765045087
964583.006749808
3127771.4734883327
3908760.0061624325
7796506.113123716
1493841.8235457004
964581.0718884163
7796506.113123716
7793460.31156414
4607236.333079344
3519135.222424973
7793460.31156414
7787455.608914898
3123881.3149400493
4461994.559175008
7787455.608914898
7787980.699847516
1490512.027946699
961191.0529571826
7787980.699847516
7794062.64623043
4605790.411020947
3515344.219568992
7794062.64623043
7796584.991639937
3127771.4734883327
4464193.197899334
7651842.408375922
7795619.570247612
3519135.222424973
1493843.7389532481
7795619.570247612
7790295.50477187
4461994.559175008
4607236.194741551
7790295.50477187
7786492.838788326
961191.0529571826
3123881.1276197806
7786492.838788326
7791042.182411414
3515344.219568992
1490511.2486435862
7791042.182411414
7795917.184594402
4464193.197899334
4605791.134337292
7795917.184594402
7796682.824713965
964581.0718884163
3127771.25134202
