7795729.8873582175
7796684.137906695
1314947.7848374103
3391062.000370063
7796684.137906695
7795823.516736322
3266202.6942762383
1146003.9690949551
7795823.516736322
7790785.863997627
4563920.30934949
4519996.389594044
7790785.863997627
7786477.641578657
1311655.0510295427
3387218.5592186106
7786477.641578657
7790549.200924637
3262325.342466934
1142698.6217082515
7790549.200924637
7795729.8873582175
4565631.067338953
4518041.340647803
13220775.87138159
7796561.33148186
1146003.9690949551
1314946.807511275
7796561.33148186
7793863.566735145
4519996.389594044
3266202.0587956635
7793863.566735145
7787791.309635351
3387218.5592186106
4563919.316506866
7787791.309635351
7787624.55453426
1142698.6217082515
1311654.369343278
7787624.55453426
7793670.7850331785
4518041.340647803
3262325.600484094
7793670.7850331785
7796538.722757874
3391062.000370063
4565630.394910387
13691700.310440619
7796684.3192959875
1314946.807511275
3391061.831500328
7796684.3192959875
7795823.152190224
3266202.0587956635
1146004.1249531729
7795823.152190224
7790787.027396895
4563919.316506866
4519995.646437996
7790787.027396895
7786477.614503505
1311654.369343278
3387218.2477391846
7786477.614503505
7790548.862918561
3262325.600484094
1142699.730444666
7790548.862918561
7795729.955830424
4565630.394910387
4518041.659683761
13292806.373412397
7796561.00380615
1146004.1249531729
1314946.5545872482
7796561.00380615
7793863.252030612
4519995.646437996
3266202.0646802746
7793863.252030612
7787790.816242467
3387218.2477391846
4563918.177087763
7787790.816242467
7787623.987977297
1142699.730444666
1311654.836346789
7787623.987977297
7793671.940743276
4518041.659683761
3262324.9098910945
7793671.940743276
7796537.999524585
3391061.831500328
4565630.588480117
13587239.83454666
7796683.456160144
1314946.5545872482
3391061.3814099287
7796683.456160144
7795824.548089587
3266202.0646802746
1146004.1826990095
7795824.548089587
7790785.436585543
4563918.177087763
4519995.260238689
7790785.436585543
7786477.793881994
1311654.836346789
3387217.77612601
7786477.793881994
7790548.942794132
3262324.9098910945
1142698.7987711919
7790548.942794132
7795729.837222351
4565630.588480117
4518040.890576315
8425940.001840007
7796562.6930219345
1146004.1826990095
1314947.150343836
7796562.6930219345
7793863.168045833
4519995.260238689
3266204.072897309
7793863.168045833
7787790.320828457
3387217.77612601
4563919.866477774
7787790.320828457
7787624.758578337
1142698.7987711919
1311654.1674466648
7787624.758578337
7793672.350701854
4518040.890576315
3262326.0611549946
7793672.350701854
7796537.395271313
3391061.3814099287
4565630.929304343
7610772.334582608
7796683.86068351
1314947.150343836
3391061.1623999244
7796683.86068351
7795823.184658947
3266204.072897309
1146004.1382460392
7795823.184658947
7790786.875207252
4563919.866477774
4519994.990197849
7790786.875207252
7786477.998722635
1311654.1674466648
3387217.9577884
7786477.998722635
7790549.231495817
3262326.0611549946
1142698.3722382053
7790549.231495817
7795729.952762715
4565630.929304343
4518041.244284338
8311838.193771661
7796560.477015294
1146004.1382460392
1314947.7848374103
7796560.477015294
7793864.078303264
4519994.990197849
3266202.6942762383
7793864.078303264
7787790.676022152
3387217.9577884
4563920.30934949
7787790.676022152
7787624.546319709
1142698.3722382053
1311655.0510295427
7787624.546319709
7793672.371102795
4518041.244284338
3262325.342466934
7793672.371102795
7796538.116754545
3391061.1623999244
4565631.067338953
