7795653.801623147
7796684.159136179
1437758.897348611
3479441.4789563613
7796684.159136179
7795888.9650119385
3171877.139291015
1021728.6618139194
7795888.9650119385
7790961.337500976
4593415.344476088
4482532.923535751
7790961.337500976
7786486.010294902
1434444.4570746066
3475632.9127911455
7786486.010294902
7790376.532759412
3167987.3158622435
1018373.9081768113
7790376.532759412
7795653.801623147
4594944.59435387
4480409.438994977
13243709.935466368
7796577.114748709
1021728.6618139194
1437758.2418266803
7796577.114748709
7794000.56973284
4482532.923535751
3171876.3925998225
7794000.56973284
7787919.503546677
3475632.9127911455
4593415.252003336
7787919.503546677
7787506.713869184
1018373.9081768113
1434444.2209813136
7787506.713869184
7793528.028978015
4480409.438994977
3167986.369269677
7793528.028978015
7796517.846366794
3479441.4789563613
4594943.782888106
13754692.767078055
7796683.218885885
1437758.2418266803
3479441.663592275
7796683.218885885
7795888.658786221
3171876.3925998225
1021728.801832004
7795888.658786221
7790960.937368141
4593415.252003336
4482531.972487278
7790960.937368141
7786485.869303443
1434444.2209813136
3475634.1270928355
7786485.869303443
7790375.355482468
3167986.369269677
1018373.6025995997
7790375.355482468
7795655.964175654
4594943.782888106
4480408.009362758
13425345.099732889
7796576.740359012
1021728.801832004
1437758.2901073375
7796576.740359012
7793999.885797295
4482531.972487278
3171877.030488414
7793999.885797295
7787919.413961095
3475634.1270928355
4593413.349259837
7787919.413961095
7787508.365006383
1018373.6025995997
1434444.419313744
7787508.365006383
7793527.586570498
4480408.009362758
3167986.8959799884
7793527.586570498
7796518.435444954
3479441.663592275
4594944.374509422
13713851.922784828
7796684.449324467
1437758.2901073375
3479441.24421563
7796684.449324467
7795888.685417327
3171877.030488414
1021729.2914808391
7795888.685417327
7790960.39637422
4593413.349259837
4482532.273100419
7790960.39637422
7786485.533479303
1434444.419313744
3475632.9090350964
7786485.533479303
7790375.698777955
3167986.8959799884
1018374.1730512247
7790375.698777955
7795655.581412821
4594944.374509422
4480407.56820588
8633386.940637646
7796577.429501029
1021729.2914808391
1437759.3494630586
7796577.429501029
7793999.85514793
4482532.273100419
3171876.720036563
7793999.85514793
7787919.870396548
3475632.9090350964
4593415.235041321
7787919.870396548
7787508.026252483
1018374.1730512247
1434445.4472633807
7787508.026252483
7793528.24217077
4480407.56820588
3167986.8103978364
7793528.24217077
7796518.1166346
3479441.24421563
4594944.266180127
7723366.502214291
7796683.146513716
1437759.3494630586
3479438.597514565
7796683.146513716
7795888.400041403
3171876.720036563
1021728.6368459245
7795888.400041403
7790961.013360129
4593415.235041321
4482531.53475291
7790961.013360129
7786486.421297402
1434445.4472633807
3475632.4466697425
7786486.421297402
7790375.168911801
3167986.8103978364
1018373.702958208
7790375.168911801
7795656.034804856
4594944.266180127
4480407.077059551
8348131.959199102
7796577.282528001
1021728.6368459245
1437758.897348611
7796577.282528001
7794000.202659896
4482531.53475291
3171877.139291015
7794000.202659896
7787918.9773995215
3475632.4466697425
4593415.344476088
7787918.9773995215
7787507.987245029
1018373.702958208
1434444.4570746066
7787507.987245029
7793528.219379783
4480407.077059551
3167987.3158622435
7793528.219379783
7796517.106684797
3479438.597514565
4594944.59435387
