7793505.801133312
7796514.867702111
3493206.6845186055
4599271.052520711
7796514.867702111
7796578.359672981
1002005.0386071388
1457142.1216628947
7796578.359672981
7794022.523444108
4476283.203453581
3156707.6381631237
7794022.523444108
7787940.054530029
3489405.9100469872
4597770.91099662
7787940.054530029
7787488.317027113
998637.6636769965
1453824.1649167463
7787488.317027113
7793505.801133312
4474132.437530508
3152816.269369538
13580658.998555405
7796682.597538321
1457142.1216628947
3493207.4126486424
7796682.597538321
7795898.305323071
3156707.6381631237
1002004.839479487
7795898.305323071
7790988.29700268
4597770.91099662
4476282.507128229
7790988.29700268
7786488.223455032
1453824.1649167463
3489405.576585717
7786488.223455032
7790347.00836785
3152816.269369538
998636.8040614008
7790347.00836785
7795646.67401943
4599271.052520711
4474131.241351828
14314655.267624307
7796513.509229595
3493207.4126486424
4599269.926228076
7796513.509229595
7796579.349384232
1002004.839479487
1457141.819064766
7796579.349384232
7794022.966239302
4476282.507128229
3156707.0613349206
7794022.966239302
7787939.790493472
3489405.576585717
4597770.108752149
7787939.790493472
7787487.878328286
998636.8040614008
1453822.8338117858
7787487.878328286
7793506.223846308
4474131.241351828
3152814.91182602
15265316.782521231
7796683.325275861
1457141.819064766
3493207.961216237
7796683.325275861
7795898.267723274
3156707.0613349206
1002005.1215492239
7795898.267723274
7790988.752367461
4597770.108752149
4476283.243746472
7790988.752367461
7786487.257109464
1453822.8338117858
3489406.367341411
7786487.257109464
7790347.91042555
3152814.91182602
998637.6780370909
7790347.91042555
7795645.340917272
4599269.926228076
4474131.490749874
14815560.85831811
7796513.628550759
3493207.961216237
4599269.404164444
7796513.628550759
7796578.765493592
1002005.1215492239
1457141.771474725
7796578.765493592
7794022.622833401
4476283.243746472
3156705.4586857
7794022.622833401
7787940.561605673
3489406.367341411
4597769.139643032
7787940.561605673
7787488.529249292
998637.6780370909
1453823.662232986
7787488.529249292
7793506.4343095925
4474131.490749874
3152815.541861185
11281524.752818897
7796683.775964843
1457141.771474725
3493207.9414233454
7796683.775964843
7795897.885353951
3156705.4586857
1002005.9619892801
7795897.885353951
7790988.742886909
4597769.139643032
4476283.018528328
7790988.742886909
7786487.8729889635
1453823.662232986
3489405.295708812
7786487.8729889635
7790347.521147769
3152815.541861185
998638.6536631067
7790347.521147769
7795644.774742196
4599269.404164444
4474132.162622358
8679298.102010483
7796513.478927458
3493207.9414233454
4599268.78833307
7796513.478927458
7796579.724358339
1002005.9619892801
1457143.5865157237
7796579.724358339
7794022.584625184
4476283.018528328
3156707.9504979067
7794022.584625184
7787939.637650615
3489405.295708812
4597769.8637296185
7787939.637650615
7787488.64007672
998638.6536631067
1453824.6665575877
7787488.64007672
7793506.445992655
4474132.162622358
3152815.1255376716
8870014.659006372
7796684.111239658
1457143.5865157237
3493206.6845186055
7796684.111239658
7795897.481426191
3156707.9504979067
1002005.0386071388
7795897.481426191
7790988.529803081
4597769.8637296185
4476283.203453581
7790988.529803081
7786488.024198367
1453824.6665575877
3489405.9100469872
7786488.024198367
7790348.230448471
3152815.1255376716
998637.6636769965
7790348.230448471
7795643.502849869
4599268.78833307
4474132.437530508
