7793156.124553229
7796458.800688584
3688087.4346234873
4652788.83932677
7796458.800688584
7796610.817085256
711855.2090852223
1739583.4292762
7796610.817085256
7794327.087206072
4374463.558988605
2926597.836114063
7794327.087206072
7788258.8553715125
3684404.678326206
4651731.665552243
7788258.8553715125
7787238.793206311
708067.4553410766
1736163.0684933695
7787238.793206311
7793156.124553229
4371941.721271418
2922713.0840509464
13598828.47407029
7796680.275418569
1739583.4292762
3688086.587875892
7796680.275418569
7796035.631949858
2926597.836114063
711855.0917079701
7796035.631949858
7791393.683131929
4651731.665552243
4374463.526072583
7791393.683131929
7786538.64035359
1736163.0684933695
3684403.545205587
7786538.64035359
7789947.140056236
2922713.0840509464
708066.5258536579
7789947.140056236
7795455.745653163
4652788.83932677
4371940.913489416
14286625.806184197
7796458.6415084945
3688086.587875892
4652789.090891409
7796458.6415084945
7796610.688877679
711855.0917079701
1739583.1848679658
7796610.688877679
7794327.259824288
4374463.526072583
2926597.3077061162
7794327.259824288
7788258.5860076295
3684403.545205587
4651732.198466462
7788258.5860076295
7787239.834621601
708066.5258536579
1736160.9551732866
7787239.834621601
7793156.0075810505
4371940.913489416
2922712.8261171537
15359936.037269408
7796679.169927933
1739583.1848679658
3688086.893380759
7796679.169927933
7796035.145712651
2926597.3077061162
711855.0038450158
7796035.145712651
7791395.449895493
4651732.198466462
4374463.137841295
7791395.449895493
7786537.856480692
1736160.9551732866
3684404.35729259
7786537.856480692
7789947.113427215
2922712.8261171537
708067.7940380801
7789947.113427215
7795456.580864802
4652789.090891409
4371941.246864015
14761428.285074938
7796459.287850087
3688086.893380759
4652788.329178117
7796459.287850087
7796610.499679208
711855.0038450158
1739582.9674997001
7796610.499679208
7794327.333316834
4374463.137841295
2926597.909668099
7794327.333316834
7788258.599799413
3684404.35729259
4651731.095830478
7788258.599799413
7787238.994565915
708067.7940380801
1736162.5973014024
7787238.994565915
7793156.704140865
4371941.246864015
2922712.2869299683
11408916.657331789
7796678.234576769
1739582.9674997001
3688086.1825094833
7796678.234576769
7796036.900853036
2926597.909668099
711853.0348706554
7796036.900853036
7791393.874370746
4651731.095830478
4374463.393825254
7791393.874370746
7786537.862008138
1736162.5973014024
3684403.304510106
7786537.862008138
7789946.240027938
2922712.2869299683
708066.5539819509
7789946.240027938
7795456.536826728
4652788.329178117
4371940.77615371
8632808.716123855
7796459.144790433
3688086.1825094833
4652788.724400924
7796459.144790433
7796610.1350242365
711853.0348706554
1739582.1456360756
7796610.1350242365
7794326.614604106
4374463.393825254
2926596.7207108284
7794326.614604106
7788258.267995798
3684403.304510106
4651731.107344077
7788258.267995798
7787240.046680824
708066.5539819509
1736160.8222222675
7787240.046680824
7793155.771432885
4371940.77615371
2922712.9849540265
8897409.137715457
7796678.574226157
1739582.1456360756
3688087.4346234873
7796678.574226157
7796035.981434323
2926596.7207108284
711855.2090852223
7796035.981434323
7791393.984688246
4651731.107344077
4374463.558988605
7791393.984688246
7786538.011974936
1736160.8222222675
3684404.678326206
7786538.011974936
7789946.733075157
2922712.9849540265
708067.4553410766
7789946.733075157
7795456.421630229
4652788.724400924
4371941.721271418
