7794240.406528456
7796603.034217706
2995243.350086673
4406157.21111344
7796603.034217706
7796475.440327142
1657520.3778984419
796584.3461467412
7796475.440327142
7793258.944622907
4639103.139298523
3632576.535102603
7793258.944622907
7787310.911044293
2991353.790749814
4403741.834123166
7787310.911044293
7788162.143237738
1654131.9020841983
792982.8146251027
7788162.143237738
7794240.406528456
4637912.824050774
3628852.2378437417
13516586.59686428
7796679.827856407
796584.3461467412
2995240.721303874
7796679.827856407
7795510.507707217
3632576.535102603
1657520.8630673306
7795510.507707217
7790064.13435828
4403741.834123166
4639102.487342891
7790064.13435828
7786518.766429777
792982.8146251027
2991353.0710579995
7786518.766429777
7791274.929158999
3628852.2378437417
1654130.8033049318
7791274.929158999
7796001.99507802
4406157.21111344
4637911.09542578
14297287.241061684
7796603.115786539
2995240.721303874
4406156.94014532
7796603.115786539
7796475.104865589
1657520.8630673306
796584.6336285265
7796475.104865589
7793258.178222792
4639102.487342891
3632576.3845966044
7793258.178222792
7787310.367862514
2991353.0710579995
4403742.507067802
7787310.367862514
7788161.65607224
1654130.8033049318
792983.0862369284
7788161.65607224
7794241.86515597
4637911.09542578
3628850.882496905
14928869.732815888
7796680.5939454455
796584.6336285265
2995241.424975409
7796680.5939454455
7795509.800585595
3632576.3845966044
1657520.9502978574
7795509.800585595
7790064.3607615195
4403742.507067802
4639103.055722106
7790064.3607615195
7786520.1906450745
792983.0862369284
2991353.662190273
7786520.1906450745
7791275.5545025375
3628850.882496905
1654132.0410186825
7791275.5545025375
7796000.447458024
4406156.94014532
4637912.846328693
14781883.033270337
7796602.652869943
2995241.424975409
4406156.583713573
7796602.652869943
7796474.125827701
1657520.9502978574
796584.6335571083
7796474.125827701
7793259.793802667
4639103.055722106
3632575.421566465
7793259.793802667
7787310.53193
2991353.662190273
4403740.791993218
7787310.53193
7788161.348280215
1654132.0410186825
792982.954118232
7788161.348280215
7794242.0305155385
4637912.846328693
3628849.518523071
10822661.486452129
7796679.924956014
796584.6335571083
2995242.0421213876
7796679.924956014
7795511.499002911
3632575.421566465
1657520.878672008
7795511.499002911
7790063.576656809
4403740.791993218
4639103.947040769
7790063.576656809
7786519.225139981
792982.954118232
2991354.069268442
7786519.225139981
7791276.0912927175
3628849.518523071
1654131.0098677757
7791276.0912927175
7796000.340630348
4406156.583713573
4637912.806845903
8651117.977063878
7796602.355485796
2995242.0421213876
4406155.371458277
7796602.355485796
7796475.114251175
1657520.878672008
796585.0943817145
7796475.114251175
7793258.919383843
4639103.947040769
3632575.982483988
7793258.919383843
7787310.317986694
2991354.069268442
4403741.198109062
7787310.317986694
7788161.485780806
1654131.0098677757
792983.0817292068
7788161.485780806
7794241.908707542
4637912.806845903
3628849.8179473737
8772511.094200045
7796680.803770859
796585.0943817145
2995243.350086673
7796680.803770859
7795509.7854500245
3632575.982483988
1657520.3778984419
7795509.7854500245
7790063.516184346
4403741.198109062
4639103.139298523
7790063.516184346
7786520.350278992
792983.0817292068
2991353.790749814
7786520.350278992
7791275.513635283
3628849.8179473737
1654131.9020841983
7791275.513635283
7796000.1065630345
4406155.371458277
4637912.824050774
