7796562.064846394
7796536.918110163
1309901.1515225645
1151083.718874624
7796536.918110163
7793678.646957403
4564357.20262984
3387387.7270008153
7793678.646957403
7787629.355485231
3266138.3803721676
4519511.49039675
7787629.355485231
7787786.750586253
1306606.3678774636
1147782.746813748
7787786.750586253
7793857.089973967
4562636.409125327
3383541.737383297
7793857.089973967
7796562.064846394
3270014.262724524
4521456.13617522
12830250.462852187
7795731.806301416
3387387.7270008153
1309900.5525357283
7795731.806301416
7790555.502694617
4519511.49039675
4564356.882194871
7790555.502694617
7786477.3159946725
1147782.746813748
3266138.240411603
7786477.3159946725
7790780.739138883
3383541.737383297
1306606.8181587995
7790780.739138883
7795820.994948955
4521456.13617522
4562636.875468332
7795820.994948955
7796683.892392992
1151083.718874624
3270012.139535236
12138528.099830765
7796537.376837891
1309900.5525357283
1151084.1309358375
7796537.376837891
7793678.600839136
4564356.882194871
3387387.520841144
7793678.600839136
7787628.394562999
3266138.240411603
4519510.940409828
7787628.394562999
7787786.0498613855
1306606.8181587995
1147783.3112138098
7787786.0498613855
7793859.087073976
4562636.875468332
3383541.1921302215
7793859.087073976
7796561.112971312
3270012.139535236
4521456.159318176
10833523.967394307
7795731.294284279
3387387.520841144
1309901.2050405988
7795731.294284279
7790555.264666744
4519510.940409828
4564356.6906143585
7790555.264666744
7786477.632683807
1147783.3112138098
3266137.420281706
7786477.632683807
7790780.78933908
3383541.1921302215
1306605.937968585
7790780.78933908
7795820.187106609
4521456.159318176
4562637.042875884
7795820.187106609
7796685.091748184
1151084.1309358375
3270012.57583687
10218019.78382804
7796537.5407773405
1309901.2050405988
1151084.094200224
7796537.5407773405
7793678.435776618
4564356.6906143585
3387387.574147263
7793678.435776618
7787628.132529018
3266137.420281706
4519511.884322457
7787628.132529018
7787785.568235707
1306605.937968585
1147782.93972057
7787785.568235707
7793859.448092942
4562637.042875884
3383540.69205658
7793859.448092942
7796560.865019108
3270012.57583687
4521455.435125429
3419689.16776914
7795730.564375323
3387387.574147263
1309900.265916169
7795730.564375323
7790555.990931602
4519511.884322457
4564355.34969995
7790555.990931602
7786476.905647544
1147782.93972057
3266138.2235375075
7786476.905647544
7790781.941225735
3383540.69205658
1306605.3635541725
7790781.941225735
7795819.60420135
4521455.435125429
4562637.168652035
7795819.60420135
7796684.84965099
1151084.094200224
3270013.312705269
4224979.883817903
7796537.657588024
1309900.265916169
1151082.825833897
7796537.657588024
7793677.77249544
4564355.34969995
3387387.5697912425
7793677.77249544
7787628.644458462
3266138.2235375075
4519510.7146255905
7787628.644458462
7787785.982228055
1306605.3635541725
1147783.3828086175
7787785.982228055
7793859.262635909
4562637.168652035
3383540.046736517
7793859.262635909
7796561.440946565
3270013.312705269
4521455.706498129
7677522.06715043
7795731.370717799
3387387.5697912425
1309901.1515225645
7795731.370717799
7790555.726260277
4519510.7146255905
4564357.20262984
7790555.726260277
7786477.156994135
1147783.3828086175
3266138.3803721676
7786477.156994135
7790780.720380352
3383540.046736517
1306606.3678774636
7790780.720380352
7795820.677468519
4521455.706498129
4562636.409125327
7795820.677468519
7796684.454345633
1151082.825833897
3270014.262724524
