7796346.233975676
7796646.9597658655
281517.82535469666
2171464.6098714652
7796646.9597658655
7794765.735546876
4177211.033652291
2539421.603390924
7794765.735546876
7788805.349153732
3961101.4887349913
4697803.1318283295
7788805.349153732
7786914.8124880865
273987.8858861738
2167838.6736820675
7786914.8124880865
7792571.099829461
4174179.680681575
2535635.9957342064
7792571.099829461
7796346.233975676
3964491.4889689866
4698133.039021055
12961711.401901536
7796218.432059729
2539421.603390924
281517.6634674768
7796218.432059729
7792024.271700974
4697803.1318283295
4177210.3107476826
7792024.271700974
7786695.671150272
2167838.6736820675
3961100.9720570506
7786695.671150272
7789331.655145148
2535635.9957342064
273988.68173144944
7789331.655145148
7795112.937978033
4698133.039021055
4174180.336019694
7795112.937978033
7796667.83627054
2171464.6098714652
3964492.644575011
12804308.463199347
7796645.630997165
281517.6634674768
2171464.4943710007
7796645.630997165
7794766.078232531
4177210.3107476826
2539421.1134241302
7794766.078232531
7788805.198795947
3961100.9720570506
4697802.723784779
7788805.198795947
7786914.870644572
273988.68173144944
2167837.868186713
7786914.870644572
7792570.751295438
4174180.336019694
2535635.794721017
7792570.751295438
7796348.369045756
3964492.644575011
4698132.729975164
11710530.929985419
7796217.759727293
2539421.1134241302
281517.55336668174
7796217.759727293
7792023.998757746
4697802.723784779
4177210.7309692088
7792023.998757746
7786695.346020053
2167837.868186713
3961101.436925392
7786695.346020053
7789331.213488843
2535635.794721017
273987.8835530985
7789331.213488843
7795114.206256686
4698132.729975164
4174179.5822347193
7795114.206256686
7796667.636924052
2171464.4943710007
3964493.2528120438
11730595.226698171
7796645.249728546
281517.55336668174
2171464.112310862
7796645.249728546
7794766.4713882
4177210.7309692088
2539419.9956681915
7794766.4713882
7788805.083919043
3961101.436925392
4697802.455950658
7788805.083919043
7786915.061720656
273987.8835530985
2167838.454016004
7786915.061720656
7792570.512329123
4174179.5822347193
2535636.3227975965
7792570.512329123
7796348.468145067
3964493.2528120438
4698132.069314702
5608586.586177139
7796217.421757764
2539419.9956681915
281519.7107537499
7796217.421757764
7792024.383490511
4697802.455950658
4177211.1914307135
7792024.383490511
7786695.700365885
2167838.454016004
3961101.285655162
7786695.700365885
7789331.3787030345
2535636.3227975965
273986.93055392144
7789331.3787030345
7795113.938675865
4698132.069314702
4174179.4423321993
7795113.938675865
7796667.91792528
2171464.112310862
3964493.0745872166
5868526.088112955
7796646.175239795
281519.7107537499
2171467.0291147283
7796646.175239795
7794765.801928589
4177211.1914307135
2539418.834629918
7794765.801928589
7788805.349361186
3961101.285655162
4697801.941873056
7788805.349361186
7786914.797215524
273986.93055392144
2167837.792859988
7786914.797215524
7792570.749250091
4174179.4423321993
2535635.891588205
7792570.749250091
7796347.788625293
3964493.0745872166
4698132.090991529
7894659.427959908
7796218.495472413
2539418.834629918
281517.82535469666
7796218.495472413
7792023.609314072
4697801.941873056
4177211.033652291
7792023.609314072
7786695.877032221
2167837.792859988
3961101.4887349913
7786695.877032221
7789330.746216676
2535635.891588205
273987.8858861738
7789330.746216676
7795114.263547988
4698132.090991529
4174179.680681575
7795114.263547988
7796667.8520557415
2171467.0291147283
3964491.4889689866
