7793482.248716519
7796509.428927564
3507614.2470044764
4603726.587072505
7796509.428927564
7796582.219393963
981256.66479442
1477502.558509074
7796582.219393963
7794045.15739943
4469618.416354234
3140689.2504972136
7794045.15739943
7787961.892720751
3503820.043162993
4602257.056506683
7787961.892720751
7787469.90481547
977873.821048631
1474179.054213183
7787469.90481547
7793482.248716519
4467440.15325358
3136796.8181068734
13582164.934422594
7796683.167318789
1477502.558509074
3507614.4989308883
7796683.167318789
7795908.665181035
3140689.2504972136
981256.1857139743
7795908.665181035
7791018.398167068
4602257.056506683
4469617.494868094
7791018.398167068
7786489.9357944615
1474179.054213183
3503817.908924064
7786489.9357944615
7790317.756546523
3136796.8181068734
977874.6371712065
7790317.756546523
7795632.710821368
4603726.587072505
4467437.335794928
14313369.389095003
7796509.793985531
3507614.4989308883
4603725.2569964435
7796509.793985531
7796581.755381944
981256.1857139743
1477502.5554285536
7796581.755381944
7794044.95782496
4469617.494868094
3140688.8722058157
7794044.95782496
7787961.606746836
3503817.908924064
4602256.523370078
7787961.606746836
7787469.824486575
977874.6371712065
1474179.959656692
7787469.824486575
7793481.664338163
4467437.335794928
3136797.597067803
15273168.755874872
7796682.8435535
1477502.5554285536
3507614.407899023
7796682.8435535
7795908.95326241
3140688.8722058157
981256.4197147005
7795908.95326241
7791017.136667372
4602256.523370078
4469618.0969883
7791017.136667372
7786490.450660576
1474179.959656692
3503817.4322236516
7786490.450660576
7790319.176524246
3136797.597067803
977874.345081383
7790319.176524246
7795632.026739611
4603725.2569964435
4467439.472100452
14813079.87325098
7796510.131192423
3507614.407899023
4603724.8542080475
7796510.131192423
7796582.581007187
981256.4197147005
1477502.3412288558
7796582.581007187
7794044.749533917
4469618.0969883
3140688.86595547
7794044.749533917
7787960.711314649
3503817.4322236516
4602255.778594874
7787960.711314649
7787470.173734761
977874.345081383
1474179.1306143082
7787470.173734761
7793481.735457786
4467439.472100452
3136796.089384796
11292124.47066803
7796683.090336476
1477502.3412288558
3507614.8851750745
7796683.090336476
7795908.895987189
3140688.86595547
981255.9378899639
7795908.895987189
7791017.263943027
4602255.778594874
4469618.980918461
7791017.263943027
7786490.943079083
1474179.1306143082
3503818.7365853325
7786490.943079083
7790318.592139234
3136796.089384796
977874.876541824
7790318.592139234
7795631.92402912
4603724.8542080475
4467439.26277965
8677162.75023926
7796510.185933825
3507614.8851750745
4603724.004963135
7796510.185933825
7796581.791718745
981255.9378899639
1477501.6325067757
7796581.791718745
7794045.026050808
4469618.980918461
3140687.6861595623
7794045.026050808
7787962.204569054
3503818.7365853325
4602255.857653616
7787962.204569054
7787469.30591139
977874.876541824
1474178.14931651
7787469.30591139
7793482.137767338
4467439.26277965
3136796.474625675
8872293.561239922
7796682.598191049
1477501.6325067757
3507614.2470044764
7796682.598191049
7795908.763988198
3140687.6861595623
981256.66479442
7795908.763988198
7791017.938584266
4602255.857653616
4469618.416354234
7791017.938584266
7786490.107778221
1474178.14931651
3503820.043162993
7786490.107778221
7790319.10973254
3136796.474625675
977873.821048631
7790319.10973254
7795631.706274727
4603724.004963135
4467440.15325358
