7795900.119078101
7796681.678512991
1005060.6353350886
3159062.428813804
7796681.678512991
7795644.052136747
3491078.9368844996
1454139.5679270644
7795644.052136747
7790352.4526804965
4475112.5602758555
4598606.546165109
7790352.4526804965
7786488.088235812
1001700.4428844515
3155174.438963904
7786488.088235812
7790983.616153916
3487273.1777143944
1450819.3149625836
7790983.616153916
7795900.119078101
4477256.333506036
4597100.13201437
13163197.950625243
7796513.652826578
1454139.5679270644
1005062.1514379565
7796513.652826578
7793507.360317186
4598606.546165109
3491078.257668288
7793507.360317186
7787492.606180248
3155174.438963904
4475111.634262114
7787492.606180248
7787937.813056317
1450819.3149625836
1001700.1980621809
7787937.813056317
7794020.0036575
4597100.13201437
3487272.4582850337
7794020.0036575
7796580.087018779
3159062.428813804
4477256.996763452
13523501.960377954
7796682.687291625
1005062.1514379565
3159062.298384594
7796682.687291625
7795644.456384206
3491078.257668288
1454139.1279362894
7795644.456384206
7790352.869267175
4475111.634262114
4598605.76790854
7790352.869267175
7786487.788423229
1001700.1980621809
3155173.3910828894
7786487.788423229
7790983.92746057
3487272.4582850337
1450818.9486263602
7790983.92746057
7795898.781132508
4477256.996763452
4597099.7667778535
12955177.309224145
7796513.55586262
1454139.1279362894
1005062.5095485044
7796513.55586262
7793506.91417487
4598605.76790854
3491078.7801544867
7793506.91417487
7787491.555489484
3155173.3910828894
4475112.415707265
7787491.555489484
7787937.512191809
1450818.9486263602
1001698.8801548129
7787937.512191809
7794019.302290052
4597099.7667778535
3487273.0125573203
7794019.302290052
7796580.681318616
3159062.298384594
4477256.946833616
13246183.256958887
7796682.908909423
1005062.5095485044
3159061.999934138
7796682.908909423
7795643.497301095
3491078.7801544867
1454138.940095736
7795643.497301095
7790353.774243379
4475112.415707265
4598603.490364622
7790353.774243379
7786487.943924022
1001698.8801548129
3155173.3100407594
7786487.943924022
7790983.1405741265
3487273.0125573203
1450819.0404602392
7790983.1405741265
7795899.090214218
4477256.946833616
4597098.925635598
7882879.146261553
7796513.931255691
1454138.940095736
1005062.4329203074
7796513.931255691
7793506.892575497
4598603.490364622
3491080.2195622707
7793506.892575497
7787492.513547911
3155173.3100407594
4475111.833119156
7787492.513547911
7787936.655395156
1450819.0404602392
1001699.2475028917
7787936.655395156
7794019.380379623
4597098.925635598
3487273.617992343
7794019.380379623
7796580.958568388
3159061.999934138
4477256.764633884
7304265.441561347
7796682.515057837
1005062.4329203074
3159061.9833719926
7796682.515057837
7795644.46938201
3491080.2195622707
1454138.4619969784
7795644.46938201
7790352.321214438
4475111.833119156
4598605.009847427
7790352.321214438
7786488.053984736
1001699.2475028917
3155173.2280961983
7786488.053984736
7790984.239957745
3487273.617992343
1450819.1781229472
7790984.239957745
7795898.80950155
4477256.764633884
4597099.236312639
8220275.446874941
7796513.517064333
1454138.4619969784
1005060.6353350886
7796513.517064333
7793507.769779718
4598605.009847427
3491078.9368844996
7793507.769779718
7787491.931037627
3155173.2280961983
4475112.5602758555
7787491.931037627
7787936.948211295
1450819.1781229472
1001700.4428844515
7787936.948211295
7794018.865005055
4597099.236312639
3487273.1777143944
7794018.865005055
7796580.696000761
3159061.9833719926
4477256.333506036
