7794855.75217845
7796652.8805267755
2451717.852124009
4128578.5672637667
7796652.8805267755
7796318.257999719
2262653.7308701966
214066.8760753065
7796318.257999719
7792440.4518485805
4701609.669176625
4019281.9132406795
7792440.4518485805
7786854.573897999
2447967.1732896883
4125453.2575203897
7786854.573897999
7788928.8460104065
2258982.6245814455
204298.31644313666
7788928.8460104065
7794855.75217845
4701438.068864017
4015968.348037105
13428756.739826458
7796662.349124301
214066.8760753065
2451715.860251796
7796662.349124301
7795032.538047837
4019281.9132406795
2262653.1529858094
7795032.538047837
7789200.000146826
4125453.2575203897
4701608.544133586
7789200.000146826
7786741.71407353
204298.31644313666
2447966.5569936433
7786741.71407353
7792158.804100559
4015968.348037105
2258980.950931166
7792158.804100559
7796255.211288926
4128578.5672637667
4701437.515720045
14173929.433353245
7796651.839405069
2451715.860251796
4128578.0733258426
7796651.839405069
7796318.438789416
2262653.1529858094
214066.6570334314
7796318.438789416
7792439.904683898
4701608.544133586
4019281.952021444
7792439.904683898
7786854.692100448
2447966.5569936433
4125453.1463892395
7786854.692100448
7788928.777632594
2258980.950931166
204298.8431497166
7788928.777632594
7794856.309993396
4701437.515720045
4015967.0380595108
14458423.501193691
7796661.81486395
214066.6570334314
2451715.973365307
7796661.81486395
7795032.083174626
4019281.952021444
2262653.614793604
7795032.083174626
7789199.860689517
4125453.1463892395
4701607.91047051
7789199.860689517
7786742.374517678
204298.8431497166
2447965.592187074
7786742.374517678
7792159.030647395
4015967.0380595108
2258982.871834015
7792159.030647395
7796254.527687982
4128578.0733258426
4701438.151171309
14542357.482056133
7796652.943920764
2451715.973365307
4128577.6657868773
7796652.943920764
7796318.071215095
2262653.614793604
214069.12811125405
7796318.071215095
7792440.180282598
4701607.91047051
4019281.826565428
7792440.180282598
7786854.119728125
2447965.592187074
4125452.9178684163
7786854.119728125
7788928.952173896
2258982.871834015
204298.703266045
7788928.952173896
7794856.085189511
4701438.151171309
4015966.286067102
10164621.896382678
7796662.868250124
214069.12811125405
2451716.9067803025
7796662.868250124
7795031.819511012
4019281.826565428
2262654.829347258
7795031.819511012
7789201.0852191355
4125452.9178684163
4701608.811745487
7789201.0852191355
7786742.596791839
204298.703266045
2447966.637126024
7786742.596791839
7792158.631160493
4015966.286067102
2258982.8402960133
7792158.631160493
7796253.424266508
4128577.6657868773
4701438.199470628
8446282.637269882
7796651.991737732
2451716.9067803025
4128578.6385599007
7796651.991737732
7796318.356773219
2262654.829347258
214067.92493614907
7796318.356773219
7792440.146354339
4701608.811745487
4019280.318401148
7792440.146354339
7786854.672623169
2447966.637126024
4125451.7221870013
7786854.672623169
7788928.944371669
2258982.8402960133
204297.93004595643
7788928.944371669
7794856.224993048
4701438.199470628
4015967.078161265
8637419.831859736
7796661.5104608545
214067.92493614907
2451717.852124009
7796661.5104608545
7795033.305587271
4019280.318401148
2262653.7308701966
7795033.305587271
7789200.412754073
4125451.7221870013
4701609.669176625
7789200.412754073
7786742.826120301
204297.93004595643
2447967.1732896883
7786742.826120301
7792158.292487145
4015967.078161265
2258982.6245814455
7792158.292487145
7796255.464420565
4128578.6385599007
4701438.068864017
