7791880.631032288
7796181.496019396
4227071.063020787
4691371.74709398
7796181.496019396
7796669.36842676
372598.06184832065
2632057.5690360856
7796669.36842676
7795197.635079459
3903646.3945482452
2072614.79064162
7795197.635079459
7789472.078516765
4224152.111414077
4691875.696853012
7789472.078516765
7786649.414142043
366715.9712999115
2628243.7531518075
7786649.414142043
7791880.631032288
3900173.149437535
2069033.9920122598
13611907.125183733
7796640.167573226
2632057.5690360856
4227071.905387608
7796640.167573226
7796375.329022326
2072614.79064162
372600.0310084738
7796375.329022326
7792709.487104601
4691875.696853012
3903646.119274077
7792709.487104601
7786982.907185848
2628243.7531518075
4224151.657718018
7786982.907185848
7788673.436663164
2069033.9920122598
366717.45330763503
7788673.436663164
7794669.834045562
4691371.74709398
3900173.6325033056
14040571.571816158
7796180.4040075755
4227071.905387608
4691372.243655447
7796180.4040075755
7796670.435686984
372600.0310084738
2632057.0431634123
7796670.435686984
7795198.096588177
3903646.119274077
2072614.93183917
7795198.096588177
7789471.632670333
4224151.657718018
4691875.714102403
7789471.632670333
7786649.624236883
366717.45330763503
2628243.3915242767
7786649.624236883
7791880.900405201
3900173.6325033056
2069033.5522951288
15429704.200335931
7796639.11151724
2632057.0431634123
4227071.466724754
7796639.11151724
7796374.385754721
2072614.93183917
372599.75321440765
7796374.385754721
7792710.671544701
4691875.714102403
3903645.79998815
7792710.671544701
7786983.286740384
2628243.3915242767
4224152.403284947
7786983.286740384
7788672.265804348
2069033.5522951288
366717.5007657461
7788672.265804348
7794671.021715502
4691372.243655447
3900172.6304502217
14281867.573583022
7796180.67784212
4227071.466724754
4691371.824930902
7796180.67784212
7796669.657690798
372599.75321440765
2632056.9423501864
7796669.657690798
7795198.625840138
3903645.79998815
2072615.061283978
7795198.625840138
7789471.787989007
4224152.403284947
4691875.055768649
7789471.787989007
7786649.3052487485
366717.5007657461
2628243.105402779
7786649.3052487485
7791880.230984619
3900172.6304502217
2069033.2874596403
11501614.667731198
7796638.901080801
2632056.9423501864
4227071.908305788
7796638.901080801
7796375.215542976
2072615.061283978
372599.7484803566
7796375.215542976
7792710.17692369
4691875.055768649
3903646.8486828282
7792710.17692369
7786982.836192717
2628243.105402779
4224151.709632819
7786982.836192717
7788672.904230507
2069033.2874596403
366717.3713530967
7788672.904230507
7794670.792588006
4691371.824930902
3900173.174005779
8218729.573703153
7796180.485438166
4227071.908305788
4691371.735392245
7796180.485438166
7796670.304829751
372599.7484803566
2632059.7546288962
7796670.304829751
7795198.130963512
3903646.8486828282
2072612.5546027801
7795198.130963512
7789471.628304903
4224151.709632819
4691874.932409276
7789471.628304903
7786649.6032347735
366717.3713530967
2628243.139668672
7786649.6032347735
7791881.008647311
3900173.174005779
2069032.1841061492
8916016.892755473
7796639.335369834
2632059.7546288962
4227071.063020787
7796639.335369834
7796375.296438767
2072612.5546027801
372598.06184832065
7796375.296438767
7792709.663018391
4691874.932409276
3903646.3945482452
7792709.663018391
7786983.001394934
2628243.139668672
4224152.111414077
7786983.001394934
7788673.433685248
2069032.1841061492
366715.9712999115
7788673.433685248
7794670.122146324
4691371.735392245
3900173.149437535
