7796218.76083228
7796666.066784572
285548.3917707732
2543875.7401188943
7796666.066784572
7795118.299089182
3961639.1084776847
2166772.388631861
7795118.299089182
7789336.3398017585
4176619.989208914
4697894.5005227905
7789336.3398017585
7786694.649207946
278118.5794964533
2540090.689658479
7786694.649207946
7792016.508048404
3958241.304106298
2163146.7885486586
7792016.508048404
7796218.76083228
4179645.894000389
4697554.3354906095
13029274.560237741
7796347.949256836
2166772.388631861
285548.8656086019
7796347.949256836
7792576.837632197
4697894.5005227905
3961638.550914271
7792576.837632197
7786917.694909976
2540090.689658479
4176618.937984116
7786917.694909976
7788798.800645163
2163146.7885486586
278119.01084293035
7788798.800645163
7794760.644754378
4697554.3354906095
3958239.2718191417
7794760.644754378
7796648.045263137
2543875.7401188943
4179643.5452951416
13071899.365048688
7796666.798109657
285548.8656086019
2543874.627345189
7796666.798109657
7795117.889422023
3961638.550914271
2166772.731691204
7795117.889422023
7789336.874958103
4176618.937984116
4697894.228310934
7789336.874958103
7786693.604516984
278119.01084293035
2540090.9991965345
7786693.604516984
7792017.336639532
3958239.2718191417
2163147.8104684544
7792017.336639532
7796217.697997753
4179643.5452951416
4697554.196839158
12139899.379300473
7796347.990400916
2166772.731691204
285548.77559293614
7796347.990400916
7792577.351296882
4697894.228310934
3961638.702256634
7792577.351296882
7786918.1094522
2540090.9991965345
4176618.5638175537
7786918.1094522
7788799.2630528705
2163147.8104684544
278120.18455744203
7788799.2630528705
7794760.699607476
4697554.196839158
3958240.996633288
7794760.699607476
7796647.555323829
2543874.627345189
4179643.836768939
12306488.330526374
7796667.395008719
285548.77559293614
2543874.6590782655
7796667.395008719
7795117.642462923
3961638.702256634
2166773.0851621986
7795117.642462923
7789336.075428416
4176618.5638175537
4697894.897190529
7789336.075428416
7786694.361509325
278120.18455744203
2540090.4849666376
7786694.361509325
7792017.0609038845
3958240.996633288
2163145.9855952715
7792017.0609038845
7796218.071318118
4179643.836768939
4697553.565495951
6456908.725158116
7796347.625642748
2166773.0851621986
285548.50579345535
7796347.625642748
7792577.292757184
4697894.897190529
3961636.467502934
7792577.292757184
7786918.704159722
2540090.4849666376
4176619.4767353977
7786918.704159722
7788799.1285220105
2163145.9855952715
278118.9376426927
7788799.1285220105
7794760.7513285745
4697553.565495951
3958241.6418497544
7794760.7513285745
7796646.867718508
2543874.6590782655
4179643.8837995664
6430874.1944826525
7796666.984623706
285548.50579345535
2543875.449680934
7796666.984623706
7795118.028520273
3961636.467502934
2166773.6099621356
7795118.028520273
7789336.962111324
4176619.4767353977
4697893.470395255
7789336.962111324
7786693.30290312
278118.9376426927
2540089.3047461687
7786693.30290312
7792017.62123409
3958241.6418497544
2163144.784345381
7792017.62123409
7796217.7017211765
4179643.8837995664
4697553.635703602
8004779.839540347
7796348.35738837
2166773.6099621356
285548.3917707732
7796348.35738837
7792577.185257619
4697893.470395255
3961639.1084776847
7792577.185257619
7786917.389856859
2540089.3047461687
4176619.989208914
7786917.389856859
7788800.20447188
2163144.784345381
278118.5794964533
7788800.20447188
7794760.52686076
4697553.635703602
3958241.304106298
7794760.52686076
7796647.294250321
2543875.449680934
4179645.894000389
