7795918.501301303
7796683.168070987
963564.3996508403
3126979.439505754
7796683.168070987
7795618.030228786
3519840.005455909
1494842.3238937904
7795618.030228786
7790295.640973865
4461660.651881208
4607448.486698996
7790295.640973865
7786492.415385686
960169.7543257325
3123089.5317899147
7786492.415385686
7791042.757630363
3516048.0014735293
1491511.0516928588
7791042.757630363
7795918.501301303
4463858.912818594
4606005.897436944
13155536.598436821
7796506.424884298
1494842.3238937904
963562.3946869632
7796506.424884298
7793458.089839648
4607448.486698996
3519839.394560749
7793458.089839648
7787454.526813664
3123089.5317899147
4461660.576585569
7787454.526813664
7787980.887659233
1491511.0516928588
960169.6167367058
7787980.887659233
7794064.459054049
4606005.897436944
3516047.1383150658
7794064.459054049
7796585.5175339775
3126979.439505754
4463860.436757153
13500020.312917665
7796683.120634251
963562.3946869632
3126979.4573605643
7796683.120634251
7795618.753261662
3519839.394560749
1494842.1916619241
7795618.753261662
7790295.115769857
4461660.576585569
4607448.152743664
7790295.115769857
7786493.028045354
960169.6167367058
3123089.7028276143
7786493.028045354
7791041.921696617
3516047.1383150658
1491510.9173640679
7791041.921696617
7795919.4547953885
4463860.436757153
4606003.977305947
12909706.255005483
7796506.974590328
1494842.1916619241
963562.3075289585
7796506.974590328
7793458.189415483
4607448.152743664
3519840.008296737
7793458.189415483
7787454.705426578
3123089.7028276143
4461659.9692951515
7787454.705426578
7787980.624919457
1491510.9173640679
960169.5013697207
7787980.624919457
7794064.212506765
4606003.977305947
3516048.032562091
7794064.212506765
7796585.748282002
3126979.4573605643
4463860.858344864
13198209.62526092
7796682.775588034
963562.3075289585
3126979.001307782
7796682.775588034
7795619.044924774
3519840.008296737
1494842.0812855742
7795619.044924774
7790294.7054967135
4461659.9692951515
4607449.334465173
7790294.7054967135
7786492.284976167
960169.5013697207
3123089.373204152
7786492.284976167
7791041.753137789
3516048.032562091
1491510.103616277
7791041.753137789
7795919.557827926
4463860.858344864
4606003.840647413
7807968.738601853
7796505.47552569
1494842.0812855742
963561.4778216346
7796505.47552569
7793458.169904268
4607449.334465173
3519836.985249985
7793458.169904268
7787455.669702237
3123089.373204152
4461660.824014157
7787455.669702237
7787981.292057707
1491510.103616277
960169.1007251584
7787981.292057707
7794064.104724804
4606003.840647413
3516047.2548393123
7794064.104724804
7796585.198318077
3126979.001307782
4463860.980441687
7260755.015283614
7796682.999781047
963561.4778216346
3126981.8036493473
7796682.999781047
7795618.067663101
3519836.985249985
1494844.7661219395
7795618.067663101
7790295.23606632
4461660.824014157
4607446.9884262225
7790295.23606632
7786492.365099496
960169.1007251584
3123089.435290586
7786492.365099496
7791042.181818256
3516047.2548393123
1491511.0238328257
7791042.181818256
7795919.390907439
4463860.980441687
4606003.299126478
8208045.466178436
7796505.907963416
1494844.7661219395
963564.3996508403
7796505.907963416
7793457.893551764
4607446.9884262225
3519840.005455909
7793457.893551764
7787455.23545239
3123089.435290586
4461660.651881208
7787455.23545239
7787980.696371344
1491511.0238328257
960169.7543257325
7787980.696371344
7794063.543810527
4606003.299126478
3516048.0014735293
7794063.543810527
7796586.479330754
3126981.8036493473
4463858.912818594
