7793721.3090521265
7796544.501527884
3360288.400455044
4554824.686029893
7796544.501527884
7796555.290879346
1188345.7902287426
1272823.9748395071
7796555.290879346
7793817.240672371
4532007.804976201
3297855.0125684654
7793817.240672371
7787747.944065334
3356436.135034865
4553052.935399592
7787747.944065334
7787664.868768923
1185048.5823640577
1269534.09390751
7787664.868768923
7793721.3090521265
4530113.488420986
3293984.405944048
13565701.589006968
7796683.638078972
1272823.9748395071
3360287.1941893473
7796683.638078972
7795799.325130342
3297855.0125684654
1188346.263701946
7795799.325130342
7790727.706430911
4553052.935399592
4532006.693168919
7790727.706430911
7786477.096775403
1269534.09390751
3356434.960204903
7786477.096775403
7790607.029923752
3293984.405944048
1185049.6351564245
7790607.029923752
7795755.53711649
4554824.686029893
4530111.325031861
14321247.512478454
7796543.874745278
3360287.1941893473
4554824.430784404
7796543.874745278
7796554.946765765
1188346.263701946
1272823.8496325307
7796554.946765765
7793817.35674565
4532006.693168919
3297855.323794437
7793817.35674565
7787748.347938846
3356434.960204903
4553052.367767302
7787748.347938846
7787663.367609107
1185049.6351564245
1269534.7199254856
7787663.367609107
7793722.772767074
4530111.325031861
3293984.6232819534
15187218.06846978
7796683.894958254
1272823.8496325307
3360287.498728355
7796683.894958254
7795799.253385529
3297855.323794437
1188346.2150087513
7795799.253385529
7790726.895072761
4553052.367767302
4532007.159334358
7790726.895072761
7786476.568035378
1269534.7199254856
3356434.1331459847
7786476.568035378
7790608.703843247
3293984.6232819534
1185048.7570418252
7790608.703843247
7795754.649236476
4554824.430784404
4530112.919574831
14828257.391205989
7796543.34935577
3360287.498728355
4554824.067284817
7796543.34935577
7796554.958183072
1188346.2150087513
1272823.7920978349
7796554.958183072
7793817.854965609
4532007.159334358
3297854.436598338
7793817.854965609
7787746.619488738
3356434.1331459847
4553052.582112938
7787746.619488738
7787663.841521894
1185048.7570418252
1269534.2511547327
7787663.841521894
7793723.093363919
4530112.919574831
3293983.677711991
11175824.501674997
7796684.250254517
1272823.7920978349
3360287.1746215196
7796684.250254517
7795798.63442768
3297854.436598338
1188348.4559778357
7795798.63442768
7790727.441420336
4553052.582112938
4532007.619283948
7790727.441420336
7786476.865425145
1269534.2511547327
3356435.644512583
7786476.865425145
7790608.347792843
3293983.677711991
1185047.9247252513
7790608.347792843
7795755.080560853
4554824.067284817
4530112.649965644
8690294.472557787
7796543.658173874
3360287.1746215196
4554823.986259987
7796543.658173874
7796554.875478475
1188348.4559778357
1272826.1193700025
7796554.875478475
7793817.658979959
4532007.619283948
3297854.586405271
7793817.658979959
7787747.883487877
3356435.644512583
4553051.492758814
7787747.883487877
7787663.531814558
1185047.9247252513
1269532.8970820208
7787663.531814558
7793722.721761429
4530112.649965644
3293983.561221959
8847355.573839534
7796684.826258802
1272826.1193700025
3360288.400455044
7796684.826258802
7795798.827562602
3297854.586405271
1188345.7902287426
7795798.827562602
7790728.22284382
4553051.492758814
4532007.804976201
7790728.22284382
7786476.309879284
1269532.8970820208
3356436.135034865
7786476.309879284
7790609.130470503
3293983.561221959
1185048.5823640577
7790609.130470503
7795754.389448373
4554823.986259987
4530113.488420986
