7796595.850067939
7796490.803279197
1574928.5063313167
881565.1219802554
7796490.803279197
7793360.882004232
4623774.693885022
3575783.3123803576
7793360.882004232
7787383.914038875
3058945.7472022683
4433986.089221427
7787383.914038875
7788070.054159812
1571569.816714485
878089.2986872833
7788070.054159812
7794149.700393651
4622454.123110952
3572022.1172458814
7794149.700393651
7796595.850067939
3062838.8513251427
4436294.168700208
12808878.060018186
7795566.918273782
3575783.3123803576
1574927.6545751335
7795566.918273782
7790180.595877239
4433986.089221427
4623773.742138403
7790180.595877239
7786505.111393516
878089.2986872833
3058945.067903404
7786505.111393516
7791156.971497737
3572022.1172458814
1571570.42598573
7791156.971497737
7795959.380466606
4436294.168700208
4622453.422472051
7795959.380466606
7796682.0119974185
881565.1219802554
3062835.929598968
11986387.246716632
7796491.215769378
1574927.6545751335
881564.8934883672
7796491.215769378
7793361.458887646
4623773.742138403
3575783.2567657554
7793361.458887646
7787382.760385317
3058945.067903404
4433986.493764669
7787382.760385317
7788069.164645284
1571570.42598573
878088.5027018739
7788069.164645284
7794151.241881416
4622453.422472051
3572021.398511512
7794151.241881416
7796594.539306889
3062835.929598968
4436293.249189043
10685048.550555974
7795566.640962165
3575783.2567657554
1574927.7594602157
7795566.640962165
7790181.371416147
4433986.493764669
4623773.624547581
7790181.371416147
7786503.924739374
878088.5027018739
3058943.8325541946
7786503.924739374
7791158.19643078
3572021.398511512
1571570.2875617452
7791158.19643078
7795957.4342746
4436293.249189043
4622454.122066529
7795957.4342746
7796683.183733502
881564.8934883672
3062836.7693012552
9852427.339168532
7796492.668776947
1574927.7594602157
881564.993475311
7796492.668776947
7793361.267411351
4623773.624547581
3575783.3246746613
7793361.267411351
7787382.11634484
3058943.8325541946
4433985.591408641
7787382.11634484
7788068.82710202
1571570.2875617452
878089.5832707735
7788068.82710202
7794151.163365505
4622454.122066529
3572021.3295843806
7794151.163365505
7796594.5994102955
3062836.7693012552
4436292.667313627
2915600.2294699326
7795567.010268261
3575783.3246746613
1574927.8388485177
7795567.010268261
7790179.178216805
4433985.591408641
4623774.754822858
7790179.178216805
7786504.342757337
878089.5832707735
3058944.9636329515
7786504.342757337
7791158.68057602
3572021.3295843806
1571568.8771992305
7791158.68057602
7795957.803044016
4436292.667313627
4622454.361247456
7795957.803044016
7796683.323962097
881564.993475311
3062835.896119844
3766131.23809236
7796491.913279586
1574927.8388485177
881563.128514753
7796491.913279586
7793361.230104837
4623774.754822858
3575783.204011108
7793361.230104837
7787382.956682984
3058944.9636329515
4433985.651700461
7787382.956682984
7788069.807111883
1571568.8771992305
878088.6293752257
7788069.807111883
7794150.967770628
4622454.361247456
3572021.6811174224
7794150.967770628
7796594.407165117
3062835.896119844
4436293.021635096
7641846.662607636
7795566.761151655
3575783.204011108
1574928.5063313167
7795566.761151655
7790180.70551021
4433985.651700461
4623774.693885022
7790180.70551021
7786504.475021191
878088.6293752257
3058945.7472022683
7786504.475021191
7791158.0277784085
3572021.6811174224
1571569.816714485
7791158.0277784085
7795957.91620125
4436293.021635096
4622454.123110952
7795957.91620125
7796682.644124947
881563.128514753
3062838.8513251427
