7793977.145928698
7796574.062032214
3190102.4466049625
4489960.579241736
7796574.062032214
7796520.515177515
1414338.5282836698
1045520.3342020363
7796520.515177515
7793556.055913521
4589608.44267558
3462742.283009103
7793556.055913521
7787528.931138089
3186217.041590206
4487869.861197174
7787528.931138089
7787893.669981798
1411027.5661491787
1042182.0770186045
7787893.669981798
7793977.145928698
4588042.647235189
3458923.2550043166
13544096.444398493
7796684.556098553
1045520.3342020363
3190102.1032827944
7796684.556098553
7795667.75405937
3462742.283009103
1414338.3035305878
7795667.75405937
7790409.47906432
4487869.861197174
4589607.229509616
7790409.47906432
7786484.1955823805
1042182.0770186045
3186215.936971561
7786484.1955823805
7790926.65689548
3458923.2550043166
1411027.2448923846
7790926.65689548
7795878.827856611
4489960.579241736
4588041.121253826
14317094.83777382
7796574.655087572
3190102.1032827944
4489959.607593131
7796574.655087572
7796520.185275468
1414338.3035305878
1045520.1887272132
7796520.185275468
7793555.772007076
4589607.229509616
3462741.964583892
7793555.772007076
7787528.93562558
3186215.936971561
4487868.24716141
7787528.93562558
7787893.068848434
1411027.2448923846
1042181.8676710024
7787893.068848434
7793977.468322766
4588041.121253826
3458922.40974061
15073958.32451486
7796683.632388838
1045520.1887272132
3190101.8837067042
7796683.632388838
7795668.7195590865
3462741.964583892
1414338.7340767682
7795668.7195590865
7790408.320453761
4487868.24716141
4589608.541179942
7790408.320453761
7786483.466362559
1042181.8676710024
3186215.1795645016
7786483.466362559
7790927.686225592
3458922.40974061
1411027.4974930503
7790927.686225592
7795879.303314392
4489959.607593131
4588042.446790424
14820199.90966614
7796574.759710055
3190101.8837067042
4489958.669763301
7796574.759710055
7796520.486161703
1414338.7340767682
1045520.2020941537
7796520.486161703
7793555.848093491
4589608.541179942
3462741.4175979123
7793555.848093491
7787528.237100366
3186215.1795645016
4487869.611589628
7787528.237100366
7787893.352952028
1411027.4974930503
1042181.827654616
7787893.352952028
7793977.272771146
4588042.446790424
3458921.7328736186
11021668.340832485
7796683.181888513
1045520.2020941537
3190101.410759167
7796683.181888513
7795667.110845557
3462741.4175979123
1414337.2402289151
7795667.110845557
7790409.832560608
4487869.611589628
4589606.163981144
7790409.832560608
7786484.367579113
1042181.827654616
3186216.16033279
7786484.367579113
7790926.681246359
3458921.7328736186
1411029.2096249615
7790926.681246359
7795878.655027908
4489958.669763301
4588042.089099826
8683618.007461198
7796575.21257533
3190101.410759167
4489959.025129356
7796575.21257533
7796520.371717941
1414337.2402289151
1045517.8622582955
7796520.371717941
7793555.411005809
4589606.163981144
3462742.2374462346
7793555.411005809
7787529.464519809
3186216.16033279
4487868.711235991
7787529.464519809
7787893.145259308
1411029.2096249615
1042181.9574876608
7787893.145259308
7793977.25386994
4588042.089099826
3458922.4670359227
8814506.584632931
7796682.494032212
1045517.8622582955
3190102.4466049625
7796682.494032212
7795668.436986597
3462742.2374462346
1414338.5282836698
7795668.436986597
7790409.225057285
4487868.711235991
4589608.44267558
7790409.225057285
7786483.737482405
1042181.9574876608
3186217.041590206
7786483.737482405
7790927.730985905
3458922.4670359227
1411027.5661491787
7790927.730985905
7795878.46419848
4489959.025129356
4588042.647235189
