7795741.460761389
7796685.151456906
1294401.5752698716
3376080.2715105503
7796685.151456906
7795812.232000604
3281685.6786316815
1166675.1071039778
7795812.232000604
7790757.413828575
4558666.718828941
4525907.83214504
7790757.413828575
7786477.938112835
1291111.0412200585
3372232.3238703096
7786477.938112835
7790576.383258686
3277811.5942833717
1163374.2484183132
7790576.383258686
7795741.460761389
4560409.121760377
4523981.979212119
13216943.07037838
7796557.787487686
1166675.1071039778
1294401.0660789523
7796557.787487686
7793841.359311791
4525907.83214504
3281685.0135849942
7793841.359311791
7787769.923142193
3372232.3238703096
4558666.914994881
7787769.923142193
7787643.343204105
1163374.2484183132
1291109.1134169537
7787643.343204105
7793696.313052761
4523981.979212119
3277810.7323689247
7793696.313052761
7796540.803649501
3376080.2715105503
4560407.886739094
13680951.158772107
7796684.338724423
1294401.0660789523
3376080.6249009636
7796684.338724423
7795812.119453219
3281685.0135849942
1166675.0492681514
7795812.119453219
7790757.850011484
4558666.914994881
4525907.204858042
7790757.850011484
7786476.766336685
1291109.1134169537
3372233.164133033
7786476.766336685
7790577.5459149275
3277810.7323689247
1163374.672191624
7790577.5459149275
7795742.212577286
4560407.886739094
4523981.842390666
13270550.286054647
7796558.26180495
1166675.0492681514
1294400.9965785453
7796558.26180495
7793840.741930972
4525907.204858042
3281685.373311031
7793840.741930972
7787770.342789594
3372233.164133033
4558666.863029595
7787770.342789594
7787644.047201475
1163374.672191624
1291110.854920023
7787644.047201475
7793696.181872808
4523981.842390666
3277810.9885104424
7793696.181872808
7796541.662013197
3376080.6249009636
4560408.72962665
13565575.367532311
7796683.199779426
1294400.9965785453
3376080.190502432
7796683.199779426
7795813.371204971
3281685.373311031
1166674.4029474065
7795813.371204971
7790757.393764637
4558666.863029595
4525907.165710442
7790757.393764637
7786477.893037021
1291110.854920023
3372232.33072488
7786477.893037021
7790577.179377656
3277810.9885104424
1163374.8064979424
7790577.179377656
7795742.112365073
4560408.72962665
4523981.531891722
8390805.65323036
7796558.386000712
1166674.4029474065
1294400.3503857974
7796558.386000712
7793840.865052835
4525907.165710442
3281685.9969286127
7793840.865052835
7787770.328429538
3372232.33072488
4558666.836077565
7787770.328429538
7787644.144351391
1163374.8064979424
1291110.2292817242
7787644.144351391
7793696.129286259
4523981.531891722
3277810.397913689
7793696.129286259
7796541.148532808
3376080.190502432
4560408.075341853
7591444.545436225
7796683.835308078
1294400.3503857974
3376081.0163622038
7796683.835308078
7795812.438671566
3281685.9969286127
1166673.4696252244
7795812.438671566
7790757.818019665
4558666.836077565
4525906.774698404
7790757.818019665
7786477.144803661
1291110.2292817242
3372232.974641074
7786477.144803661
7790577.736169693
3277810.397913689
1163374.8231983588
7790577.736169693
7795741.706831088
4560408.075341853
4523981.40888266
8305761.397995018
7796558.597970036
1166673.4696252244
1294401.5752698716
7796558.597970036
7793840.730786573
4525906.774698404
3281685.6786316815
7793840.730786573
7787770.4914514
3372232.974641074
4558666.718828941
7787770.4914514
7787644.14355038
1163374.8231983588
1291111.0412200585
7787644.14355038
7793696.236549205
4523981.40888266
3277811.5942833717
7793696.236549205
7796541.02767745
3376081.0163622038
4560409.121760377
