7794022.439419512
7796577.53069487
3158275.8784632697
4476932.395241278
7796577.53069487
7796514.716375614
1455140.8678371278
1004042.0335334105
7796514.716375614
7793507.700883311
4598828.547137849
3491789.405045
7793507.700883311
7787490.775767938
3154388.275069619
4474786.033672811
7787490.775767938
7787938.163405813
1451820.1800985245
1000679.5083541671
7787938.163405813
7794022.439419512
4597323.174505063
3487983.6199046783
13539790.175544428
7796683.0854632035
1004042.0335334105
3158276.810335342
7796683.0854632035
7795642.585963312
3491789.405045
1455140.6093090174
7795642.585963312
7790351.6910117315
4474786.033672811
4598827.646742347
7790351.6910117315
7786488.024267596
1000679.5083541671
3154388.452489256
7786488.024267596
7790985.1234217705
3487983.6199046783
1451820.415004308
7790985.1234217705
7795900.110738997
4476932.395241278
4597324.496773921
14314897.686869647
7796579.429514063
3158276.810335342
4476931.43599935
7796579.429514063
7796513.648906628
1455140.6093090174
1004042.3280814192
7796513.648906628
7793507.3133729
4598827.646742347
3491788.995219687
7793507.3133729
7787491.49870673
3154388.452489256
4474785.459884997
7787491.49870673
7787936.400577276
1451820.415004308
1000679.0361176473
7787936.400577276
7794022.746091711
4597324.496773921
3487981.6856379346
15051311.180777919
7796682.821460411
1004042.3280814192
3158276.4492396503
7796682.821460411
7795642.348146299
3491788.995219687
1455140.8725734255
7795642.348146299
7790351.20985017
4474785.459884997
4598828.266945988
7790351.20985017
7786487.991508223
1000679.0361176473
3154389.638524207
7786487.991508223
7790986.139865304
3487981.6856379346
1451820.4155252622
7790986.139865304
7795900.196667001
4476931.43599935
4597323.862535414
14815949.785471506
7796579.514878215
3158276.4492396503
4476930.753136059
7796579.514878215
7796512.596866312
1455140.8725734255
1004042.4424390635
7796512.596866312
7793507.795218831
4598828.266945988
3491788.511532342
7793507.795218831
7787491.218091868
3154389.638524207
4474784.8754569385
7787491.218091868
7787936.914961518
1451820.4155252622
1000679.7204612036
7787936.914961518
7794022.329271528
4597323.862535414
3487982.6973776063
10990719.40487314
7796682.498779875
1004042.4424390635
3158276.3822508473
7796682.498779875
7795642.660343443
3491788.511532342
1455138.782145388
7795642.660343443
7790352.162918561
4474784.8754569385
4598827.445355478
7790352.162918561
7786487.624048946
1000679.7204612036
3154388.208844257
7786487.624048946
7790985.698321681
3487982.6973776063
1451820.5139543873
7790985.698321681
7795899.922611749
4476930.753136059
4597324.516794102
8680026.58300334
7796579.928787047
3158276.3822508473
4476931.887290419
7796579.928787047
7796513.135032644
1455138.782145388
1004040.9561618521
7796513.135032644
7793506.79620556
4598827.445355478
3491787.9102829266
7793506.79620556
7787490.672772319
3154388.208844257
4474784.93748428
7787490.672772319
7787936.88384823
1451820.5139543873
1000680.8295856314
7787936.88384823
7794022.260196793
4597324.516794102
3487981.8000969235
8807942.41581144
7796682.353398475
1004040.9561618521
3158275.8784632697
7796682.353398475
7795642.820850905
3491787.9102829266
1455140.8678371278
7795642.820850905
7790350.790762764
4474784.93748428
4598828.547137849
7790350.790762764
7786487.985582464
1000680.8295856314
3154388.275069619
7786487.985582464
7790985.111856752
3487981.8000969235
1451820.1800985245
7790985.111856752
7795900.564726783
4476931.887290419
4597323.174505063
