7795469.252883156
7796678.595226461
1720590.9220043325
3675323.322283176
7796678.595226461
7796028.163422004
2942616.947020324
731480.2159017721
7796028.163422004
7791365.734707381
4648672.685844484
4381955.185660831
7791365.734707381
7786533.805549932
1717180.4097817317
3671629.5278731743
7786533.805549932
7789975.324551659
2938731.1368914605
727740.9175249115
7789975.324551659
7795469.252883156
4649760.163799241
4379457.329528283
13296492.282717753
7796608.430943613
731480.2159017721
1720592.997556502
7796608.430943613
7794306.2552929185
4381955.185660831
2942616.3501165137
7794306.2552929185
7788236.1106285285
3671629.5278731743
4648672.1719272025
7788236.1106285285
7787257.863897822
727740.9175249115
1717180.574086852
7787257.863897822
7793177.590878638
4379457.329528283
2938732.1477389755
7793177.590878638
7796464.56037741
3675323.322283176
4649759.834077067
13890979.022855854
7796680.158191426
1720592.997556502
3675322.5157250282
7796680.158191426
7796027.76053974
2942616.3501165137
731480.5271895273
7796027.76053974
7791366.702467995
4648672.1719272025
4381954.615208755
7791366.702467995
7786533.108134906
1717180.574086852
3671629.6622489295
7786533.108134906
7789974.391801083
2938732.1477389755
727739.957034727
7789974.391801083
7795468.652224986
4649759.834077067
4379456.832916262
13726379.988174234
7796608.227811945
731480.5271895273
1720592.9708963528
7796608.227811945
7794305.7267843215
4381954.615208755
2942616.6274306253
7794305.7267843215
7788235.820646736
3671629.6622489295
4648672.2640544465
7788235.820646736
7787257.803744306
727739.957034727
1717180.4218122729
7787257.803744306
7793178.497033178
4379456.832916262
2938731.248165038
7793178.497033178
7796464.392409412
3675322.5157250282
4649760.7702027075
13985800.455019508
7796679.575467156
1720592.9708963528
3675321.9179021157
7796679.575467156
7796026.60339377
2942616.6274306253
731480.8245521974
7796026.60339377
7791366.810843601
4648672.2640544465
4381953.736559124
7791366.810843601
7786534.72211169
1717180.4218122729
3671628.3986601527
7786534.72211169
7789973.4624857865
2938731.248165038
727741.8774134909
7789973.4624857865
7795468.873624893
4649760.7702027075
4379456.148483098
9094144.428452544
7796609.5952096265
731480.8245521974
1720593.2945698374
7796609.5952096265
7794306.500864409
4381953.736559124
2942614.0846513975
7794306.500864409
7788234.985235244
3671628.3986601527
4648672.76659368
7788234.985235244
7787257.546087422
727741.8774134909
1717180.528541613
7787257.546087422
7793178.980429673
4379456.148483098
2938730.786470097
7793178.980429673
7796463.039586366
3675321.9179021157
4649760.5897095455
7963206.851770782
7796680.258905752
1720593.2945698374
3675322.8254784895
7796680.258905752
7796027.654815908
2942614.0846513975
731480.7157372213
7796027.654815908
7791366.856473455
4648672.76659368
4381953.942727854
7791366.856473455
7786533.698853773
1717180.528541613
3671629.519398547
7786533.698853773
7789973.6752868965
2938730.786470097
727740.1892601979
7789973.6752868965
7795468.893767175
4649760.5897095455
4379455.793662167
8431287.421485031
7796609.537620265
731480.7157372213
1720590.9220043325
7796609.537620265
7794306.019651558
4381953.942727854
2942616.947020324
7794306.019651558
7788235.612742188
3671629.519398547
4648672.685844484
7788235.612742188
7787257.754518387
727740.1892601979
1717180.4097817317
7787257.754518387
7793178.503384402
4379455.793662167
2938731.1368914605
7793178.503384402
7796463.823740382
3675322.8254784895
4649760.163799241
