7796575.389888547
7796520.50410306
1412330.790311818
1047559.1507811892
7796520.50410306
7793558.594737103
4589145.017672233
3461307.0278334166
7793558.594737103
7787531.017978472
3187772.9561492456
4488503.497785638
7787531.017978472
7787891.8188934885
1409019.9276675214
1044221.1884026894
7787891.8188934885
7793973.301443654
4587576.605599688
3457487.588253581
7793973.301443654
7796575.389888547
3191659.6222859854
4490588.682875799
12821374.910747217
7795669.989563973
3461307.0278334166
1412330.5240704545
7795669.989563973
7790410.954395067
4488503.497785638
4589144.299621969
7790410.954395067
7786483.814154437
1044221.1884026894
3187773.8320361595
7786483.814154437
7790926.9630146995
3457487.588253581
1409018.7758457235
7790926.9630146995
7795874.233064458
4490588.682875799
4587577.517335088
7795874.233064458
7796684.56037453
1047559.1507811892
3191659.328051455
12078720.71009502
7796520.560909389
1412330.5240704545
1047559.3879801338
7796520.560909389
7793558.3750319285
4589144.299621969
3461306.59464384
7793558.3750319285
7787531.269278685
3187773.8320361595
4488502.907652701
7787531.269278685
7787892.463076827
1409018.7758457235
1044220.2178907982
7787892.463076827
7793973.318704953
4587577.517335088
3457486.6362536363
7793973.318704953
7796574.953871618
3191659.328051455
4490590.08317082
10772084.163145142
7795669.546857213
3461306.59464384
1412330.3563837986
7795669.546857213
7790411.393016033
4488502.907652701
4589143.79961554
7790411.393016033
7786483.923021198
1044220.2178907982
3187772.903775338
7786483.923021198
7790926.077515086
3457486.6362536363
1409020.1346597716
7790926.077515086
7795875.387276983
4490590.08317082
4587576.175167533
7795875.387276983
7796684.675884141
1047559.3879801338
3191660.013850047
10075339.475251282
7796521.657612038
1412330.3563837986
1047558.7990762738
7796521.657612038
7793558.056705884
4589143.79961554
3461307.3688138416
7793558.056705884
7787530.746834274
3187772.903775338
4488502.253480521
7787530.746834274
7787891.642217343
1409020.1346597716
1044220.7852512187
7787891.642217343
7793973.767530761
4587576.175167533
3457486.4384000525
7793973.767530761
7796575.307763337
3191660.013850047
4490588.6882307185
3219849.939169288
7795671.0433287285
3461307.3688138416
1412330.9588938644
7795671.0433287285
7790410.7057910655
4488502.253480521
4589146.3278446095
7790410.7057910655
7786483.149100323
1044220.7852512187
3187773.4517924045
7786483.149100323
7790925.845274221
3457486.4384000525
1409020.9020051942
7790925.845274221
7795874.663651102
4490588.6882307185
4587576.803176099
7795874.663651102
7796683.873041337
1047558.7990762738
3191659.845142473
4050131.7203366244
7796520.469071367
1412330.9588938644
1047561.7003223485
7796520.469071367
7793558.310736319
4589146.3278446095
3461304.7693657046
7793558.310736319
7787531.206629001
3187773.4517924045
4488502.090830551
7787531.206629001
7787892.73496457
1409020.9020051942
1044222.1119625963
7787892.73496457
7793973.537372
4587576.803176099
3457486.8975105584
7793973.537372
7796574.10474152
3191659.845142473
4490589.2444850225
7662719.501560817
7795670.331302311
3461304.7693657046
1412330.790311818
7795670.331302311
7790410.674460224
4488502.090830551
4589145.017672233
7790410.674460224
7786484.139927789
1044222.1119625963
3187772.9561492456
7786484.139927789
7790925.825273259
3457486.8975105584
1409019.9276675214
7790925.825273259
7795874.905253026
4490589.2444850225
4587576.605599688
7795874.905253026
7796684.651402532
1047561.7003223485
3191659.6222859854
