7791652.7949048
7796117.092314333
4299877.770046871
4676187.855475835
7796117.092314333
7796674.623150965
529041.7518593908
2773137.5207770136
7796674.623150965
7795322.508761252
3804773.4241348444
1916801.7475626187
7795322.508761252
7789694.852000179
4297138.855318876
4676954.884157058
7789694.852000179
7786588.535227644
524538.1686025098
2769284.9995719
7786588.535227644
7791652.7949048
3801191.0298348186
1913295.3114691777
13606650.508759521
7796627.617329345
2773137.5207770136
4299876.288288662
7796627.617329345
7796415.671043566
1916801.7475626187
529041.5879436046
7796415.671043566
7792922.747618951
4676954.884157058
3804772.8718845444
7792922.747618951
7787098.2337595355
2769284.9995719
4297137.528642417
7787098.2337595355
7788472.371718129
1913295.3114691777
524538.5580971979
7788472.371718129
7794514.151514587
4676187.855475835
3801189.20134148
13976992.689667352
7796116.186393245
4299876.288288662
4676187.052388108
7796116.186393245
7796674.699527846
529041.5879436046
2773137.222826844
7796674.699527846
7795322.7267979495
3804772.8718845444
1916801.3730707238
7795322.7267979495
7789694.552392102
4297137.528642417
4676955.051789746
7789694.552392102
7786589.785880501
524538.5580971979
2769283.979143176
7786589.785880501
7791652.707903148
3801189.20134148
1913295.5510858295
15403103.271467857
7796627.044039842
2773137.222826844
4299876.746540533
7796627.044039842
7796415.487891691
1916801.3730707238
529041.4219542502
7796415.487891691
7792923.166205259
4676955.051789746
3804773.133700525
7792923.166205259
7787098.529925088
2769283.979143176
4297138.750562424
7787098.529925088
7788472.957708982
1913295.5510858295
524539.617021158
7788472.957708982
7794513.161437214
4676187.052388108
3801190.5978506417
14156685.031985072
7796116.443890339
4299876.746540533
4676186.418909614
7796116.443890339
7796674.975200985
529041.4219542502
2773137.1953369435
7796674.975200985
7795322.484472229
3804773.133700525
1916800.6724076222
7795322.484472229
7789693.777470143
4297138.750562424
4676954.982060914
7789693.777470143
7786589.543905623
524539.617021158
2769283.9550803914
7786589.543905623
7791652.758304401
3801190.5978506417
1913294.6071714843
11465724.017058715
7796627.782790572
2773137.1953369435
4299876.363528048
7796627.782790572
7796415.4745264985
1916800.6724076222
529040.2560645787
7796415.4745264985
7792922.491497223
4676954.982060914
3804773.208603333
7792922.491497223
7787098.907145552
2769283.9550803914
4297137.651736722
7787098.907145552
7788472.633139165
1913294.6071714843
524538.3695900347
7788472.633139165
7794513.798151193
4676186.418909614
3801190.059974795
8109579.452089578
7796116.009109512
4299876.363528048
4676186.551649592
7796116.009109512
7796675.421222426
529040.2560645787
2773138.0045675016
7796675.421222426
7795322.823613943
3804773.208603333
1916801.3743802134
7795322.823613943
7789694.26904534
4297137.651736722
4676954.292435778
7789694.26904534
7786589.3601269135
524538.3695900347
2769283.724330428
7786589.3601269135
7791652.795815516
3801190.059974795
1913295.670049963
8907758.690541038
7796627.705596231
2773138.0045675016
4299877.770046871
7796627.705596231
7796415.803795155
1916801.3743802134
529041.7518593908
7796415.803795155
7792922.415621276
4676954.292435778
3804773.4241348444
7792922.415621276
7787098.515548978
2769283.724330428
4297138.855318876
7787098.515548978
7788472.885226404
1913295.670049963
524538.1686025098
7788472.885226404
7794513.955770698
4676186.551649592
3801191.0298348186
