7794154.18047094
7796594.522778097
3061228.7136705774
4435589.521135642
7796594.522778097
7796491.812410826
1576914.6668813168
879524.3389033679
7796491.812410826
7793359.136070995
4624161.005073609
3577160.922817738
7793359.136070995
7787380.6792332595
3057335.7286596005
4433280.119784789
7787380.6792332595
7788070.407368134
1573556.8106208462
876046.5624316509
7788070.407368134
7794154.18047094
4622843.589154123
3573400.235851925
13526196.4226628
7796681.637834219
879524.3389033679
3061226.875469638
7796681.637834219
7795564.846001696
3577160.922817738
1576914.5719337792
7795564.846001696
7790178.214630335
4433280.119784789
4624160.637959586
7790178.214630335
7786504.446735544
876046.5624316509
3057336.362493952
7786504.446735544
7791159.137981711
3573400.235851925
1573554.9754439984
7791159.137981711
7795962.311080896
4435589.521135642
4622842.38294342
14305653.730741004
7796594.354283293
3061226.875469638
4435588.925952188
7796594.354283293
7796491.08631126
1576914.5719337792
879524.5277240354
7796491.08631126
7793359.039305693
4624160.637959586
3577160.4749261844
7793359.039305693
7787381.207201631
3057336.362493952
4433278.925466348
7787381.207201631
7788069.816914125
1573554.9754439984
876045.0948709776
7788069.816914125
7794155.226961963
4622842.38294342
3573399.853515941
14979666.869559085
7796681.919962409
879524.5277240354
3061227.0319707333
7796681.919962409
7795564.744265293
3577160.4749261844
1576914.9578328764
7795564.744265293
7790178.774857599
4433278.925466348
4624161.059566488
7790178.774857599
7786504.996181148
876045.0948709776
3057337.4151786724
7786504.996181148
7791159.216198282
3573399.853515941
1573556.351854874
7791159.216198282
7795961.209228512
4435588.925952188
4622843.919555256
14798069.342198037
7796593.984320341
3061227.0319707333
4435588.258497224
7796593.984320341
7796491.466129093
1576914.9578328764
879524.3825293091
7796491.466129093
7793358.156876794
4624161.059566488
3577159.9216485103
7793358.156876794
7787381.356913249
3057337.4151786724
4433277.216806904
7787381.356913249
7788069.837179783
1573556.351854874
876046.4235602401
7788069.837179783
7794155.462459557
4622843.919555256
3573398.874510412
10892535.224165184
7796681.849621172
879524.3825293091
3061227.246029738
7796681.849621172
7795565.399422339
3577159.9216485103
1576916.3736767638
7795565.399422339
7790178.2963415375
4433277.216806904
4624162.400788477
7790178.2963415375
7786504.359668142
876046.4235602401
3057335.824094317
7786504.359668142
7791159.49031488
3573398.874510412
1573556.8224177968
7791159.49031488
7795961.302428587
4435588.258497224
4622843.2347846
8664870.818790225
7796593.765547545
3061227.246029738
4435588.86754211
7796593.765547545
7796491.288517719
1576916.3736767638
879524.9713483659
7796491.288517719
7793359.0171437785
4624162.400788477
3577159.4699882707
7793359.0171437785
7787381.2553018
3057335.824094317
4433278.973599891
7787381.2553018
7788070.13272472
1573556.8224177968
876046.9849421962
7788070.13272472
7794155.071088242
4622843.2347846
3573398.92606124
8787200.332887309
7796681.195334439
879524.9713483659
3061228.7136705774
7796681.195334439
7795564.763970924
3577159.4699882707
1576914.6668813168
7795564.763970924
7790178.484213816
4433278.973599891
4624161.005073609
7790178.484213816
7786504.651103673
876046.9849421962
3057335.7286596005
7786504.651103673
7791159.344695018
3573398.92606124
1573556.8106208462
7791159.344695018
7795962.435311614
4435588.86754211
4622843.589154123
