7794997.660214043
7796660.7717564255
2303078.0899516507
4043145.582146839
7796660.7717564255
7796267.254395167
2412127.65000555
194482.47639677432
7796267.254395167
7792219.749157344
4702325.700023975
4106187.7693077736
7792219.749157344
7786764.522635308
2299389.6365869236
4039871.2554008723
7786764.522635308
7789140.473282187
2408392.017168068
183735.434840765
7789140.473282187
7794997.660214043
4702422.497484182
4103018.4849035074
13402758.724971917
7796653.945553412
194482.47639677432
2303075.7621966787
7796653.945553412
7794892.753607107
4106187.7693077736
2412127.505834612
7794892.753607107
7788986.698466831
4039871.2554008723
4702325.272349893
7788986.698466831
7786828.750807204
183735.434840765
2299388.859472433
7786828.750807204
7792381.2796729375
4103018.4849035074
2408389.9514781265
7792381.2796729375
7796307.907709311
4043145.582146839
4702422.548672904
14125832.359028548
7796660.7930833
2303075.7621966787
4043145.5237328936
7796660.7930833
7796266.552420947
2412127.505834612
194483.0622416127
7796266.552420947
7792218.948384139
4702325.272349893
4106187.4662082754
7792218.948384139
7786764.663694706
2299388.859472433
4039869.991282323
7786764.663694706
7789141.073068433
2408389.9514781265
183735.73358546098
7789141.073068433
7794998.131265205
4702422.548672904
4103017.754048551
14316884.477304554
7796654.326429364
194483.0622416127
2303075.7123302254
7796654.326429364
7794893.109996602
4106187.4662082754
2412127.2234097775
7794893.109996602
7788985.6462827865
4039869.991282323
4702327.062501402
7788985.6462827865
7786829.998509552
183735.73358546098
2299387.957948824
7786829.998509552
7792380.931571216
4103017.754048551
2408391.7195288246
7792380.931571216
7796306.912257194
4043145.5237328936
4702422.9411666645
14448477.16563504
7796659.213752686
2303075.7123302254
4043145.2044629036
7796659.213752686
7796267.246258039
2412127.2234097775
194482.07663480844
7796267.246258039
7792220.518997152
4702327.062501402
4106185.08174065
7792220.518997152
7786764.101796147
2299387.957948824
4039871.330227003
7786764.101796147
7789140.965245615
2408391.7195288246
183736.8289284636
7789140.965245615
7794998.118116365
4702422.9411666645
4103017.7560438327
9962445.34563901
7796655.276775959
194482.07663480844
2303075.462999245
7796655.276775959
7794890.686956939
4106185.08174065
2412127.6187141044
7794890.686956939
7788987.38658712
4039871.330227003
4702324.679866216
7788987.38658712
7786829.32812054
183736.8289284636
2299389.750450109
7786829.32812054
7792380.999047407
4103017.7560438327
2408391.7567160483
7792380.999047407
7796307.3196517145
4043145.2044629036
4702423.082112355
8365486.484033114
7796660.922170138
2303075.462999245
4043146.6728531504
7796660.922170138
7796266.680933693
2412127.6187141044
194484.03923836205
7796266.680933693
7792219.109457941
4702324.679866216
4106187.537144055
7792219.109457941
7786764.656907644
2299389.750450109
4039869.9776922637
7786764.656907644
7789141.69212513
2408391.7567160483
183736.38710825288
7789141.69212513
7794998.32851344
4702423.082112355
4103017.069907643
8597155.262050176
7796653.367523364
194484.03923836205
2303078.0899516507
7796653.367523364
7794892.231192815
4106187.537144055
2412127.65000555
7794892.231192815
7788986.783202119
4039869.9776922637
4702325.700023975
7788986.783202119
7786829.098438634
183736.38710825288
2299389.6365869236
7786829.098438634
7792380.384785985
4103017.069907643
2408392.017168068
7792380.384785985
7796308.429444042
4043146.6728531504
4702422.497484182
