7795812.660024929
7796683.357085081
1170735.0400433668
3284720.143367894
7796683.357085081
7795742.480042383
3373129.0102641312
1290360.8823256092
7795742.480042383
7790584.508441631
4525140.478326873
4559370.646192075
7790584.508441631
7786476.301776018
1167438.0307203543
3280849.069924116
7786476.301776018
7790750.9700077195
3369278.0198920397
1287067.0406727314
7790750.9700077195
7795812.660024929
4527059.291150741
4557621.105558644
13193909.602526622
7796540.3638965925
1290360.8823256092
1170735.4868138647
7796540.3638965925
7793699.970644705
4559370.646192075
3373128.6762334425
7793699.970644705
7787648.023967197
3280849.069924116
4525139.817081789
7787648.023967197
7787766.626452694
1287067.0406727314
1167438.4458891987
7787766.626452694
7793837.206848638
4557621.105558644
3369277.3145195814
7793837.206848638
7796558.524194776
3284720.143367894
4527057.736809841
13615019.873816859
7796684.315281107
1170735.4868138647
3284720.168763034
7796684.315281107
7795742.3599999705
3373128.6762334425
1290360.788854686
7795742.3599999705
7790583.85992351
4525139.817081789
4559370.013519049
7790583.85992351
7786476.726504927
1167438.4458891987
3280848.215335251
7786476.726504927
7790751.425829399
3369277.3145195814
1287068.113860414
7790751.425829399
7795811.551634833
4527057.736809841
4557621.518452325
13136157.897630222
7796540.323359151
1290360.788854686
1170735.1161134026
7796540.323359151
7793699.398866774
4559370.013519049
3373128.4667973937
7793699.398866774
7787647.522384123
3280848.215335251
4525138.749700247
7787647.522384123
7787766.833641464
1287068.113860414
1167439.2643658237
7787766.833641464
7793836.564253005
4557621.518452325
3369277.3293025666
7793836.564253005
7796559.751923297
3284720.168763034
4527057.967080166
13432305.507858349
7796683.556675414
1170735.1161134026
3284719.6944133984
7796683.556675414
7795743.9841050245
3373128.4667973937
1290360.1503155525
7795743.9841050245
7790582.1532533355
4525138.749700247
4559370.055240139
7790582.1532533355
7786477.425999477
1167439.2643658237
3280848.407392617
7786477.425999477
7790751.3645125665
3369277.3293025666
1287067.4919707493
7790751.3645125665
7795811.76185793
4527057.967080166
4557620.603102384
8176731.721531127
7796539.793913524
1290360.1503155525
1170735.0357856117
7796539.793913524
7793699.133618503
4559370.055240139
3373128.4062129366
7793699.133618503
7787647.681797866
3280848.407392617
4525139.708609678
7787647.681797866
7787766.578689496
1287067.4919707493
1167438.3613289692
7787766.578689496
7793837.04825493
4557620.603102384
3369276.707461531
7793837.04825493
7796560.15267449
3284719.6944133984
4527057.937502989
7472131.61403825
7796683.760498273
1170735.0357856117
3284718.4691055147
7796683.760498273
7795742.721932459
3373128.4062129366
1290361.7409663415
7795742.721932459
7790583.533914734
4525139.708609678
4559369.707000632
7790583.533914734
7786476.87726827
1167438.3613289692
3280847.916425986
7786476.87726827
7790751.917362773
3369276.707461531
1287068.174071065
7790751.917362773
7795811.497186574
4527057.937502989
4557621.10941957
8269193.612396039
7796540.1753327055
1290361.7409663415
1170735.0400433668
7796540.1753327055
7793700.1347053815
4559369.707000632
3373129.0102641312
7793700.1347053815
7787647.225385938
3280847.916425986
4525140.478326873
7787647.225385938
7787766.955109332
1287068.174071065
1167438.0307203543
7787766.955109332
7793837.073662786
4557621.10941957
3369278.0198920397
7793837.073662786
7796559.143457799
3284718.4691055147
4527059.291150741
