7796544.644287635
7796554.267864015
1186316.63851292
1274847.7774696401
7796554.267864015
7793819.422311409
4531440.65106767
3296343.67589351
7793819.422311409
7787749.79628941
3357918.913065832
4553582.624431126
7787749.79628941
7787662.844011805
1183018.7639253656
1271556.8604884525
7787662.844011805
7793719.347327647
4529543.760328489
3292471.8688769336
7793719.347327647
7796544.644287635
3361772.0980291176
4555351.402610753
12841947.298048314
7795801.228284707
3296343.67589351
1186316.1580824745
7795801.228284707
7790729.549486773
4553582.624431126
4531439.945755778
7790729.549486773
7786476.415853705
1271556.8604884525
3357918.4776092223
7786476.415853705
7790607.5858153775
3292471.8688769336
1183019.1794752579
7790607.5858153775
7795749.9202596545
4555351.402610753
4529543.56030394
7795749.9202596545
7796685.362247923
1274847.7774696401
3361771.0250024903
12212177.936128927
7796555.257769859
1186316.1580824745
1274847.3253783053
7796555.257769859
7793819.560178934
4531439.945755778
3296343.406474248
7793819.560178934
7787749.625950617
3357918.4776092223
4553582.298730439
7787749.625950617
7787663.3902150085
1183019.1794752579
1271557.4358641354
7787663.3902150085
7793718.416110109
4529543.56030394
3292472.147214572
7793718.416110109
7796543.843867728
3361771.0250024903
4555351.90506034
10914037.517005378
7795801.721274262
3296343.406474248
1186316.5163514016
7795801.721274262
7790729.456271519
4553582.298730439
4531440.822895869
7790729.456271519
7786477.00341403
1271557.4358641354
3357919.72797357
7786477.00341403
7790606.84757404
3292472.147214572
1183017.8970748656
7790606.84757404
7795751.395738195
4555351.90506034
4529542.575595453
7795751.395738195
7796685.193701147
1274847.3253783053
3361770.8122350816
10391980.64494024
7796554.778645669
1186316.5163514016
1274847.299232564
7796554.778645669
7793819.887088393
4531440.822895869
3296341.9523476325
7793819.887088393
7787750.38679441
3357919.72797357
4553580.980704025
7787750.38679441
7787664.01082623
1183017.8970748656
1271556.6832256548
7787664.01082623
7793717.992924354
4529542.575595453
3292471.9872085545
7793717.992924354
7796543.2838474
3361770.8122350816
4555351.819251742
3666667.6449021716
7795801.463080318
3296341.9523476325
1186317.0642006004
7795801.463080318
7790728.211699995
4553580.980704025
4531441.212014315
7790728.211699995
7786477.068828312
1271556.6832256548
3357918.67185342
7786477.068828312
7790606.636167611
3292471.9872085545
1183019.2780802697
7790606.636167611
7795751.344441852
4555351.819251742
4529543.065931547
7795751.344441852
7796686.053304308
1274847.299232564
3361771.268970022
4431938.269423433
7796555.204685268
1186317.0642006004
1274845.9296213381
7796555.204685268
7793819.6661751205
4531441.212014315
3296343.458668616
7793819.6661751205
7787749.941551019
3357918.67185342
4553582.06349167
7787749.941551019
7787663.4248347115
1183019.2780802697
1271557.383063789
7787663.4248347115
7793718.795075938
4529543.065931547
3292471.2168443855
7793718.795075938
7796543.81123511
3361771.268970022
4555351.458745994
7697002.782091176
7795801.243184498
3296343.458668616
1186316.63851292
7795801.243184498
7790728.889832536
4553582.06349167
4531440.65106767
7790728.889832536
7786476.780454704
1271557.383063789
3357918.913065832
7786476.780454704
7790607.35354482
3292471.2168443855
1183018.7639253656
7790607.35354482
7795751.60159336
4555351.458745994
4529543.760328489
7795751.60159336
7796684.8538879575
1274845.9296213381
3361772.0980291176
