7796055.068526609
7796679.245407702
673695.5730275058
2895227.7901303973
7796679.245407702
7795427.483598556
3712754.8252948234
1776497.085045992
7795427.483598556
7789894.74982899
4357061.371921918
4658437.010543135
7789894.74982899
7786547.49618485
669804.1905396681
2891351.7409574734
7786547.49618485
7791446.727263461
3709088.9973964295
1773056.8617482528
7791446.727263461
7796055.068526609
4359629.433802768
4657436.141847459
13102397.42836099
7796450.351427517
1776497.085045992
673696.0117595579
7796450.351427517
7793105.890763737
4658437.010543135
3712754.5762030203
7793105.890763737
7787210.431594355
2891351.7409574734
4357060.136107832
7787210.431594355
7788304.045022164
1773056.8617482528
669804.6653299845
7788304.045022164
7794365.011183193
4657436.141847459
3709089.3842178853
7794365.011183193
7796615.729411941
2895227.7901303973
4359627.152548455
13329673.329228757
7796678.523780965
673696.0117595579
2895227.8001019894
7796678.523780965
7795427.721473795
3712754.5762030203
1776496.7862920729
7795427.721473795
7789894.679492937
4357060.136107832
4658437.155581439
7789894.679492937
7786548.344304434
669804.6653299845
2891350.4777353504
7786548.344304434
7791447.319063677
3709089.3842178853
1773056.7751154273
7791447.319063677
7796054.604221003
4359627.152548455
4657437.955582186
12590536.28446432
7796449.950206334
1776496.7862920729
673695.4488387632
7796449.950206334
7793106.865620207
4658437.155581439
3712754.5180582064
7793106.865620207
7787210.059791859
2891350.4777353504
4357061.247533914
7787210.059791859
7788303.405819553
1773056.7751154273
669804.2129632103
7788303.405819553
7794365.187504916
4657437.955582186
3709088.545015739
7794365.187504916
7796616.006757315
2895227.8001019894
4359627.933430311
12847393.245108385
7796678.957666791
673695.4488387632
2895227.570953221
7796678.957666791
7795427.011235632
3712754.5180582064
1776497.4030151297
7795427.011235632
7789894.717195414
4357061.247533914
4658435.941744644
7789894.717195414
7786547.217185034
669804.2129632103
2891351.109538403
7786547.217185034
7791447.84817829
3709088.545015739
1773056.239336602
7791447.84817829
7796054.98716847
4359627.933430311
4657436.750316772
7268432.505367367
7796450.414643124
1776497.4030151297
673695.4572070659
7796450.414643124
7793105.233634969
4658435.941744644
3712755.738457386
7793105.233634969
7787211.292731969
2891351.109538403
4357060.55470756
7787211.292731969
7788302.260055486
1773056.239336602
669804.4720684118
7788302.260055486
7794365.353339063
4657436.750316772
3709088.211395634
7794365.353339063
7796615.288403131
2895227.570953221
4359627.300976434
6939296.063927146
7796678.5307555
673695.4572070659
2895227.654507867
7796678.5307555
7795427.521886415
3712755.738457386
1776495.238239502
7795427.521886415
7789894.713491737
4357060.55470756
4658436.420839138
7789894.713491737
7786548.127103784
669804.4720684118
2891350.20970137
7786548.127103784
7791446.853866087
3709088.211395634
1773056.849255774
7791446.853866087
7796054.601548642
4359627.300976434
4657437.0741377175
8122887.601660255
7796450.22110125
1776495.238239502
673695.5730275058
7796450.22110125
7793105.949331993
4658436.420839138
3712754.8252948234
7793105.949331993
7787210.351469181
2891350.20970137
4357061.371921918
7787210.351469181
7788303.198772034
1773056.849255774
669804.1905396681
7788303.198772034
7794365.725671441
4657437.0741377175
3709088.9973964295
7794365.725671441
7796614.650254551
2895227.654507867
4359629.433802768
