7795310.159368554
7796673.556286477
1938340.3469834058
3818653.451741927
7796673.556286477
7796124.562573884
2753985.2852175697
507001.1935868593
7796124.562573884
7791681.967976928
4678647.133815592
4290223.453509367
7791681.967976928
7786598.4409237625
1934827.6874321313
3815086.2023660014
7786598.4409237625
7789662.149927998
2750134.5257189125
502361.7473564866
7789662.149927998
7795310.159368554
4679378.413870432
4287456.332532525
13336800.64864407
7796628.810692736
507001.1935868593
1938341.173727132
7796628.810692736
7794531.615902932
4290223.453509367
2753985.1026458456
7794531.615902932
7788501.223201336
3815086.2023660014
4678646.652880818
7788501.223201336
7787081.504057856
502361.7473564866
1934827.9390200146
7787081.504057856
7792893.776464955
4287456.332532525
2750133.1014018157
7792893.776464955
7796413.572575889
3818653.451741927
4679376.957293874
13986636.669932036
7796674.240395556
1938341.173727132
3818652.408351366
7796674.240395556
7796124.721627801
2753985.1026458456
507001.100291613
7796124.721627801
7791682.85986414
4678646.652880818
4290222.770423116
7791682.85986414
7786598.512193775
1934827.9390200146
3815085.882791025
7786598.512193775
7789662.763180301
2750133.1014018157
502361.6852894063
7789662.763180301
7795307.638864847
4679376.957293874
4287456.1858621035
13952714.912094321
7796628.415105238
507001.100291613
1938341.0091162687
7796628.415105238
7794532.455760135
4290222.770423116
2753985.47757281
7794532.455760135
7788500.525070686
3815085.882791025
4678647.063302702
7788500.525070686
7787082.667299861
502361.6852894063
1934828.9862727209
7787082.667299861
7792893.047286479
4287456.1858621035
2750134.118273493
7792893.047286479
7796413.878122469
3818652.408351366
4679377.099319059
14175130.236068271
7796674.858992011
1938341.0091162687
3818652.0750936368
7796674.858992011
7796124.217573886
2753985.47757281
507001.4080424851
7796124.217573886
7791681.2149442015
4678647.063302702
4290222.046392715
7791681.2149442015
7786599.389299347
1934828.9862727209
3815084.1171835912
7786599.389299347
7789663.028609971
2750134.118273493
502362.22822470503
7789663.028609971
7795307.78506518
4679377.099319059
4287455.68370687
9432052.82881108
7796627.81030787
507001.4080424851
1938341.4156026056
7796627.81030787
7794533.025495982
4290222.046392715
2753984.999031602
7794533.025495982
7788500.023140884
3815084.1171835912
4678647.167085548
7788500.023140884
7787082.2160547655
502362.22822470503
1934827.6931511785
7787082.2160547655
7792893.275946537
4287455.68370687
2750133.095723488
7792893.275946537
7796414.206645336
3818652.0750936368
4679377.045506331
8128662.29904946
7796673.952689173
1938341.4156026056
3818650.3798221857
7796673.952689173
7796125.041198491
2753984.999031602
507001.7341408644
7796125.041198491
7791682.434107006
4678647.167085548
4290222.673846607
7791682.434107006
7786598.088932095
1934827.6931511785
3815086.0050132787
7786598.088932095
7789662.952031335
2750133.095723488
502361.90650397894
7789662.952031335
7795307.89799416
4679377.045506331
4287455.485941385
8494446.997962397
7796627.921309962
507001.7341408644
1938340.3469834058
7796627.921309962
7794531.914295975
4290222.673846607
2753985.2852175697
7794531.914295975
7788500.485992665
3815086.0050132787
4678647.133815592
7788500.485992665
7787083.003902233
502361.90650397894
1934827.6874321313
7787083.003902233
7792893.263786143
4287455.485941385
2750134.5257189125
7792893.263786143
7796413.29328788
3818650.3798221857
4679378.413870432
