7796370.687371319
7796640.158413155
351322.69984952937
2094747.660568209
7796640.158413155
7794690.674892082
4216161.529015618
2611531.827333448
7794690.674892082
7788701.650550926
3913945.22460369
4693033.829174395
7788701.650550926
7786967.4060438555
345137.14217648323
2091158.2406557617
7786967.4060438555
7792680.707414257
4213214.754759778
2607721.3435902353
7792680.707414257
7796370.687371319
3917397.516150582
4693497.072165703
12949079.457706254
7796188.09251659
2611531.827333448
351322.25969131157
7796188.09251659
7791910.998163917
4693033.829174395
4216160.213641769
7791910.998163917
7786660.483397028
2091158.2406557617
3913944.6737558055
7786660.483397028
7789441.472464275
2607721.3435902353
345137.0647916111
7789441.472464275
7795179.367256457
4693497.072165703
4213214.138649895
7795179.367256457
7796670.141835004
2094747.660568209
3917398.4379383964
12750363.49071304
7796640.190954828
351322.25969131157
2094747.2670910237
7796640.190954828
7794690.244998181
4216160.213641769
2611531.691574231
7794690.244998181
7788702.30800691
3913944.6737558055
4693032.895997394
7788702.30800691
7786967.445754619
345137.0647916111
2091158.5116675382
7786967.445754619
7792678.511820135
4213214.138649895
2607721.9904966713
7792678.511820135
7796370.934364059
3917398.4379383964
4693496.891326642
11628752.462439537
7796188.844269764
2611531.691574231
351322.5524959222
7796188.844269764
7791910.063285897
4693032.895997394
4216161.073580481
7791910.063285897
7786660.688862566
2091158.5116675382
3913942.9300775933
7786660.688862566
7789441.021864489
2607721.9904966713
345137.2674446674
7789441.021864489
7795179.339695048
4693496.891326642
4213214.220062012
7795179.339695048
7796670.7306407215
2094747.2670910237
3917399.2482816167
11612532.096506935
7796641.317499071
351322.5524959222
2094747.4130998766
7796641.317499071
7794690.760411305
4216161.073580481
2611532.6784926867
7794690.760411305
7788701.002421959
3913942.9300775933
4693033.233672916
7788701.002421959
7786968.525437363
345137.2674446674
2091157.9591139772
7786968.525437363
7792678.341930505
4213214.220062012
2607721.123177024
7792678.341930505
7796370.920513244
3917399.2482816167
4693495.255238423
5435857.203368578
7796189.609242488
2611532.6784926867
351321.3901101188
7796189.609242488
7791909.879751572
4693033.233672916
4216161.396840777
7791909.879751572
7786661.205649943
2091157.9591139772
3913945.08765942
7786661.205649943
7789440.237904455
2607721.123177024
345138.7864961672
7789440.237904455
7795179.220947998
4693495.255238423
4213213.716431252
7795179.220947998
7796670.056273004
2094747.4130998766
3917398.8217694913
5750002.651399951
7796640.72482186
351321.3901101188
2094748.5686986994
7796640.72482186
7794690.294305138
4216161.396840777
2611531.0070125773
7794690.294305138
7788702.108494499
3913945.08765942
4693032.586347132
7788702.108494499
7786967.902535031
345138.7864961672
2091158.4533657192
7786967.902535031
7792678.628385131
4213213.716431252
2607722.060006252
7792678.628385131
7796370.69868679
3917398.8217694913
4693496.196926339
7873962.773200661
7796188.816082009
2611531.0070125773
351322.69984952937
7796188.816082009
7791911.014093458
4693032.586347132
4216161.529015618
7791911.014093458
7786660.11098494
2091158.4533657192
3913945.22460369
7786660.11098494
7789440.672126879
2607722.060006252
345137.14217648323
7789440.672126879
7795179.738652933
4693496.196926339
4213214.754759778
7795179.738652933
7796670.896213249
2094748.5686986994
3917397.516150582
