7796471.336352125
7796605.688108155
771811.7092303524
1681536.5952854652
7796605.688108155
7794265.740200058
4397065.078806726
2975307.4142255373
7794265.740200058
7788190.50567039
3645204.49538688
4642117.6946509825
7788190.50567039
7787289.5656493865
768160.3755133104
1678140.6396502126
7787289.5656493865
7793228.422980452
4394617.857738458
2971418.2222061595
7793228.422980452
7796471.336352125
3648919.5312487665
4643267.457345922
12888683.036278544
7796008.978716949
2975307.4142255373
771812.374354229
7796008.978716949
7791309.035663241
4642117.6946509825
4397064.345413874
7791309.035663241
7786525.443755132
1678140.6396502126
3645204.6313391826
7786525.443755132
7790030.665446727
2971418.2222061595
768159.7697715625
7790030.665446727
7795494.241215103
4643267.457345922
4394615.851096899
7795494.241215103
7796681.519374401
1681536.5952854652
3648916.791860601
12469283.136664001
7796604.902897935
771812.374354229
1681536.8265787587
7796604.902897935
7794265.515624716
4397064.345413874
2975307.632481577
7794265.515624716
7788190.78639761
3645204.6313391826
4642117.819451571
7788190.78639761
7787290.514059345
768159.7697715625
1678139.8015539316
7787290.514059345
7793227.4999446
4394615.851096899
2971419.233987033
7793227.4999446
7796471.673656501
3648916.791860601
4643268.176459546
11230674.335027177
7796009.248159054
2975307.632481577
771811.9829581231
7796009.248159054
7791310.146155946
4642117.819451571
4397064.817440309
7791310.146155946
7786524.938575502
1678139.8015539316
3645206.0589594417
7786524.938575502
7790031.130775934
2971419.233987033
768160.4956690569
7790031.130775934
7795494.49417765
4643268.176459546
4394616.467623722
7795494.49417765
7796681.555974179
1681536.8265787587
3648917.3437010054
10985414.480345929
7796604.590401881
771811.9829581231
1681536.3450915394
7796604.590401881
7794265.190017467
4397064.817440309
2975306.413504619
7794265.190017467
7788191.216306855
3645206.0589594417
4642116.314391769
7788191.216306855
7787290.689889062
768160.4956690569
1678140.1110282869
7787290.689889062
7793226.953078478
4394616.467623722
2971419.3583713835
7793226.953078478
7796472.112959265
3648917.3437010054
4643267.076784644
4522503.680379299
7796008.444850903
2975306.413504619
771814.6129870259
7796008.444850903
7791310.018951626
4642116.314391769
4397063.875369954
7791310.018951626
7786524.367699655
1678140.1110282869
3645204.988129292
7786524.367699655
7790031.431216324
2971419.3583713835
768159.8136059889
7790031.431216324
7795494.206191833
4643267.076784644
4394616.781602948
7795494.206191833
7796682.151110573
1681536.3450915394
3648917.161217712
5097185.700819384
7796605.330830318
771814.6129870259
1681536.4182472194
7796605.330830318
7794265.343363207
4397063.875369954
2975306.943949628
7794265.343363207
7788189.933853583
3645204.988129292
4642116.627440645
7788189.933853583
7787290.63056785
768159.8136059889
1678141.4945184244
7787290.63056785
7793227.976380403
4394616.781602948
2971418.0479358146
7793227.976380403
7796471.262098436
3648917.161217712
4643266.968233022
7774518.265988037
7796009.83646188
2975306.943949628
771811.7092303524
7796009.83646188
7791309.260762488
4642116.627440645
4397065.078806726
7791309.260762488
7786525.224334967
1678141.4945184244
3645204.49538688
7786525.224334967
7790031.549491047
2971418.0479358146
768160.3755133104
7790031.549491047
7795494.928369179
4643266.968233022
4394617.857738458
7795494.928369179
7796680.7960280115
1681536.4182472194
3648919.5312487665
