7794670.888286727
7796638.244640235
2632934.6020513345
4227537.506654519
7796638.244640235
7796375.830994317
2071665.3879341837
373521.0101786863
7796375.830994317
7792711.761020774
4691804.166257544
3903054.3494213247
7792711.761020774
7786982.655273814
2629120.4387833537
4224617.8979875725
7786982.655273814
7788670.761417231
2068084.6630568886
367650.8946351994
7788670.761417231
7794670.888286727
4691300.427686336
3899580.29014874
13459482.56452255
7796670.01776742
373521.0101786863
2632934.8291323395
7796670.01776742
7795197.756058927
3903054.3494213247
2071665.4105381316
7795197.756058927
7789472.848267598
4224617.8979875725
4691803.408714061
7789472.848267598
7786649.511670436
367650.8946351994
2629120.9229224673
7786649.511670436
7791877.665061185
3899580.29014874
2068083.3430190107
7791877.665061185
7796181.920630259
4227537.506654519
4691297.429770411
14224854.197604228
7796639.56650356
2632934.8291323395
4227536.481594283
7796639.56650356
7796375.966061239
2071665.4105381316
373521.161488961
7796375.966061239
7792711.19363215
4691803.408714061
3903053.995240482
7792711.19363215
7786983.693630876
2629120.9229224673
4224617.6022320725
7786983.693630876
7788671.210219076
2068083.3430190107
367650.7919732562
7788671.210219076
7794668.73436411
4691297.429770411
3899580.88976193
14624318.106602846
7796670.126812425
373521.161488961
2632935.029775962
7796670.126812425
7795197.82326115
3903053.995240482
2071665.8097753725
7795197.82326115
7789473.579370941
4224617.6022320725
4691803.000802251
7789473.579370941
7786650.320557384
367650.7919732562
2629120.263892985
7786650.320557384
7791877.611486854
3899580.88976193
2068084.7225914826
7791877.611486854
7796181.247892485
4227536.481594283
4691298.98991462
14641451.400646187
7796639.808452936
2632935.029775962
4227536.183647866
7796639.808452936
7796376.065222849
2071665.8097753725
373521.560370516
7796376.065222849
7792711.064291688
4691803.000802251
3903053.958240449
7792711.064291688
7786982.5611002855
2629120.263892985
4224618.235852316
7786982.5611002855
7788671.864043883
2068084.7225914826
367651.41047460807
7788671.864043883
7794668.845500655
4691298.98991462
3899579.9035165994
10399018.619948285
7796670.610117445
373521.560370516
2632935.0408654455
7796670.610117445
7795196.674909896
3903053.958240449
2071667.118773361
7795196.674909896
7789473.522027944
4224618.235852316
4691803.043279643
7789473.522027944
7786650.449083503
367651.41047460807
2629121.1374385376
7786650.449083503
7791878.052130593
3899579.9035165994
2068083.5468314318
7791878.052130593
7796181.161881074
4227536.183647866
4691298.604772064
8531267.072589684
7796639.006490135
2632935.0408654455
4227535.770265286
7796639.006490135
7796375.896081045
2071667.118773361
373522.2386749131
7796375.896081045
7792710.885356304
4691803.043279643
3903054.3066925686
7792710.885356304
7786984.209210704
2629121.1374385376
4224616.932512463
7786984.209210704
7788670.98706161
2068083.5468314318
367651.014477342
7788670.98706161
7794668.746983399
4691298.604772064
3899579.9518685904
8684846.774155756
7796670.4409608925
373522.2386749131
2632934.6020513345
7796670.4409608925
7795197.718874693
3903054.3066925686
2071665.3879341837
7795197.718874693
7789472.782687317
4224616.932512463
4691804.166257544
7789472.782687317
7786650.858711106
367651.014477342
2629120.4387833537
7786650.858711106
7791877.524055768
3899579.9518685904
2068084.6630568886
7791877.524055768
7796181.423751228
4227535.770265286
4691300.427686336
