7791163.565640665
7795960.951329086
4435237.034575629
4623039.619663036
7795960.951329086
7796681.011562424
878503.3127708865
3060422.811394543
7796681.011562424
7795564.347771589
3577849.3879381046
1577908.190733131
7795564.347771589
7790176.959648833
4432925.597138344
4624353.388332794
7790176.959648833
7786503.543557416
875025.6294393253
3056530.969379175
7786503.543557416
7791163.565640665
3574088.576354152
1574548.944842796
13588408.071014106
7796594.626187832
3060422.811394543
4435236.407716084
7796594.626187832
7796490.319698316
1577908.190733131
878504.5341716104
7796490.319698316
7793357.228466204
4624353.388332794
3577849.0358534465
7793357.228466204
7787379.803632957
3056530.969379175
4432925.53675441
7787379.803632957
7788070.6382468715
1574548.944842796
875025.4531940771
7788070.6382468715
7794157.715817156
4623039.619663036
3574086.6363517116
13823305.727712624
7795960.820382889
4435236.407716084
4623038.018150812
7795960.820382889
7796681.395989986
878504.5341716104
3060421.521615997
7796681.395989986
7795564.832912462
3577849.0358534465
1577908.1668143151
7795564.832912462
7790177.297481072
4432925.53675441
4624353.56186833
7790177.297481072
7786503.454633523
875025.4531940771
3056530.8881236585
7786503.454633523
7791162.722563572
3574086.6363517116
1574549.2731599612
15309945.309004547
7796593.622319745
3060421.521615997
4435236.750106074
7796593.622319745
7796489.555615695
1577908.1668143151
878504.6208596814
7796489.555615695
7793357.945733667
4624353.56186833
3577848.8212425737
7793357.945733667
7787380.395475731
3056530.8881236585
4432927.282303781
7787380.395475731
7788071.777732704
1574549.2731599612
875025.6852403855
7788071.777732704
7794156.9029908385
4623038.018150812
3574088.496388573
13851813.22016332
7795960.514149385
4435236.750106074
4623037.401941796
7795960.514149385
7796680.935446716
878504.6208596814
3060421.299140406
7796680.935446716
7795564.704219702
3577848.8212425737
1577908.4428052218
7795564.704219702
7790177.79490804
4432927.282303781
4624351.004653021
7790177.79490804
7786503.445190222
875025.6852403855
3056530.6548887407
7786503.445190222
7791163.205816267
3574088.496388573
1574548.191660746
11339881.73380174
7796592.791975996
3060421.299140406
4435236.884820154
7796592.791975996
7796491.361030945
1577908.4428052218
878505.0090446981
7796491.361030945
7793357.063914456
4624351.004653021
3577850.3975935024
7793357.063914456
7787380.819569057
3056530.6548887407
4432925.728366929
7787380.819569057
7788070.674293928
1574548.191660746
875025.2188524251
7788070.674293928
7794156.988965546
4623037.401941796
3574087.4011227414
7841631.355078583
7795960.710692621
4435236.884820154
4623037.475650932
7795960.710692621
7796681.790105823
878505.0090446981
3060422.058960016
7796681.790105823
7795564.713607989
3577850.3975935024
1577907.2591463511
7795564.713607989
7790177.4029495865
4432925.728366929
4624352.799240517
7790177.4029495865
7786502.97678832
875025.2188524251
3056530.5906912433
7786502.97678832
7791163.157163497
3574087.4011227414
1574549.2870704501
8879376.921700777
7796593.889962522
3060422.058960016
4435237.034575629
7796593.889962522
7796490.510487477
1577907.2591463511
878503.3127708865
7796490.510487477
7793357.409074094
4624352.799240517
3577849.3879381046
7793357.409074094
7787380.579267889
3056530.5906912433
4432925.597138344
7787380.579267889
7788071.560208031
1574549.2870704501
875025.6294393253
7788071.560208031
7794157.333906768
4623037.475650932
3574088.576354152
