7796073.13421066
7796678.650696705
632647.3927949024
2861129.9648229103
7796678.650696705
7795398.555748879
3739083.858790569
1816213.3807253735
7795398.555748879
7789838.361096953
4340641.567241554
4664156.345288713
7789838.361096953
7786558.662592071
628619.28946929
2857259.2767221658
7786558.662592071
7791504.132704023
3735440.309246003
1812754.591716585
7791504.132704023
7796073.13421066
4343260.066644111
4663220.427614014
13094906.895474995
7796440.618523987
1816213.3807253735
632646.8505093304
7796440.618523987
7793054.297689277
4664156.345288713
3739083.0588081894
7793054.297689277
7787178.409844763
2857259.2767221658
4340640.559695949
7787178.409844763
7788350.62301003
1812754.591716585
628618.9502864096
7788350.62301003
7794407.145904177
4663220.427614014
3735440.5107167684
7794407.145904177
7796619.153340055
2861129.9648229103
4343257.451405438
13304569.371084375
7796677.64135384
632646.8505093304
2861130.4892953425
7796677.64135384
7795398.2601806335
3739083.0588081894
1816213.507165027
7795398.2601806335
7789837.531289738
4340640.559695949
4664155.737621199
7789837.531289738
7786559.22305359
628618.9502864096
2857260.169102573
7786559.22305359
7791504.865135508
3735440.5107167684
1812754.4344363126
7791504.865135508
7796072.661898513
4343257.451405438
4663221.366682856
12544998.481791869
7796441.44695668
1816213.507165027
632647.0619080891
7796441.44695668
7793053.628973297
4664155.737621199
3739083.626482246
7793053.628973297
7787178.176585935
2857260.169102573
4340639.551984811
7787178.176585935
7788350.90476981
1812754.4344363126
628619.0137193468
7788350.90476981
7794406.570668582
4663221.366682856
3735440.1004281268
7794406.570668582
7796619.3319433965
2861130.4892953425
4343257.796154655
12795264.16168862
7796678.447786566
632647.0619080891
2861130.0751715875
7796678.447786566
7795399.040115434
3739083.626482246
1816213.0049547292
7795399.040115434
7789837.2418076405
4340639.551984811
4664156.116452284
7789837.2418076405
7786558.210259224
628619.0137193468
2857259.376836547
7786558.210259224
7791504.805938141
3735440.1004281268
1812754.862336854
7791504.805938141
7796073.282988841
4343257.796154655
4663220.733948437
7189305.625871738
7796439.928371486
1816213.0049547292
632646.5363837654
7796439.928371486
7793053.796892502
4664156.116452284
3739083.366206334
7793053.796892502
7787178.569287727
2857259.376836547
4340640.765950827
7787178.569287727
7788351.112970725
1812754.862336854
628620.149483623
7788351.112970725
7794406.7814486995
4663220.733948437
3735440.081395715
7794406.7814486995
7796620.391214611
2861130.0751715875
4343257.46678432
6891006.915340045
7796677.440125453
632646.5363837654
2861128.070854964
7796677.440125453
7795398.488273803
3739083.366206334
1816212.8374195858
7795398.488273803
7789837.455071479
4340640.765950827
4664155.064433094
7789837.455071479
7786559.436318502
628620.149483623
2857258.3990367684
7786559.436318502
7791504.756416207
3735440.081395715
1812754.6405927017
7791504.756416207
7796072.864041697
4343257.46678432
4663220.706476018
8110838.818005771
7796441.254285006
1816212.8374195858
632647.3927949024
7796441.254285006
7793054.453273281
4664155.064433094
3739083.858790569
7793054.453273281
7787177.648203066
2857258.3990367684
4340641.567241554
7787177.648203066
7788350.870395323
1812754.6405927017
628619.28946929
7788350.870395323
7794407.269661429
4663220.706476018
3735440.309246003
7794407.269661429
7796618.623881375
2861128.070854964
4343260.066644111
