7796549.926853847
7796548.323702897
1227583.3249686596
1233661.1353995397
7796548.323702897
7793773.280401905
4542796.205884188
3326971.3002934745
7793773.280401905
7787708.799746798
3327602.2328352053
4542607.835737891
7787708.799746798
7787703.218578468
1224289.6744473404
1230370.6246093086
7787703.218578468
7793767.098050818
4540956.758450043
3323107.5761247557
7793767.098050818
7796549.926853847
3331463.0886339936
4544437.648703406
12837922.616602264
7795778.341492294
3326971.3002934745
1227582.5670436337
7795778.341492294
7790671.051951988
4542607.835737891
4542795.310141853
7790671.051951988
7786476.434320868
1230370.6246093086
3327602.8745078454
7786476.434320868
7790664.8542651525
3323107.5761247557
1224288.9111488478
7790664.8542651525
7795774.69782063
4544437.648703406
4540955.242870007
7795774.69782063
7796685.248132233
1233661.1353995397
3331463.4184907917
12187412.84408286
7796549.508385054
1227582.5670436337
1233660.8337261782
7796549.508385054
7793773.030418832
4542795.310141853
3326971.414701684
7793773.030418832
7787709.099773794
3327602.8745078454
4542606.977416197
7787709.099773794
7787704.469746605
1224288.9111488478
1230370.4486971723
7787704.469746605
7793765.378351165
4540955.242870007
3323109.2191983717
7793765.378351165
7796549.38456249
3331463.4184907917
4544436.031269565
10886397.741215523
7795778.702559446
3326971.414701684
1227582.809670594
7795778.702559446
7790670.675254325
4542606.977416197
4542795.271495913
7790670.675254325
7786476.6083524395
1230370.4486971723
3327601.490451799
7786476.6083524395
7790664.9738723505
3323109.2191983717
1224288.8176645082
7790664.9738723505
7795774.506643354
4544436.031269565
4540956.99564393
7795774.506643354
7796685.0670321
1233660.8337261782
3331463.221666987
10333697.156407852
7796550.684027236
1227582.809670594
1233661.015911482
7796550.684027236
7793772.855906055
4542795.271495913
3326972.545589289
7793772.855906055
7787707.984494186
3327601.490451799
4542606.901335997
7787707.984494186
7787703.721556236
1224288.8176645082
1230370.2772171055
7787703.721556236
7793765.957620442
4540956.99564393
3323106.8750943537
7793765.957620442
7796549.389821666
3331463.221666987
4544435.565809854
3583600.3894849806
7795779.500485994
3326972.545589289
1227581.0104792346
7795779.500485994
7790670.711682643
4542606.901335997
4542797.33917594
7790670.711682643
7786476.27529332
1230370.2772171055
3327602.42211305
7786476.27529332
7790664.977771349
3323106.8750943537
1224288.941861548
7790664.977771349
7795774.542039655
4544435.565809854
4540956.7017752025
7795774.542039655
7796684.921292362
1233661.015911482
3331463.5705570346
4363305.793846991
7796548.8753024945
1227581.0104792346
1233659.1402392874
7796548.8753024945
7793773.027727828
4542797.33917594
3326970.113674719
7793773.027727828
7787709.025611942
3327602.42211305
4542607.007960323
7787709.025611942
7787703.670204363
1224288.941861548
1230370.4018036856
7787703.670204363
7793765.667040451
4540956.7017752025
3323106.8847531257
7793765.667040451
7796550.199357464
3331463.5705570346
4544435.911443376
7690303.874675501
7795778.488746015
3326970.113674719
1227583.3249686596
7795778.488746015
7790670.7760033235
4542607.007960323
4542796.205884188
7790670.7760033235
7786476.509092597
1230370.4018036856
3327602.2328352053
7786476.509092597
7790664.76505146
3323106.8847531257
1224289.6744473404
7790664.76505146
7795775.044770915
4544435.911443376
4540956.758450043
7795775.044770915
7796685.391001735
1233659.1402392874
3331463.0886339936
