7795718.410897191
7796683.946429832
1335472.263776599
3405971.313500292
7796683.946429832
7795833.818088659
3250650.6548728608
1125319.3607863614
7795833.818088659
7790816.432490861
4569076.30936088
4513988.937941834
7790816.432490861
7786479.29739261
1332177.0168497926
3402133.5236773207
7786479.29739261
7790519.356312453
3246770.815255213
1122009.7745158016
7790519.356312453
7795718.410897191
4570759.046379219
4512005.4297615895
13224606.866023371
7796564.167358956
1125319.3607863614
1335471.1690826751
7796564.167358956
7793886.612447192
4513988.937941834
3250650.8360436647
7793886.612447192
7787811.678632557
3402133.5236773207
4569076.218070262
7787811.678632557
7787606.151527984
1122009.7745158016
1332177.6783253239
7787606.151527984
7793648.472403593
4512005.4297615895
3246772.0763529507
7793648.472403593
7796534.389861304
3405971.313500292
4570757.494034953
13702379.621414088
7796683.795645948
1335471.1690826751
3405971.3433850617
7796683.795645948
7795834.669605157
3250650.8360436647
1125319.0138748435
7795834.669605157
7790816.254992052
4569076.218070262
4513988.777854826
7790816.254992052
7786478.537642219
1332177.6783253239
3402134.2175456295
7786478.537642219
7790519.975401278
3246772.0763529507
1122008.7993229348
7790519.975401278
7795718.187176337
4570757.494034953
4512006.058008605
13315019.106817072
7796563.397374362
1125319.0138748435
1335471.370193475
7796563.397374362
7793886.726189355
4513988.777854826
3250650.484399132
7793886.726189355
7787812.392790421
3402134.2175456295
4569074.683851623
7787812.392790421
7787605.057848467
1122008.7993229348
1332177.05991478
7787605.057848467
7793648.246661114
4512006.058008605
3246770.690237983
7793648.246661114
7796535.182975112
3405971.3433850617
4570757.907256537
13608746.12096925
7796682.957037736
1335471.370193475
3405970.8925973573
7796682.957037736
7795836.346346611
3250650.484399132
1125319.2184390947
7795836.346346611
7790815.673674455
4569074.683851623
4513988.417708636
7790815.673674455
7786478.717610507
1332177.05991478
3402133.181586469
7786478.717610507
7790519.755214814
3246770.690237983
1122009.1219274008
7790519.755214814
7795717.422727382
4570757.907256537
4512005.519682832
8460916.386135053
7796565.00274159
1125319.2184390947
1335471.7833073777
7796565.00274159
7793885.787369314
4513988.417708636
3250652.3670136197
7793885.787369314
7787812.525772804
3402133.181586469
4569076.406282857
7787812.525772804
7787604.6415707795
1122009.1219274008
1332176.363123769
7787604.6415707795
7793648.51077921
4512005.519682832
3246770.5906680566
7793648.51077921
7796534.192332736
3405970.8925973573
4570757.214660054
7629941.825537978
7796683.950025515
1335471.7833073777
3405970.7219146793
7796683.950025515
7795834.212004088
3250652.3670136197
1125319.1618221584
7795834.212004088
7790816.272875793
4569076.406282857
4513988.089277785
7790816.272875793
7786478.634699465
1332176.363123769
3402133.9035348827
7786478.634699465
7790519.687982594
3246770.5906680566
1122008.8805699411
7790519.687982594
7795717.4451029
4570757.214660054
4512005.6913185725
8317907.789539903
7796563.167636054
1125319.1618221584
1335472.263776599
7796563.167636054
7793886.63411813
4513988.089277785
3250650.6548728608
7793886.63411813
7787812.191340062
3402133.9035348827
4569076.30936088
7787812.191340062
7787604.923322448
1122008.8805699411
1332177.0168497926
7787604.923322448
7793648.76659127
4512005.6913185725
3246770.815255213
7793648.76659127
7796535.400581562
3405970.7219146793
4570759.046379219
