7794763.503904176
7796645.315687893
2542982.1155252326
4179158.5755524496
7796645.315687893
7796347.741419225
2167711.1493135197
284739.0364311954
7796347.741419225
7792577.122024383
4697943.330143114
3962209.894790473
7792577.122024383
7786916.656837651
2539200.081739006
4176132.097008614
7786916.656837651
7788800.117157332
2164085.0292831613
277291.4321147518
7788800.117157332
7794763.503904176
4697605.293273026
3958813.237060528
13444378.174686242
7796665.812296489
284739.0364311954
2542983.985984755
7796665.812296489
7795116.485926483
3962209.894790473
2167711.4279540875
7795116.485926483
7789335.390257192
4176132.097008614
4697942.609355976
7789335.390257192
7786695.251960616
277291.4321147518
2539200.50453979
7786695.251960616
7792017.428894389
3958813.237060528
2164085.777018569
7792017.428894389
7796219.909270465
4179158.5755524496
4697604.3034790745
14200686.584475031
7796645.847583173
2542983.985984755
4179156.823072052
7796645.847583173
7796348.117670676
2167711.4279540875
284739.44228265516
7796348.117670676
7792576.342596138
4697942.609355976
3962209.955123253
7792576.342596138
7786916.961083625
2539200.50453979
4176130.555304171
7786916.961083625
7788799.057501712
2164085.777018569
277291.053977247
7788799.057501712
7794763.994287177
4697604.3034790745
3958812.1320688324
14542955.542017441
7796666.672639296
284739.44228265516
2542983.8885093913
7796666.672639296
7795117.362456282
3962209.955123253
2167712.1973332562
7795117.362456282
7789334.959051571
4176130.555304171
4697943.260707944
7789334.959051571
7786693.547607537
277291.053977247
2539201.093924149
7786693.547607537
7792019.146806232
3958812.1320688324
2164084.860370485
7792019.146806232
7796218.552759346
4179156.823072052
4697604.936278341
14594463.688396966
7796646.559132877
2542983.8885093913
4179156.357988128
7796646.559132877
7796347.771197977
2167712.1973332562
284740.29803083284
7796347.771197977
7792575.267871569
4697943.260707944
3962209.8659202205
7792575.267871569
7786917.686064206
2539201.093924149
4176131.59608915
7786917.686064206
7788799.222063777
2164084.860370485
277291.19323384017
7788799.222063777
7794763.711555062
4697604.936278341
3958812.2981323577
10284394.990859205
7796666.465069837
284740.29803083284
2542984.831979587
7796666.465069837
7795115.911809287
3962209.8659202205
2167713.3970060335
7795115.911809287
7789336.7578573795
4176131.59608915
4697941.85343332
7789336.7578573795
7786693.365500482
277291.19323384017
2539200.7807026817
7786693.365500482
7792019.047557244
3958812.2981323577
2164084.14380448
7792019.047557244
7796218.56194528
4179156.357988128
4697605.119692041
8491006.820222199
7796645.283420233
2542984.831979587
4179154.9394980036
7796645.283420233
7796348.62519696
2167713.3970060335
284741.9335376882
7796348.62519696
7792576.146390829
4697941.85343332
3962210.6737466333
7792576.146390829
7786916.560025583
2539200.7807026817
4176130.6001663553
7786916.560025583
7788799.15076756
2164084.14380448
277291.32957234705
7788799.15076756
7794764.189237118
4697605.119692041
3958812.209077569
8661552.584846953
7796667.056657506
284741.9335376882
2542982.1155252326
7796667.056657506
7795116.518395913
3962210.6737466333
2167711.1493135197
7795116.518395913
7789335.723061303
4176130.6001663553
4697943.330143114
7789335.723061303
7786694.795039336
277291.32957234705
2539200.081739006
7786694.795039336
7792019.149450349
3958812.209077569
2164085.0292831613
7792019.149450349
7796218.429018863
4179154.9394980036
4697605.293273026
