7796354.476742639
7796643.844393871
298171.99728376156
2152351.1740412433
7796643.844393871
7794747.575416872
4187080.9269875633
2557529.0804813444
7794747.575416872
7788778.902695952
3949435.53954922
4696759.531629047
7788778.902695952
7786927.21751605
291026.1017044906
2148734.1432385547
7786927.21751605
7792598.111296544
4184070.8700030926
2553737.5838012043
7792598.111296544
7796354.476742639
3952843.994219269
4697122.819376719
12958523.45070426
7796210.992695081
2557529.0804813444
298171.8157449504
7796210.992695081
7791995.258011449
4696759.531629047
4187080.5905989558
7791995.258011449
7786686.477428559
2148734.1432385547
3949436.053562893
7786686.477428559
7789357.986727577
2553737.5838012043
291025.28843631013
7789357.986727577
7795131.152823903
4697122.819376719
4184068.7158110524
7795131.152823903
7796668.392870569
2152351.1740412433
3952843.543836196
12790824.265575064
7796644.985611804
298171.8157449504
2152350.6340176626
7796644.985611804
7794747.26948027
4187080.5905989558
2557528.6831441526
7794747.26948027
7788779.520518926
3949436.053562893
4696758.741702476
7788779.520518926
7786928.0773474015
291025.28843631013
2148733.3649492934
7786928.0773474015
7792597.947920674
4184068.7158110524
2553738.034049352
7792597.947920674
7796353.559823244
3952843.543836196
4697121.796089823
11689935.714917414
7796211.085520056
2557528.6831441526
298171.7496436617
7796211.085520056
7791995.753151068
4696758.741702476
4187081.1325401254
7791995.753151068
7786687.255211624
2148733.3649492934
3949436.28777968
7786687.255211624
7789358.486211505
2553738.034049352
291026.32414246484
7789358.486211505
7795130.274373577
4697121.796089823
4184070.6546979155
7795130.274373577
7796668.690764579
2152350.6340176626
3952843.3927804898
11701148.659585046
7796643.74088679
298171.7496436617
2152350.500981064
7796643.74088679
7794748.28644994
4187081.1325401254
2557528.1839096732
7794748.28644994
7788779.8456027545
3949436.28777968
4696758.015710069
7788779.8456027545
7786927.4456379665
291026.32414246484
2148733.6704709977
7786927.4456379665
7792597.919489492
4184070.6546979155
2553736.495937197
7792597.919489492
7796353.941229225
3952843.3927804898
4697121.350563865
5565478.0460729655
7796211.395658258
2557528.1839096732
298170.42285301164
7796211.395658258
7791995.99982101
4696758.015710069
4187081.250748571
7791995.99982101
7786686.284476126
2148733.6704709977
3949436.237348249
7786686.284476126
7789358.265824852
2553736.495937197
291026.9446846535
7789358.265824852
7795130.565529946
4697121.350563865
4184069.789495461
7795130.565529946
7796668.275195333
2152350.500981064
3952844.0878541884
5839077.207731437
7796644.136087409
298170.42285301164
2152350.0849401583
7796644.136087409
7794747.209701312
4187081.250748571
2557526.840475827
7794747.209701312
7788778.730345577
3949436.237348249
4696757.770301387
7788778.730345577
7786928.090287321
291026.9446846535
2148734.928442453
7786928.090287321
7792597.870539351
4184069.789495461
2553738.21278649
7792597.870539351
7796354.19520684
3952844.0878541884
4697121.090760369
7889438.820736185
7796211.244871709
2557526.840475827
298171.99728376156
7796211.244871709
7791995.400239031
4696757.770301387
4187080.9269875633
7791995.400239031
7786687.238125344
2148734.928442453
3949435.53954922
7786687.238125344
7789358.682982188
2553738.21278649
291026.1017044906
7789358.682982188
7795129.646141355
4697121.090760369
4184070.8700030926
7795129.646141355
7796667.7299952945
2152350.0849401583
3952843.994219269
