7791077.173298486
7795930.848375903
4456343.329250466
4610731.110528479
7795930.848375903
7796681.77375534
940765.6412075519
3109249.791372362
7796681.77375534
7795603.616376913
3535508.7011821712
1517149.1223601082
7795603.616376913
7790264.026281729
4454114.209374216
4612138.443914323
7790264.026281729
7786492.737087656
937353.7238992612
3105359.000679813
7786492.737087656
7791077.173298486
3531724.035883546
1513809.2245639393
13584213.336124595
7796587.164145149
3109249.791372362
4456343.952919489
7796587.164145149
7796501.27614899
1517149.1223601082
940767.3294972185
7796501.27614899
7793432.291789474
4612138.443914323
3535508.3144145226
7793432.291789474
7787434.628340761
3105359.000679813
4454113.966751925
7787434.628340761
7788002.578820275
1513809.2245639393
937353.6397789323
7788002.578820275
7794092.739472703
4610731.110528479
3531722.5287199933
13793726.592571016
7795930.302938113
4456343.952919489
4610728.876186469
7795930.302938113
7796682.895545655
940767.3294972185
3109249.1180214686
7796682.895545655
7795604.298786986
3535508.3144145226
1517148.718429801
7795604.298786986
7790263.348259697
4454113.966751925
4612138.594043949
7790263.348259697
7786494.407325084
937353.6397789323
3105359.182157426
7786494.407325084
7791075.78915092
3531722.5287199933
1513809.710182914
15288409.75925628
7796587.119750147
3109249.1180214686
4456344.393531201
7796587.119750147
7796501.746577146
1517148.718429801
940766.8725954706
7796501.746577146
7793431.883803117
4612138.594043949
3535508.1454295223
7793431.883803117
7787434.231149835
3105359.182157426
4454115.621722377
7787434.231149835
7788004.460684356
1513809.710182914
937355.1064883808
7788004.460684356
7794090.809584076
4610728.876186469
3531724.013573991
13792754.421392392
7795930.82391752
4456344.393531201
4610728.156140748
7795930.82391752
7796682.856722089
940766.8725954706
3109248.851544312
7796682.856722089
7795602.505307357
3535508.1454295223
1517148.9119635718
7795602.505307357
7790263.735220865
4454115.621722377
4612137.335843183
7790263.735220865
7786494.135301307
937355.1064883808
3105358.1066175667
7786494.135301307
7791076.001537377
3531724.013573991
1513809.41507607
11310722.41706395
7796587.250782011
3109248.851544312
4456344.024669024
7796587.250782011
7796500.551304452
1517148.9119635718
940766.2543661217
7796500.551304452
7793432.908731665
4612137.335843183
3535507.351481483
7793432.908731665
7787434.514705585
3105358.1066175667
4454114.304217354
7787434.514705585
7788003.630703795
1513809.41507607
937354.6308380052
7788003.630703795
7794091.173122145
4610728.156140748
3531723.4346663174
7789355.974862427
7795930.07909826
4456344.024669024
4610728.251921605
7795930.07909826
7796682.192508747
940766.2543661217
3109250.0051437546
7796682.192508747
7795604.5460546315
3535507.351481483
1517147.9909179972
7795604.5460546315
7790263.146786893
4454114.304217354
4612137.949968488
7790263.146786893
7786494.345990725
937354.6308380052
3105358.7960344427
7786494.345990725
7791075.8494277
3531723.4346663174
1513809.884122776
8872868.878984133
7796587.058498239
3109250.0051437546
4456343.329250466
7796587.058498239
7796501.813169286
1517147.9909179972
940765.6412075519
7796501.813169286
7793431.710166669
4612137.949968488
3535508.7011821712
7793431.710166669
7787434.839700661
3105358.7960344427
4454114.209374216
7787434.839700661
7788004.165584797
1513809.884122776
937353.7238992612
7788004.165584797
7794090.762363645
4610728.251921605
3531724.035883546
