7794610.005703389
7796635.390562398
2686254.72654679
4255497.973228413
7796635.390562398
7796392.176044773
2013531.805460456
430887.86011293373
7796392.176044773
7792790.922736869
4686934.660490324
3866573.780996424
7792790.922736869
7787025.961491703
2682422.839293373
4252644.997592582
7787025.961491703
7788596.95621982
2009978.6519310193
425657.33104348445
7788596.95621982
7794610.005703389
4686329.7743417965
3863058.3680698266
13468282.28272345
7796672.171601455
430887.86011293373
2686252.795774838
7796672.171601455
7795245.271914522
3866573.780996424
2013531.2232683173
7795245.271914522
7789556.262330238
4252644.997592582
4686933.658797622
7789556.262330238
7786625.405536659
425657.33104348445
2682421.997730817
7786625.405536659
7791792.305795933
3863058.3680698266
2009976.4893193014
7791792.305795933
7796159.209383113
4255497.973228413
4686328.494841047
14238094.43588446
7796634.979593359
2686252.795774838
4255497.757861219
7796634.979593359
7796391.632966481
2013531.2232683173
430887.82772727666
7796391.632966481
7792791.045314256
4686933.658797622
3866573.134502615
7792791.045314256
7787025.946138913
2682421.997730817
4252645.880784346
7787025.946138913
7788595.7817490045
2009976.4893193014
425657.32813236193
7788595.7817490045
7794610.496855062
4686328.494841047
3863057.1199886245
14671563.612037487
7796671.723234068
430887.82772727666
2686252.822154968
7796671.723234068
7795245.180787978
3866573.134502615
2013530.9727124574
7795245.180787978
7789556.438641972
4252645.880784346
4686933.488362167
7789556.438641972
7786626.833635922
425657.32813236193
2682422.586348474
7786626.833635922
7791792.147356075
3863057.1199886245
2009978.9553261457
7791792.147356075
7796158.234211287
4255497.757861219
4686329.579867032
14667165.758172086
7796634.6978214765
2686252.822154968
4255497.1571536735
7796634.6978214765
7796392.803919227
2013530.9727124574
430887.835604508
7796392.803919227
7792790.985865015
4686933.488362167
3866574.133676748
7792790.985865015
7787026.447318836
2682422.586348474
4252643.5135736475
7787026.447318836
7788595.088601809
2009978.9553261457
425658.292751614
7788595.088601809
7794611.21143693
4686329.579867032
3863055.865474055
10465287.832422866
7796670.9180701785
430887.835604508
2686253.2007277114
7796670.9180701785
7795247.402987682
3866574.133676748
2013528.5079524575
7795247.402987682
7789555.184206444
4252643.5135736475
4686933.82464029
7789555.184206444
7786627.645303497
425658.292751614
2682423.006713466
7786627.645303497
7791791.466557779
3863055.865474055
2009979.9924213565
7791791.466557779
7796158.171464466
4255497.1571536735
4686329.291564775
8553265.898363188
7796634.5742922295
2686253.2007277114
4255496.0484128855
7796634.5742922295
7796392.103747148
2013528.5079524575
430885.95262841886
7796392.103747148
7792791.032364801
4686933.82464029
3866573.3851634027
7792791.032364801
7787025.81371702
2682423.006713466
4252644.218815961
7787025.81371702
7788595.9848011
2009979.9924213565
425659.3154590814
7788595.9848011
7794610.888654609
4686329.291564775
3863056.408025791
8698396.64601005
7796672.162046393
430885.95262841886
2686254.72654679
7796672.162046393
7795245.3688224135
3866573.3851634027
2013531.805460456
7795245.3688224135
7789556.0546056
4252644.218815961
4686934.660490324
7789556.0546056
7786626.893436635
425659.3154590814
2682422.839293373
7786626.893436635
7791792.337996314
3863056.408025791
2009978.6519310193
7791792.337996314
7796157.94441793
4255496.0484128855
4686329.7743417965
