7795525.333430321
7796679.991067035
1640377.5688380403
3620866.926844083
7796679.991067035
7795989.793456286
3009392.018570887
814250.2903751017
7795989.793456286
7791250.194853258
4634832.324780365
4412556.444843631
7791250.194853258
7786516.92957901
1637001.3800396214
3617134.495349936
7786516.92957901
7790087.8252330115
3005500.5293845814
810675.9781559615
7790087.8252330115
7795525.333430321
4636049.957779879
4410160.333551041
13281550.215516394
7796600.68879688
814250.2903751017
1640379.9338088094
7796600.68879688
7794220.951726302
4412556.444843631
3009391.4765431816
7794220.951726302
7788143.007886937
3617134.495349936
4634832.022853788
7788143.007886937
7787325.998685051
810675.9781559615
1637000.751875572
7787325.998685051
7793279.481136397
4410160.333551041
3005501.72214669
7793279.481136397
7796480.503124123
3620866.926844083
4636047.845912604
13853640.260723425
7796680.761110631
1640379.9338088094
3620866.1403775727
7796680.761110631
7795989.709765069
3009391.4765431816
814250.3170944079
7795989.709765069
7791250.777990772
4634832.022853788
4412555.965900206
7791250.777990772
7786515.802861245
1637000.751875572
3617135.1873549046
7786515.802861245
7790088.1446494935
3005501.72214669
810675.1281250477
7790088.1446494935
7795524.6382
4636047.845912604
4410161.177661234
13641708.571131272
7796600.538945723
814250.3170944079
1640380.0590096016
7796600.538945723
7794219.892891538
4412555.965900206
3009391.497886419
7794219.892891538
7788143.664532292
3617135.1873549046
4634832.031576468
7788143.664532292
7787325.650770333
810675.1281250477
1637001.0848910483
7787325.650770333
7793279.674111515
4410161.177661234
3005500.40856163
7793279.674111515
7796480.708025647
3620866.1403775727
4636048.644207782
13911556.156534856
7796680.689281413
1640380.0590096016
3620865.3793734517
7796680.689281413
7795990.251201888
3009391.497886419
814250.2369215959
7795990.251201888
7791250.512410581
4634832.031576468
4412554.2525894055
7791250.512410581
7786516.788205766
1637001.0848910483
3617133.595319372
7786516.788205766
7790087.748713185
3005500.40856163
810676.1205695064
7790087.748713185
7795524.25803012
4636048.644207782
4410160.310057025
8965922.121598573
7796600.3274697615
814250.2369215959
1640379.3810307458
7796600.3274697615
7794221.368383072
4412554.2525894055
3009391.549488731
7794221.368383072
7788141.96459427
3617133.595319372
4634832.801336557
7788141.96459427
7787326.137306044
810676.1205695064
1637001.7620506228
7787326.137306044
7793280.168180447
4410160.310057025
3005500.2249692925
7793280.168180447
7796480.575517745
3620865.3793734517
4636048.585340774
7897992.015427659
7796681.552971351
1640379.3810307458
3620865.4211288355
7796681.552971351
7795989.996337578
3009391.549488731
814249.7848267868
7795989.996337578
7791251.022448363
4634832.801336557
4412555.074562092
7791251.022448363
7786516.027175527
1637001.7620506228
3617133.5067315735
7786516.027175527
7790087.968254161
3005500.2249692925
810675.3729336384
7790087.968254161
7795524.404611
4636048.585340774
4410160.164489849
8407799.753685927
7796601.403520998
814249.7848267868
1640377.5688380403
7796601.403520998
7794220.665485176
4412555.074562092
3009392.018570887
7794220.665485176
7788143.219717716
3617133.5067315735
4634832.324780365
7788143.219717716
7787325.908590327
810675.3729336384
1637001.3800396214
7787325.908590327
7793280.2498531705
4410160.164489849
3005500.5293845814
7793280.2498531705
7796479.763902767
3620865.4211288355
4636049.957779879
