7792765.585477517
7796386.28171456
3880012.2320245653
4688818.278878818
7796386.28171456
7796636.042671646
409645.5658962048
2034855.444801969
7796636.042671646
7794630.326745553
4245356.076728289
2666792.1858166773
7794630.326745553
7788624.688667458
3876514.713627859
4688252.252125299
7788624.688667458
7787007.676715053
404199.2260178605
2031295.9353795701
7787007.676715053
7792765.585477517
4242476.778342148
2662964.3141630897
13611145.433078501
7796672.196476836
2034855.444801969
3880013.422687574
7796672.196476836
7796163.662162101
2666792.1858166773
409645.91179139854
7796163.662162101
7791823.46968359
4688252.252125299
4245355.504424902
7791823.46968359
7786635.081052133
2031295.9353795701
3876514.4774390515
7786635.081052133
7789526.358655544
2662964.3141630897
404198.1134292703
7789526.358655544
7795229.966126404
4688818.278878818
4242476.52249927
14232951.378572904
7796386.816487226
3880013.422687574
4688818.590224931
7796386.816487226
7796636.2545022685
409645.91179139854
2034855.2496449687
7796636.2545022685
7794630.515569729
4245355.504424902
2666792.298689277
7794630.515569729
7788623.849325261
3876514.4774390515
4688252.07390531
7788623.849325261
7787009.368255495
404198.1134292703
2031296.6201494306
7787009.368255495
7792763.852051585
4242476.52249927
2662964.616869975
15424107.501669101
7796672.02276437
2034855.2496449687
3880013.264249879
7796672.02276437
7796163.675726928
2666792.298689277
409646.10682125675
7796163.675726928
7791822.987738779
4688252.07390531
4245355.825712227
7791822.987738779
7786635.1195082115
2031296.6201494306
3876512.973256188
7786635.1195082115
7789525.296859239
2662964.616869975
404199.6278768466
7789525.296859239
7795231.2584162485
4688818.590224931
4242476.575012227
14657467.017132709
7796386.94936063
3880013.264249879
4688817.923478548
7796386.94936063
7796635.694647273
409646.10682125675
2034855.1060240904
7796635.694647273
7794631.2223697845
4245355.825712227
2666791.1631442946
7794631.2223697845
7788624.354108263
3876512.973256188
4688252.104162794
7788624.354108263
7787008.94831563
404199.6278768466
2031295.1820364688
7787008.94831563
7792763.617338135
4242476.575012227
2662964.115422488
11494829.145619472
7796672.055205577
2034855.1060240904
3880013.4179806807
7796672.055205577
7796163.201056409
2666791.1631442946
409647.68931783014
7796163.201056409
7791824.169032763
4688252.104162794
4245355.986180751
7791824.169032763
7786634.275914424
2031295.1820364688
3876514.607971791
7786634.275914424
7789524.72866111
2662964.115422488
404199.8658067024
7789524.72866111
7795231.7445121
4688817.923478548
4242476.989752146
8543514.036470484
7796386.683079927
3880013.4179806807
4688817.96646125
7796386.683079927
7796636.160522197
409647.68931783014
2034857.3847332029
7796636.160522197
7794630.703073434
4245355.986180751
2666791.5758510716
7794630.703073434
7788623.643473401
3876514.607971791
4688251.706386885
7788623.643473401
7787009.504582604
404199.8658067024
2031296.4162950222
7787009.504582604
7792763.895562496
4242476.989752146
2662963.498271674
8915787.28853853
7796672.017643016
2034857.3847332029
3880012.2320245653
7796672.017643016
7796163.594920299
2666791.5758510716
409645.5658962048
7796163.594920299
7791823.090307145
4688251.706386885
4245356.076728289
7791823.090307145
7786634.799200021
2031296.4162950222
3876514.713627859
7786634.799200021
7789524.737182851
2662963.498271674
404199.2260178605
7789524.737182851
7795231.05870996
4688817.96646125
4242476.778342148
