7795632.03127346
7796682.160867223
1478500.8057529351
3508321.557648131
7796682.160867223
7795909.41417454
3139900.382640849
980236.5264769407
7795909.41417454
7791019.13515264
4602475.872913648
4469288.081357156
7791019.13515264
7786490.119770694
1475179.1784563728
3504525.2617499153
7786490.119770694
7790317.678966199
3136008.367756793
976853.6706979518
7790317.678966199
7795632.03127346
4603943.0924077425
4467107.651697321
13251324.853922142
7796581.755618632
980236.5264769407
1478502.8292253537
7796581.755618632
7794045.736558246
4469288.081357156
3139899.6484421184
7794045.736558246
7787962.979714683
3504525.2617499153
4602475.174171699
7787962.979714683
7787469.945068323
976853.6706979518
1475178.1596955077
7787469.945068323
7793479.348111398
4467107.651697321
3136007.156229877
7793479.348111398
7796511.156042944
3508321.557648131
4603942.039642776
13775102.477617351
7796682.830249971
1478502.8292253537
3508320.8091664226
7796682.830249971
7795909.728626941
3139899.6484421184
980236.3678227053
7795909.728626941
7791019.09805097
4602475.174171699
4469287.681540979
7791019.09805097
7786490.692957635
1475178.1596955077
3504525.710303161
7786490.692957635
7790317.455353176
3136007.156229877
976855.1473406254
7790317.455353176
7795630.512307557
4603942.039642776
4467107.412135345
13469106.271641998
7796582.430958149
980236.3678227053
1478502.7753218478
7796582.430958149
7794045.011314455
4469287.681540979
3139900.2155192466
7794045.011314455
7787963.424478297
3504525.710303161
4602474.572093646
7787963.424478297
7787469.556881473
976855.1473406254
1475178.8759063624
7787469.556881473
7793479.0237313565
4467107.412135345
3136008.1509400983
7793479.0237313565
7796511.493606379
3508320.8091664226
4603942.131662804
13754746.640395164
7796682.880897683
1478502.7753218478
3508319.887487884
7796682.880897683
7795910.412763055
3139900.2155192466
980236.2582304138
7795910.412763055
7791018.169343425
4602474.572093646
4469287.90321677
7791018.169343425
7786489.99722506
1475178.8759063624
3504525.1105151447
7786489.99722506
7790317.71862197
3136008.1509400983
976854.0333206774
7790317.71862197
7795630.513556304
4603942.131662804
4467106.813009704
8701236.613443464
7796581.692307169
980236.2582304138
1478502.144952832
7796581.692307169
7794045.701972863
4469287.90321677
3139898.4557338646
7794045.701972863
7787963.262606127
3504525.1105151447
4602475.726662635
7787963.262606127
7787470.664551164
976854.0333206774
1475179.3294238574
7787470.664551164
7793478.473975607
4467106.813009704
3136008.746178677
7793478.473975607
7796511.006915566
3508319.887487884
4603942.211252602
7759606.967543044
7796683.790009368
1478502.144952832
3508321.5518410294
7796683.790009368
7795909.205253231
3139898.4557338646
980236.6180525145
7795909.205253231
7791019.487968671
4602475.726662635
4469286.477373364
7791019.487968671
7786490.325801486
1475179.3294238574
3504524.134741438
7786490.325801486
7790317.580191075
3136008.746178677
976853.6395589957
7790317.580191075
7795630.103113587
4603942.211252602
4467106.821432924
8360160.162583992
7796582.477537934
980236.6180525145
1478500.8057529351
7796582.477537934
7794046.069664531
4469286.477373364
3139900.382640849
7794046.069664531
7787962.575699417
3504524.134741438
4602475.872913648
7787962.575699417
7787469.866074071
976853.6395589957
1475179.1784563728
7787469.866074071
7793478.968399146
4467106.821432924
3136008.367756793
7793478.968399146
7796511.038214387
3508321.5518410294
4603943.0924077425
