7796142.087666257
7796672.312168161
471104.37592664576
2722383.876789083
7796672.312168161
7795278.303810063
3841235.0218576062
1973612.2660657903
7795278.303810063
7789613.379744255
4271328.129019961
4683096.670746475
7789613.379744255
7786610.619344078
466216.57489016035
2718543.2123801387
7786610.619344078
7791733.553290973
3837690.5827154694
1970079.058617049
7791733.553290973
7796142.087666257
4274136.14947456
4682423.389168897
13065296.775832789
7796402.600130961
1973612.2660657903
471106.2845017367
7796402.600130961
7792844.653263607
4683096.670746475
3841234.4934413987
7792844.653263607
7787055.241757494
2718543.2123801387
4271327.55939432
7787055.241757494
7788547.191523481
1970079.058617049
466218.2120084033
7788547.191523481
7794567.572503999
4682423.389168897
3837691.644580317
7794567.572503999
7796633.293636715
2722383.876789083
4274133.840970406
13202525.871778902
7796673.210745756
471106.2845017367
2722383.1003795187
7796673.210745756
7795278.1289328085
3841234.4934413987
1973611.989322686
7795278.1289328085
7789613.121150457
4271327.55939432
4683096.491128039
7789613.121150457
7786610.986594778
466218.2120084033
2718542.0102212992
7786610.986594778
7791734.132319341
3837691.644580317
1970078.0218715125
7791734.132319341
7796140.50618411
4274133.840970406
4682424.462603935
12363625.910013817
7796401.908605668
1973611.989322686
471105.9459353331
7796401.908605668
7792845.180372971
4683096.491128039
3841234.5234841984
7792845.180372971
7787055.390959068
2718542.0102212992
4271328.768891524
7787055.390959068
7788546.778640005
1970078.0218715125
466216.6108072613
7788546.778640005
7794568.504272773
4682424.462603935
3837690.4053113544
7794568.504272773
7796632.5755781885
2722383.1003795187
4274134.418463927
12582176.676062338
7796672.2450186
471105.9459353331
2722383.064074539
7796672.2450186
7795279.28027749
3841234.5234841984
1973611.7059973131
7795279.28027749
7789613.862218886
4271328.768891524
4683096.477764979
7789613.862218886
7786610.706509344
466216.6108072613
2718542.19593763
7786610.706509344
7791734.2026872365
3837690.4053113544
1970078.2388049022
7791734.2026872365
7796141.078450503
4274134.418463927
4682423.858317153
6868106.332189299
7796403.044606911
1973611.7059973131
471106.8101390331
7796403.044606911
7792845.853489746
4683096.477764979
3841234.588250335
7792845.853489746
7787055.116314067
2718542.19593763
4271328.141186539
7787055.116314067
7788546.447927643
1970078.2388049022
466216.9149872896
7788546.447927643
7794568.866806171
4682423.858317153
3837690.225202695
7794568.866806171
7796632.171820702
2722383.064074539
4274133.999678144
6692107.471300661
7796673.034353736
471106.8101390331
2722381.3812091863
7796673.034353736
7795278.612593676
3841234.588250335
1973610.1300894518
7795278.612593676
7789613.140879061
4271328.141186539
4683095.77881481
7789613.140879061
7786611.191328998
466216.9149872896
2718543.4627414085
7786611.191328998
7791733.663547401
3837690.225202695
1970078.056557928
7791733.663547401
7796140.521439498
4274133.999678144
4682423.680977546
8063099.338839951
7796402.536018158
1973610.1300894518
471104.37592664576
7796402.536018158
7792844.636342389
4683095.77881481
3841235.0218576062
7792844.636342389
7787055.533367634
2718543.4627414085
4271328.129019961
7787055.533367634
7788546.498587792
1970078.056557928
466216.57489016035
7788546.498587792
7794569.038773722
4682423.680977546
3837690.5827154694
7794569.038773722
7796632.5511905
2722381.3812091863
4274136.14947456
