7796392.428314182
7796634.701005459
427068.8984878494
2017351.1476213099
7796634.701005459
7794612.797225193
4253691.796705979
2682774.868447541
7794612.797225193
7788601.475354359
3865474.763060653
4686682.607082584
7788601.475354359
7787023.335320783
421798.8913839005
2013799.514915462
7787023.335320783
7792785.527801406
4250833.2425460275
2678943.492817878
7792785.527801406
7796392.428314182
3868986.497208087
4687279.423278817
12936784.787911385
7796157.203336331
2682774.868447541
427069.0977230734
7796157.203336331
7791797.31934609
4686682.607082584
4253691.218955412
7791797.31934609
7786627.744838194
2013799.514915462
3865474.0775710647
7786627.744838194
7789551.652522817
2678943.492817878
421798.30459233565
7789551.652522817
7795242.833000158
4687279.423278817
4250830.911848129
7795242.833000158
7796673.696978519
2017351.1476213099
3868985.963247334
12696443.935965309
7796634.900134751
427069.0977230734
2017350.979788865
7796634.900134751
7794612.952867212
4253691.218955412
2682775.2777191848
7794612.952867212
7788601.293325344
3865474.0775710647
4686682.811488726
7788601.293325344
7787023.85378686
421798.30459233565
2013800.12284991
7787023.85378686
7792785.750689892
4250830.911848129
2678944.155246907
7792785.750689892
7796392.181632345
3868985.963247334
4687279.043426256
11548674.647477178
7796157.1073955605
2682775.2777191848
427068.7837573709
7796157.1073955605
7791797.111431021
4686682.811488726
4253691.265155822
7791797.111431021
7786627.716452522
2013800.12284991
3865473.1400961326
7786627.716452522
7789551.7915332755
2678944.155246907
421798.81289119564
7789551.7915332755
7795242.945882506
4687279.043426256
4250832.512704182
7795242.945882506
7796673.258898114
2017350.979788865
3868986.19202734
11493818.359328961
7796634.714339412
427068.7837573709
2017350.613684149
7796634.714339412
7794612.9568399675
4253691.265155822
2682774.3313870765
7794612.9568399675
7788601.111100424
3865473.1400961326
4686681.194038465
7788601.111100424
7787023.429950315
421798.81289119564
2013798.963873004
7787023.429950315
7792786.206551334
4250832.512704182
2678942.6752634873
7792786.206551334
7796392.051827002
3868986.19202734
4687278.194666996
5262455.542744099
7796158.4262238825
2682774.3313870765
427068.69714404555
7796158.4262238825
7791795.861374035
4686681.194038465
4253691.7058812035
7791795.861374035
7786628.334605272
2013798.963873004
3865474.5103860265
7786628.334605272
7789551.501953457
2678942.6752634873
421798.3599612127
7789551.501953457
7795242.61353434
4687278.194666996
4250832.495611316
7795242.61353434
7796673.477777556
2017350.613684149
3868986.2327515944
5629556.627656772
7796634.8750976315
427068.69714404555
2017350.532495453
7796634.8750976315
7794612.614506118
4253691.7058812035
2682774.8424676913
7794612.614506118
7788601.595223369
3865474.5103860265
4686682.265815973
7788601.595223369
7787023.501731844
421798.3599612127
2013798.346845749
7787023.501731844
7792785.766240695
4250832.495611316
2678942.8776120814
7792785.766240695
7796392.257320974
3868986.2327515944
4687278.213712296
7853784.459765831
7796157.614382098
2682774.8424676913
427068.8984878494
7796157.614382098
7791797.194960283
4686682.265815973
4253691.796705979
7791797.194960283
7786628.028114311
2013798.346845749
3865474.763060653
7786628.028114311
7789552.4095562445
2678942.8776120814
421798.8913839005
7789552.4095562445
7795242.697806651
4687278.213712296
4250833.2425460275
7795242.697806651
7796673.408596875
2017350.532495453
3868986.497208087
