7792023.792235428
7796217.7602034565
4178670.1503349273
4697654.785426833
7796217.7602034565
7796665.787574386
283930.97407804284
2542093.448232045
7796665.787574386
7795116.417889904
3962781.7315554116
2168650.2685677237
7795116.417889904
7789334.786441839
4175644.2370409444
4697990.947744275
7789334.786441839
7786692.167815269
276460.9383976107
2538309.853650136
7786692.167815269
7792023.792235428
3959385.5454128706
2165022.153257704
13614092.833168078
7796645.8673047805
2542093.448232045
4178670.1699028406
7796645.8673047805
7796347.130506524
2168650.2685677237
283930.92713485134
7796347.130506524
7792575.02059607
4697990.947744275
3962781.198955192
7792575.02059607
7786916.490078667
2538309.853650136
4175644.266644999
7786916.490078667
7788800.726516079
2165022.153257704
276461.93264291604
7788800.726516079
7794765.151300916
4697654.785426833
3959384.49396975
14077291.92661207
7796218.031231692
4178670.1699028406
4697654.2614244735
7796218.031231692
7796666.580752722
283930.92713485134
2542092.9925813624
7796666.580752722
7795116.847929222
3962781.198955192
2168650.3198567852
7795116.847929222
7789334.558518259
4175644.266644999
4697990.777821075
7789334.558518259
7786692.850630479
276461.93264291604
2538310.8898447296
7786692.850630479
7792021.993767831
3959384.49396975
2165022.784836015
15440662.639388736
7796645.772032816
2542092.9925813624
4178670.4339191206
7796645.772032816
7796347.357055955
2168650.3198567852
283930.780712813
7796347.357055955
7792574.4824837055
4697990.777821075
3962781.5565396105
7792574.4824837055
7786917.036885381
2538310.8898447296
4175643.784987487
7786917.036885381
7788800.394338558
2165022.784836015
276462.4428385346
7788800.394338558
7794765.926415896
4697654.2614244735
3959384.792982759
14353925.071262341
7796218.271805882
4178670.4339191206
4697653.353726638
7796218.271805882
7796666.943658278
283930.780712813
2542092.2764745504
7796666.943658278
7795116.225334857
3962781.5565396105
2168650.3391004507
7795116.225334857
7789333.826911502
4175643.784987487
4697988.640842327
7789333.826911502
7786693.515981979
276462.4428385346
2538309.3896808145
7786693.515981979
7792022.443322041
3959384.792982759
2165022.354282799
11516424.158464681
7796646.039911188
2542092.2764745504
4178670.781117297
7796646.039911188
7796347.557841156
2168650.3391004507
283930.6878318853
7796347.557841156
7792573.829035994
4697988.640842327
3962783.3637818513
7792573.829035994
7786916.4825718645
2538309.3896808145
4175644.494407735
7786916.4825718645
7788800.986150185
2165022.354282799
276462.6566270694
7788800.986150185
7794765.219056371
4697653.353726638
3959385.6714156033
8281343.531396966
7796218.3642653255
4178670.781117297
4697653.402649175
7796218.3642653255
7796665.87427293
283930.6878318853
2542091.9890721464
7796665.87427293
7795116.955670518
3962783.3637818513
2168649.8940684125
7795116.955670518
7789334.601379075
4175644.494407735
4697989.887877674
7789334.601379075
7786693.141677152
276462.6566270694
2538309.0649822587
7786693.141677152
7792022.485854411
3959385.6714156033
2165021.5008579013
8919500.203396624
7796646.155785025
2542091.9890721464
4178670.1503349273
7796646.155785025
7796346.742435708
2168649.8940684125
283930.97407804284
7796346.742435708
7792574.469731701
4697989.887877674
3962781.7315554116
7792574.469731701
7786916.218925329
2538309.0649822587
4175644.2370409444
7786916.218925329
7788801.303254328
2165021.5008579013
276460.9383976107
7788801.303254328
7794765.318426767
4697653.402649175
3959385.5454128706
