7795015.032628946
7796661.31080612
2284278.326796822
4032081.4168551937
7796661.31080612
7796260.2087966325
2430592.257793331
202522.31394628162
7796260.2087966325
7792191.139849433
4701969.88461401
4116664.5428847186
7792191.139849433
7786753.830666238
2280601.3574046786
4028789.336336759
7786753.830666238
7789168.439236035
2426848.729509539
192202.05418549772
7789168.439236035
7795015.032628946
4702100.850112513
4113514.6971588815
13399427.294867188
7796652.617531049
202522.31394628162
2284278.2580267643
7796652.617531049
7794874.334239951
4116664.5428847186
2430591.9056552807
7794874.334239951
7788959.829823122
4028789.336336759
4701969.103989007
7788959.829823122
7786841.445670016
192202.05418549772
2280601.2780820546
7786841.445670016
7792409.409045854
4113514.6971588815
2426848.0774436947
7792409.409045854
7796313.1531794
4032081.4168551937
4702100.664611876
14119370.4961933
7796661.190883499
2284278.2580267643
4032081.4219192024
7796661.190883499
7796260.109755509
2430591.9056552807
202522.23817298128
7796260.109755509
7792191.4285043795
4701969.103989007
4116663.597103758
7792191.4285043795
7786753.962296023
2280601.2780820546
4028788.0886059348
7786753.962296023
7789167.994424761
2426848.0774436947
192201.82515831504
7789167.994424761
7795015.522299133
4702100.664611876
4113513.0645156405
14298670.214874618
7796652.469578318
202522.23817298128
2284278.293955254
7796652.469578318
7794875.273092808
4116663.597103758
2430592.9816859765
7794875.273092808
7788959.6685983725
4028788.0886059348
4701969.910148558
7788959.6685983725
7786841.417110283
192201.82515831504
2280599.9468379132
7786841.417110283
7792408.613896762
4113513.0645156405
2426848.8198562046
7792408.613896762
7796313.848423318
4032081.4219192024
4702100.368397975
14435842.702913277
7796662.598249316
2284278.293955254
4032080.5775553742
7796662.598249316
7796258.750351567
2430592.9816859765
202525.50551118865
7796258.750351567
7792191.690310785
4701969.910148558
4116663.330883532
7792191.690310785
7786753.456368527
2280599.9468379132
4028788.511002156
7786753.456368527
7789168.345713537
2426848.8198562046
192202.01301718818
7789168.345713537
7795015.483433811
4702100.368397975
4113513.4390540696
9936274.51082291
7796653.724897029
202525.50551118865
2284278.400573978
7796653.724897029
7794874.503441275
4116663.330883532
2430592.236816054
7794874.503441275
7788960.550028025
4028788.511002156
4701969.040949361
7788960.550028025
7786840.98559616
192202.01301718818
2280600.2994822934
7786840.98559616
7792408.488730829
4113513.4390540696
2426848.1432832987
7792408.488730829
7796312.540046107
4032080.5775553742
4702100.318083704
8354591.947854152
7796661.381889298
2284278.400573978
4032081.163579323
7796661.381889298
7796260.616805513
2430592.236816054
202522.65573880865
7796260.616805513
7792191.1967745265
4701969.040949361
4116664.264367591
7792191.1967745265
7786754.352738478
2280600.2994822934
4028788.1374834715
7786754.352738478
7789168.567217974
2426848.1432832987
192202.92856371557
7789168.567217974
7795015.2725941865
4702100.318083704
4113513.751773028
8591985.397119563
7796652.61077316
202522.65573880865
2284278.326796822
7796652.61077316
7794874.590687722
4116664.264367591
2430592.257793331
7794874.590687722
7788960.224830213
4028788.1374834715
4701969.88461401
7788960.224830213
7786840.956933905
192202.92856371557
2280601.3574046786
7786840.956933905
7792408.274564827
4113513.751773028
2426848.729509539
7792408.274564827
7796313.201679193
4032081.163579323
4702100.850112513
