7792577.00073104
7796347.916850598
3963349.842020908
4698038.373535923
7796347.916850598
7796645.76833081
283125.63436570764
2169587.5802310673
7796645.76833081
7794764.154436506
4178185.241901188
2541203.6316650165
7794764.154436506
7788802.261372364
3959957.500023343
4697705.199412265
7788802.261372364
7786913.008924858
275635.4527421591
2165962.916698411
7786913.008924858
7792577.00073104
4175156.01671701
2537417.1999061736
13614298.29808721
7796667.379179797
2169587.5802310673
3963350.9409096334
7796667.379179797
7796216.909393272
2541203.6316650165
283126.2820957174
7796216.909393272
7792022.023156503
4697705.199412265
4178184.5412558145
7792022.023156503
7786694.4075565105
2165962.916698411
3959957.598026698
7786694.4075565105
7789333.246418619
2537417.1999061736
275633.90254239406
7789333.246418619
7795117.205259808
4698038.373535923
4175155.930632225
14199727.24750992
7796348.488186588
3963350.9409096334
4698037.741976057
7796348.488186588
7796645.408988878
283126.2820957174
2169586.968118831
7796645.408988878
7794763.877953941
4178184.5412558145
2541203.5926629826
7794763.877953941
7788802.338945662
3959957.598026698
4697704.653134277
7788802.338945662
7786914.151458667
275633.90254239406
2165963.1778705143
7786914.151458667
7792575.524328229
4175155.930632225
2537417.440671312
15440669.562092884
7796666.359766345
2169586.968118831
3963351.517723372
7796666.359766345
7796216.10011865
2541203.5926629826
283125.4940293703
7796216.10011865
7792021.939906377
4697704.653134277
4178184.4452955057
7792021.939906377
7786695.924967753
2165963.1778705143
3959956.196223376
7786695.924967753
7789331.699428797
2537417.440671312
275635.43093397166
7789331.699428797
7795118.003150738
4698037.741976057
4175155.1195173077
14592935.021846639
7796348.92790821
3963351.517723372
4698036.586682675
7796348.92790821
7796646.240109225
283125.4940293703
2169586.592662903
7796646.240109225
7794764.534167531
4178184.4452955057
2541204.1189663415
7794764.534167531
7788802.414700928
3959956.196223376
4697703.537276798
7788802.414700928
7786914.45469113
275635.43093397166
2165962.5137957144
7786914.45469113
7792574.377485806
4175155.1195173077
2537417.626226333
11516885.614022484
7796666.2173910765
2169586.592662903
3963351.2371937134
7796666.2173910765
7796217.673489555
2541204.1189663415
283125.43331639026
7796217.673489555
7792020.577919177
4697703.537276798
4178185.608164483
7792020.577919177
7786695.06904559
2165962.5137957144
3959957.9412475172
7786695.06904559
7789332.129022642
2537417.626226333
275635.59168603277
7789332.129022642
7795118.204726887
4698036.586682675
4175155.8074476393
8487977.402122837
7796348.177335584
3963351.2371937134
4698036.911048971
7796348.177335584
7796646.224013458
283125.43331639026
2169588.326900967
7796646.224013458
7794763.693955989
4178185.608164483
2541203.1624128027
7794763.693955989
7788802.550809112
3959957.9412475172
4697703.872676937
7788802.550809112
7786914.870878511
275635.59168603277
2165963.0744709116
7786914.870878511
7792575.450213503
4175155.8074476393
2537416.3509987257
8920396.389032103
7796667.211557978
2169588.326900967
3963349.842020908
7796667.211557978
7796216.931753211
2541203.1624128027
283125.63436570764
7796216.931753211
7792021.629222747
4697703.872676937
4178185.241901188
7792021.629222747
7786695.003714449
2165963.0744709116
3959957.500023343
7786695.003714449
7789332.701242498
2537416.3509987257
275635.4527421591
7789332.701242498
7795117.701561473
4698036.911048971
4175156.01671701
