7792438.724652822
7796319.986607367
4020383.3894112636
4701654.960506935
7796319.986607367
7796650.938306044
212989.53022496932
2264507.1600525794
7796650.938306044
7794856.204062034
4127563.4030067967
2449910.7683823914
7794856.204062034
7788932.594338376
4017071.395677064
4701488.721477735
7788932.594338376
7786852.363025739
203169.4655658485
2260837.883411632
7786852.363025739
7792438.724652822
4124432.965720364
2446158.7245056536
13615528.255937353
7796662.787220107
2264507.1600525794
4020381.822254225
7796662.787220107
7796252.160270714
2449910.7683823914
212990.27748702522
7796252.160270714
7792161.987166587
4701488.721477735
4127563.2370910444
7792161.987166587
7786743.019364611
2260837.883411632
4017071.288770589
7786743.019364611
7789197.375986039
2446158.7245056536
203170.51329725175
7789197.375986039
7795033.265129401
4701654.960506935
4124433.4435326518
14172886.264929246
7796318.801371629
4020381.822254225
4701654.875958262
7796318.801371629
7796651.291627263
212990.27748702522
2264506.155799434
7796651.291627263
7794856.131111657
4127563.2370910444
2449910.1737154694
7794856.131111657
7788931.94970493
4017071.288770589
4701488.8981038425
7788931.94970493
7786852.548684122
203170.51329725175
2260838.7754055047
7786852.548684122
7792439.310255128
4124433.4435326518
2446157.633750848
15447247.954992324
7796661.965808316
2264506.155799434
4020382.2515899064
7796661.965808316
7796251.381868805
2449910.1737154694
212990.1355321415
7796251.381868805
7792162.274996423
4701488.8981038425
4127563.1559940726
7792162.274996423
7786742.776885678
2260838.7754055047
4017071.796074128
7786742.776885678
7789196.680903649
2446157.633750848
203169.88082563598
7789196.680903649
7795034.309612851
4701654.875958262
4124433.251400251
14540700.840602066
7796318.679742444
4020382.2515899064
4701654.132586374
7796318.679742444
7796650.700114956
212990.1355321415
2264506.4044376207
7796650.700114956
7794857.128153865
4127563.1559940726
2449908.4693318903
7794857.128153865
7788932.816718242
4017071.796074128
4701488.714857375
7788932.816718242
7786852.522361316
203169.88082563598
2260837.606677945
7786852.522361316
7792438.946371233
4124433.251400251
2446158.334810244
11525591.08476796
7796663.330456704
2264506.4044376207
4020382.1347215786
7796663.330456704
7796250.401866015
2449908.4693318903
212991.63608138467
7796250.401866015
7792162.491122584
4701488.714857375
4127563.746321648
7792162.491122584
7786743.83943354
2260837.606677945
4017071.8536983463
7786743.83943354
7789196.095966918
2446158.334810244
203170.41779247476
7789196.095966918
7795034.342438767
4701654.132586374
4124433.374931307
8442949.59794969
7796318.582418201
4020382.1347215786
4701654.450189915
7796318.582418201
7796651.365145414
212991.63608138467
2264505.5815273523
7796651.365145414
7794856.629261175
4127563.746321648
2449907.690987924
7794856.629261175
7788932.495007169
4017071.8536983463
4701488.274025806
7788932.495007169
7786852.563551871
203170.41779247476
2260838.64183631
7786852.563551871
7792439.201296404
4124433.374931307
2446157.8554556607
8922129.26689958
7796661.383786267
2264505.5815273523
4020383.3894112636
7796661.383786267
7796252.494288119
2449907.690987924
212989.53022496932
7796252.494288119
7792161.613945346
4701488.274025806
4127563.4030067967
7792161.613945346
7786743.417945091
2260838.64183631
4017071.395677064
7786743.417945091
7789195.910928162
2446157.8554556607
203169.4655658485
7789195.910928162
7795034.978695629
4701654.450189915
4124432.965720364
