7795753.058533999
7796684.781389613
1273837.4000918262
3361029.0040042913
7796684.781389613
7795800.634278495
3297100.2041639467
1187331.2927236296
7795800.634278495
7790728.443108906
4553318.1501139365
4531723.835208201
7790728.443108906
7786476.827556545
1270544.8370102267
3357176.7491995413
7786476.827556545
7790606.213044189
3293228.924179761
1184034.23045179
7790606.213044189
7795753.058533999
4555089.186629404
4529827.041954106
13213107.101772465
7796554.818360875
1187331.2927236296
1273835.2232166047
7796554.818360875
7793818.14831166
4531723.835208201
3297099.3366973577
7793818.14831166
7787748.671819959
3357176.7491995413
4553318.262514871
7787748.671819959
7787664.76816282
1184034.23045179
1270545.048639092
7787664.76816282
7793720.02838195
4529827.041954106
3293229.086356704
7793720.02838195
7796544.794021819
3361029.0040042913
4555089.026638757
13670131.645094883
7796684.004875862
1273835.2232166047
3361029.4927421142
7796684.004875862
7795800.925464923
3297099.3366973577
1187331.444265498
7795800.925464923
7790728.910393273
4553318.262514871
4531723.1948042195
7790728.910393273
7786476.388429037
1270545.048639092
3357178.157256934
7786476.388429037
7790606.847655403
3293229.086356704
1184033.1714111664
7790606.847655403
7795753.997142843
4555089.026638757
4529827.244824761
13248249.29595209
7796554.943571427
1187331.444265498
1273835.3160719746
7796554.943571427
7793817.491457804
4531723.1948042195
3297100.070497444
7793817.491457804
7787749.253818684
3357178.157256934
4553316.3683647895
7787749.253818684
7787664.558213056
1184033.1714111664
1270545.1158640468
7787664.558213056
7793719.848928836
4529827.244824761
3293228.8805792625
7793719.848928836
7796544.553816665
3361029.4927421142
4555089.232006616
13543751.737151783
7796684.2958286
1273835.3160719746
3361029.0211258032
7796684.2958286
7795801.360018656
3297100.070497444
1187330.6539450951
7795801.360018656
7790728.28766026
4553316.3683647895
4531723.737281237
7790728.28766026
7786476.550951445
1270545.1158640468
3357175.601198873
7786476.550951445
7790606.783801216
3293228.8805792625
1184033.9470687103
7790606.783801216
7795753.623887602
4555089.232006616
4529826.075876093
8355512.349537076
7796554.448409473
1187330.6539450951
1273834.5397786903
7796554.448409473
7793818.716574231
4531723.737281237
3297100.540456531
7793818.716574231
7787748.749087575
3357175.601198873
4553318.930738102
7787748.749087575
7787663.947023017
1184033.9470687103
1270545.16638105
7787663.947023017
7793719.582471075
4529826.075876093
3293229.353454286
7793719.582471075
7796545.7240506355
3361029.0211258032
4555088.9177752
7571955.125424887
7796684.225312298
1273834.5397786903
3361029.5748820407
7796684.225312298
7795800.417269477
3297100.540456531
1187332.07569114
7795800.417269477
7790729.149293417
4553318.930738102
4531722.301635267
7790729.149293417
7786476.7067890065
1270545.16638105
3357176.591237617
7786476.7067890065
7790606.612312283
3293229.353454286
1184033.28198989
7790606.612312283
7795753.614813248
4555088.9177752
4529826.53435829
8299680.350312996
7796554.973920656
1187332.07569114
1273837.4000918262
7796554.973920656
7793817.642196541
4531722.301635267
3297100.2041639467
7793817.642196541
7787749.449444171
3357176.591237617
4553318.1501139365
7787749.449444171
7787664.136776278
1184033.28198989
1270544.8370102267
7787664.136776278
7793719.304812678
4529826.53435829
3293228.924179761
7793719.304812678
7796545.516392035
3361029.5748820407
4555089.186629404
