7793840.134939976
7796559.352139228
3283962.930128799
4526768.537778293
7796559.352139228
7796539.78439499
1291371.966265233
1169719.9183152944
7796539.78439499
7793699.923867597
4559630.553510067
3373867.3939779266
7793699.923867597
7787646.204802983
3280090.383305752
4524851.074034651
7787646.204802983
7787765.371476273
1288077.3979819205
1166422.7164693822
7787765.371476273
7793840.134939976
4557884.2788582705
3370015.312367934
13556325.131208075
7796684.226768401
1169719.9183152944
3283961.214347206
7796684.226768401
7795741.062996078
3373867.3939779266
1291371.775308988
7795741.062996078
7790582.451027286
4524851.074034651
4559630.225863572
7790582.451027286
7786476.539745551
1166422.7164693822
3280089.3088005907
7786476.539745551
7790754.157122843
3370015.312367934
1288077.6587659612
7790754.157122843
7795811.546011402
4526768.537778293
4557882.958908725
14321025.480282724
7796558.781256873
3283961.214347206
4526770.036096733
7796558.781256873
7796540.112581119
1291371.775308988
1169720.0990837242
7796540.112581119
7793699.573707586
4559630.225863572
3373867.097182021
7793699.573707586
7787646.201034962
3280089.3088005907
4524851.186461192
7787646.201034962
7787765.772279502
1288077.6587659612
1166423.884645889
7787765.772279502
7793839.7183199795
4557882.958908725
3370016.2832598495
15138129.394588562
7796683.769834042
1169720.0990837242
3283960.8817578
7796683.769834042
7795740.9771232335
3373867.097182021
1291371.5460334702
7795740.9771232335
7790582.454529973
4524851.186461192
4559629.7615563385
7790582.454529973
7786477.281746988
1166423.884645889
3280088.6041260855
7786477.281746988
7790753.283716748
3370016.2832598495
1288077.9696429907
7790753.283716748
7795812.675773084
4526770.036096733
4557883.014906636
14827810.235864494
7796558.109443714
3283960.8817578
4526769.382393772
7796558.109443714
7796540.9576507965
1291371.5460334702
1169719.8632024839
7796540.9576507965
7793698.952683746
4559629.7615563385
3373866.6265776805
7793698.952683746
7787645.853368616
3280088.6041260855
4524850.981398713
7787645.853368616
7787766.824010523
1288077.9696429907
1166422.9524113722
7787766.824010523
7793839.440468593
4557883.014906636
3370015.131750301
11109137.686741583
7796684.619292531
1169719.8632024839
3283961.0671882783
7796684.619292531
7795740.459771733
3373866.6265776805
1291374.364967139
7795740.459771733
7790582.420608906
4524850.981398713
4559630.714516634
7790582.420608906
7786476.841146299
1166422.9524113722
3280090.0504130707
7786476.841146299
7790753.281645443
3370015.131750301
1288077.9669342977
7790753.281645443
7795812.649215116
4526769.382393772
4557883.470936593
8690003.100684138
7796557.958454347
3283961.0671882783
4526769.350130517
7796557.958454347
7796540.357793904
1291374.364967139
1169720.987469234
7796540.357793904
7793699.87822768
4559630.714516634
3373865.89926098
7793699.87822768
7787646.851274337
3280090.0504130707
4524850.108748097
7787646.851274337
7787765.88189306
1288077.9669342977
1166422.0663398926
7787765.88189306
7793839.862482794
4557883.470936593
3370015.3992122575
8833115.497878771
7796683.4558209
1169720.987469234
3283962.930128799
7796683.4558209
7795741.245504246
3373865.89926098
1291371.966265233
7795741.245504246
7790582.28917661
4524850.108748097
4559630.553510067
7790582.28917661
7786476.591960332
1166422.0663398926
3280090.383305752
7786476.591960332
7790753.164218957
3370015.3992122575
1288077.3979819205
7790753.164218957
7795812.984025287
4526769.350130517
4557884.2788582705
