7795539.70988747
7796680.930685472
1620247.843666344
3607061.269575763
7796680.930685472
7795980.718704831
3025929.876410695
834980.3467667293
7795980.718704831
7791221.535919268
4631129.066419398
4419974.404935883
7791221.535919268
7786511.80826256
1616877.4436686211
3603320.7606305415
7786511.80826256
7790115.767677464
3022037.1377065443
831438.1721427036
7790115.767677464
7795539.70988747
4632378.443952725
4417603.797299115
13277796.18778305
7796598.346672786
834980.3467667293
1620248.0773508304
7796598.346672786
7794199.466903563
4419974.404935883
3025929.5698654787
7794199.466903563
7788119.922966323
3603320.7606305415
4631128.092605873
7788119.922966323
7787344.380224533
831438.1721427036
1616876.218055958
7787344.380224533
7793305.147329907
4417603.797299115
3022037.5119675933
7793305.147329907
7796484.252611095
3607061.269575763
4632375.989369138
13844101.246414043
7796681.770098077
1620248.0773508304
3607060.6490495107
7796681.770098077
7795979.960360784
3025929.5698654787
834980.5259175772
7795979.960360784
7791221.785730564
4631128.092605873
4419973.854836092
7791221.785730564
7786512.214091669
1616876.218055958
3603321.393009155
7786512.214091669
7790116.139504537
3022037.5119675933
831439.7480209968
7790116.139504537
7795538.088519774
4632375.989369138
4417605.313442553
13620362.86043736
7796598.006830956
834980.5259175772
1620248.2597914007
7796598.006830956
7794199.047844621
4419973.854836092
3025929.5399776227
7794199.047844621
7788120.507669888
3603321.393009155
4631128.707195897
7788120.507669888
7787343.741689651
831439.7480209968
1616877.6723522563
7787343.741689651
7793304.905877041
4417605.313442553
3022037.133426904
7793304.905877041
7796484.4841095675
3607060.6490495107
4632376.3133505955
13892557.292703448
7796682.177725541
1620248.2597914007
3607060.353101461
7796682.177725541
7795978.408146895
3025929.5399776227
834980.6582887863
7795978.408146895
7791222.6451550275
4631128.707195897
4419971.56585375
7791222.6451550275
7786512.853677233
1616877.6723522563
3603320.267546059
7786512.853677233
7790115.596191541
3022037.133426904
831438.5632309879
7790115.596191541
7795538.144049668
4632376.3133505955
4417605.245103844
8933433.376476398
7796598.612804384
834980.6582887863
1620247.4523209217
7796598.612804384
7794198.123956227
4419971.56585375
3025931.5270277564
7794198.123956227
7788120.661280949
3603320.267546059
4631128.548245525
7788120.661280949
7787343.165601191
831438.5632309879
1616876.1940080053
7787343.165601191
7793305.176782664
4417605.245103844
3022036.069626843
7793305.176782664
7796485.080617194
3607060.353101461
4632376.229222522
7881271.745740432
7796681.057507294
1620247.4523209217
3607059.6109722457
7796681.057507294
7795979.545711882
3025931.5270277564
834980.587875981
7795979.545711882
7791222.292124909
4631128.548245525
4419972.817221443
7791222.292124909
7786512.729811537
1616876.1940080053
3603319.7435609996
7786512.729811537
7790116.460918895
3022036.069626843
831439.789207008
7790116.460918895
7795538.157472448
4632376.229222522
4417604.839104798
8401893.61242717
7796597.620593686
834980.587875981
1620247.843666344
7796597.620593686
7794199.081681384
4419972.817221443
3025929.876410695
7794199.081681384
7788120.464327466
3603319.7435609996
4631129.066419398
7788120.464327466
7787343.318009434
831439.789207008
1616877.4436686211
7787343.318009434
7793305.29205914
4417604.839104798
3022037.1377065443
7793305.29205914
7796484.879989835
3607059.6109722457
4632378.443952725
