7794650.244586546
7796638.758448416
2650764.0962866135
4236944.712519543
7796638.758448416
7796381.528994815
2052329.0648931013
392401.3660711839
7796381.528994815
7792737.938485755
4690279.826829092
3890976.2131124586
7792737.938485755
7786997.170047156
2646942.8809977476
4234049.458566634
7786997.170047156
7788644.646633787
2048757.534193819
386765.8373669881
7788644.646633787
7794650.244586546
4689742.719297356
3887485.47835383
13462438.64484735
7796670.991329385
392401.3660711839
2650762.5483960877
7796670.991329385
7795214.062733916
3890976.2131124586
2052328.6448504736
7795214.062733916
7789500.56175699
4234049.458566634
4690279.148313902
7789500.56175699
7786643.021170231
386765.8373669881
2646943.164732209
7786643.021170231
7791848.557164488
3887485.47835383
2048758.2820233835
7791848.557164488
7796172.812763737
4236944.712519543
4689741.018733429
14229373.685638841
7796637.834149466
2650762.5483960877
4236946.056223692
7796637.834149466
7796381.487832692
2052328.6448504736
392401.4995498472
7796381.487832692
7792738.1377817225
4690279.148313902
3890975.5366934976
7792738.1377817225
7786998.0048622815
2646943.164732209
4234048.532815202
7786998.0048622815
7788645.963055536
2048758.2820233835
386764.94727054506
7788645.963055536
7794649.393056435
4689741.018733429
3887487.434681329
14640200.080992518
7796670.713065635
392401.4995498472
2650762.9406459923
7796670.713065635
7795214.40286429
3890975.5366934976
2052328.4332166172
7795214.40286429
7789500.697941077
4234048.532815202
4690280.112653368
7789500.697941077
7786642.337268564
386764.94727054506
2646943.242485672
7786642.337268564
7791849.603062233
3887487.434681329
2048757.6214230228
7791849.603062233
7796173.942364876
4236946.056223692
4689741.1586070275
14650230.454467319
7796636.850920997
2650762.9406459923
4236945.556105668
7796636.850920997
7796382.071925193
2052328.4332166172
392401.0444843069
7796382.071925193
7792738.702557773
4690280.112653368
3890973.6311101173
7792738.702557773
7786996.855170784
2646943.242485672
4234047.823319764
7786996.855170784
7788646.229851103
2048757.6214230228
386766.1733134521
7788646.229851103
7794649.317826354
4689741.1586070275
3887486.7110411734
10421317.8669296
7796671.04298873
392401.0444843069
2650762.1816944224
7796671.04298873
7795213.625747059
3890973.6311101173
2052330.8528194001
7795213.625747059
7789499.504650585
4234047.823319764
4690279.602655317
7789499.504650585
7786643.0725654485
386766.1733134521
2646943.17295963
7786643.0725654485
7791849.2729224
3887486.7110411734
2048758.453835754
7791849.2729224
7796174.713954835
4236945.556105668
4689741.439399958
8538780.20088242
7796637.466794319
2650762.1816944224
4236945.124124507
7796637.466794319
7796381.737782486
2052330.8528194001
392402.72337262135
7796381.737782486
7792737.411018472
4690279.602655317
3890975.084079224
7792737.411018472
7786997.494390622
2646943.17295963
4234048.630200079
7786997.494390622
7788646.289587044
2048758.453835754
386766.6856083507
7788646.289587044
7794649.822258767
4689741.439399958
3887486.7094954886
8689399.694178049
7796670.864301703
392402.72337262135
2650764.0962866135
7796670.864301703
7795214.028117262
3890975.084079224
2052329.0648931013
7795214.028117262
7789500.792026163
4234048.630200079
4690279.826829092
7789500.792026163
7786642.220036654
386766.6856083507
2646942.8809977476
7786642.220036654
7791849.1198355
3887486.7094954886
2048757.534193819
7791849.1198355
7796173.661570766
4236945.124124507
4689742.719297356
