7796318.31856077
7796651.307308718
211927.87485881103
2266362.027312705
7796651.307308718
7794857.988290395
4126546.6148884045
2448102.753567067
7794857.988290395
7788934.699914444
4018174.320816453
4701538.167277489
7788934.699914444
7786853.398830846
202059.98222217333
2262692.362447514
7786853.398830846
7792434.6416886775
4123415.0333139445
2444352.7899519484
7792434.6416886775
7796318.31856077
4021482.467449636
4701700.528660315
12977947.014949793
7796253.655308509
2448102.753567067
211929.0507627936
7796253.655308509
7792163.508395025
4701538.167277489
4126546.270600653
7792163.508395025
7786744.774175419
2262692.362447514
4018173.200993612
7786744.774175419
7789196.701264415
2444352.7899519484
202060.71282553297
7789196.701264415
7795028.6279674135
4701700.528660315
4123415.2414004747
7795028.6279674135
7796663.715640121
2266362.027312705
4021482.485076703
12871664.080069713
7796651.939718684
211929.0507627936
2266361.824898853
7796651.939718684
7794857.930750943
4126546.270600653
2448102.5164901437
7794857.930750943
7788934.583903393
4018173.200993612
4701538.569630903
7788934.583903393
7786853.28878455
202060.71282553297
2262693.656381344
7786853.28878455
7792434.686792163
4123415.2414004747
2444352.212369676
7792434.686792163
7796318.284454323
4021482.485076703
4701701.08915673
11814925.81248173
7796253.522152022
2448102.5164901437
211928.5884513932
7796253.522152022
7792164.16040883
4701538.569630903
4126546.4051533304
7792164.16040883
7786744.370589933
2262693.656381344
4018173.8946182886
7786744.370589933
7789195.337855038
2444352.212369676
202060.08669847134
7789195.337855038
7795029.747133571
4701701.08915673
4123414.480515781
7795029.747133571
7796663.408055118
2266361.824898853
4021482.8186858417
11877048.8414879
7796651.711835637
211928.5884513932
2266361.5700760325
7796651.711835637
7794857.0053268075
4126546.4051533304
2448101.753107765
7794857.0053268075
7788935.979002333
4018173.8946182886
4701536.44582082
7788935.979002333
7786853.331412121
202060.08669847134
2262691.283325805
7786853.331412121
7792434.080023134
4123414.480515781
2444351.9940210124
7792434.080023134
7796318.641173025
4021482.8186858417
4701700.383964235
5823312.439796803
7796254.243473023
2448101.753107765
211927.526444257
7796254.243473023
7792163.637930901
4701536.44582082
4126547.0971956346
7792163.637930901
7786744.437721808
2262691.283325805
4018173.683970797
7786744.437721808
7789195.119274487
2444351.9940210124
202060.5805014767
7789195.119274487
7795030.094411609
4701700.383964235
4123414.1681080447
7795030.094411609
7796663.562206741
2266361.5700760325
4021482.543001811
6013909.485570672
7796651.097460517
211927.526444257
2266360.9379123477
7796651.097460517
7794858.309416858
4126547.0971956346
2448100.5643727873
7794858.309416858
7788934.857172479
4018173.683970797
4701538.06933349
7788934.857172479
7786852.63268573
202060.5805014767
2262691.852302191
7786852.63268573
7792434.289742178
4123414.1681080447
2444352.281358397
7792434.289742178
7796318.602419972
4021482.543001811
4701700.462449164
7921210.407868561
7796254.004417301
2448100.5643727873
211927.87485881103
7796254.004417301
7792164.003473854
4701538.06933349
4126546.6148884045
7792164.003473854
7786744.3360814955
2262691.852302191
4018174.320816453
7786744.3360814955
7789195.7980532115
2444352.281358397
202059.98222217333
7789195.7980532115
7795029.619301949
4701700.462449164
4123415.0333139445
7795029.619301949
7796663.5764712505
2266360.9379123477
4021482.467449636
