7792161.104364722
7796253.854191918
4128071.331826617
4701463.277347722
7796253.854191918
7796662.57385426
213526.15150056122
2450812.004066503
7796662.57385426
7795032.709750648
4019833.131785265
2263580.9303989685
7795032.709750648
7789197.816986337
4124943.495522935
4701632.550261514
7789197.816986337
7786742.017559556
203731.87859721415
2447063.8457739386
7786742.017559556
7792161.104364722
4016519.0402849223
2259909.359433457
13615425.863693185
7796651.497786337
2450812.004066503
4128069.991883517
7796651.497786337
7796317.702880568
2263580.9303989685
213526.18268475152
7796317.702880568
7792438.634954821
4701632.550261514
4019832.8333994965
7792438.634954821
7786854.213817837
2447063.8457739386
4124943.270129345
7786854.213817837
7788929.596441789
2259909.359433457
203731.8098780539
7788929.596441789
7794859.545446065
4701463.277347722
4016518.331723935
14111619.925852792
7796253.754124315
4128069.991883517
4701462.982237791
7796253.754124315
7796662.188724941
213526.18268475152
2450812.039423098
7796662.188724941
7795032.436543485
4019832.8333994965
2263581.05265821
7795032.436543485
7789198.700894658
4124943.270129345
4701632.124027902
7789198.700894658
7786741.29386115
203731.8098780539
2447062.686593568
7786741.29386115
7792162.379160089
4016518.331723935
2259908.4786771373
15447244.151594875
7796652.016297438
2450812.039423098
4128070.1937439395
7796652.016297438
7796317.907747072
2263581.05265821
213525.96079619337
7796317.907747072
7792438.208572478
4701632.124027902
4019833.4435921675
7792438.208572478
7786854.32579631
2447062.686593568
4124942.849260649
7786854.32579631
7788930.480031139
2259908.4786771373
203731.86821327652
7788930.480031139
7794857.572986824
4701462.982237791
4016519.0196652277
14421131.211541504
7796253.7701183185
4128070.1937439395
4701462.818841958
7796253.7701183185
7796661.516920447
213525.96079619337
2450811.919431408
7796661.516920447
7795033.866620756
4019833.4435921675
2263580.2451876155
7795033.866620756
7789196.945931425
4124942.849260649
4701631.753939613
7789196.945931425
7786742.012912652
203731.86821327652
2447063.193532498
7786742.012912652
7792161.684745008
4016519.0196652277
2259908.81045999
11525360.07218634
7796651.918050077
2450811.919431408
4128070.4242154635
7796651.918050077
7796318.121056002
2263580.2451876155
213525.9267141961
7796318.121056002
7792437.954439218
4701631.753939613
4019832.3923989455
7792437.954439218
7786855.006032193
2447063.193532498
4124943.79243101
7786855.006032193
7788930.188778824
2259908.81045999
203731.63990406596
7788930.188778824
7794858.175296902
4701462.818841958
4016519.107386916
8339604.861415141
7796253.42569396
4128070.4242154635
4701462.3127192035
7796253.42569396
7796662.534874264
213525.9267141961
2450813.1902640625
7796662.534874264
7795032.447572854
4019832.3923989455
2263581.6037138193
7795032.447572854
7789198.131231041
4124943.79243101
4701631.366992222
7789198.131231041
7786741.345384459
203731.63990406596
2447064.217281432
7786741.345384459
7792162.390064708
4016519.107386916
2259908.63760659
8921679.38252593
7796651.63444062
2450813.1902640625
4128071.331826617
7796651.63444062
7796317.33415177
2263581.6037138193
213526.15150056122
7796317.33415177
7792438.7070360845
4701631.366992222
4019833.131785265
7792438.7070360845
7786854.333229347
2447064.217281432
4124943.495522935
7786854.333229347
7788930.012769975
2259908.63760659
203731.87859721415
7788930.012769975
7794857.810269166
4701462.3127192035
4016519.0402849223
