7795050.324968451
7796662.523568606
2246542.323881135
4009698.1420971355
7796662.523568606
7796246.13498508
2467370.75570214
224036.0460284865
7796246.13498508
7792135.68358498
4700961.018184883
4137357.589953418
7792135.68358498
7786733.099848361
2242882.8361756676
4006371.838185798
7786733.099848361
7789221.814171779
2463612.7867709217
214691.0665646978
7789221.814171779
7795050.324968451
4701158.191685162
4134245.129683184
13392714.557947109
7796650.473376491
224036.0460284865
2246543.834512823
7796650.473376491
7794838.268876949
4137357.589953418
2467370.5116222473
7794838.268876949
7788907.098140699
4006371.838185798
4700959.974068269
7788907.098140699
7786866.930207665
214691.0665646978
2242883.011438612
7786866.930207665
7792462.841964727
4134245.129683184
2463613.291781295
7792462.841964727
7796324.869042063
4009698.1420971355
4701158.134465612
14106152.235347576
7796662.858750543
2246543.834512823
4009698.2332553104
7796662.858750543
7796246.121753922
2467370.5116222473
224036.09006928158
7796246.121753922
7792135.206781743
4700959.974068269
4137357.520465531
7792135.206781743
7786733.8788238885
2242883.011438612
4006371.2579035284
7786733.8788238885
7789221.939047096
2463613.291781295
214691.437728371
7789221.939047096
7795049.406773619
4701158.134465612
4134246.517954633
14261905.220577924
7796650.660885506
224036.09006928158
2246543.9670518916
7796650.660885506
7794838.229153548
4137357.520465531
2467370.666999868
7794838.229153548
7788907.273434329
4006371.2579035284
4700960.799725566
7788907.273434329
7786865.296298411
214691.437728371
2242884.296907416
7786865.296298411
7792463.103489684
4134246.517954633
2463612.4880595915
7792463.103489684
7796325.220682477
4009698.2332553104
4701158.384080857
14409980.93851844
7796663.208663967
2246543.9670518916
4009697.44901753
7796663.208663967
7796246.307892325
2467370.666999868
224035.6537220973
7796246.307892325
7792134.417800948
4700960.799725566
4137357.681644394
7792134.417800948
7786733.914982719
2242884.296907416
4006370.350068705
7786733.914982719
7789222.389845999
2463612.4880595915
214691.1196707231
7789222.389845999
7795050.027084192
4701158.384080857
4134245.5768786203
9883339.113490753
7796648.911344476
224035.6537220973
2246542.836236589
7796648.911344476
7794837.763948751
4137357.681644394
2467368.5265142294
7794837.763948751
7788908.448936555
4006370.350068705
4700959.765377695
7788908.448936555
7786865.511677434
214691.1196707231
2242883.16359137
7786865.511677434
7792462.953768851
4134245.5768786203
2463613.6809414807
7792462.953768851
7796326.173263422
4009697.44901753
4701158.089819478
8332276.401775194
7796663.674554625
2246542.836236589
4009699.2899603457
7796663.674554625
7796246.414027811
2467368.5265142294
224036.61891516193
7796246.414027811
7792135.18399358
4700959.765377695
4137357.444786528
7792135.18399358
7786734.0657202145
2242883.16359137
4006370.7973249727
7786734.0657202145
7789222.328326329
2463613.6809414807
214691.27327193576
7789222.328326329
7795049.549599657
4701158.089819478
4134245.819820504
8581563.576593531
7796651.713393293
224036.61891516193
2246542.323881135
7796651.713393293
7794838.17478832
4137357.444786528
2467370.75570214
7794838.17478832
7788907.562324048
4006370.7973249727
4700961.018184883
7788907.562324048
7786865.272308797
214691.27327193576
2242882.8361756676
7786865.272308797
7792462.535962786
4134245.819820504
2463612.7867709217
7792462.535962786
7796325.856567246
4009699.2899603457
4701158.191685162
