7792602.481488004
7796354.458538266
3951695.1469669
4697018.273633501
7796354.458538266
7796643.5444336245
299842.11213007587
2150468.7548740283
7796643.5444336245
7794745.07702171
4188046.5671850783
2559306.0505449977
7794745.07702171
7788776.1907623485
3948285.752975223
4696651.381072227
7788776.1907623485
7786928.043377185
292732.9528846428
2146853.7370796683
7786928.043377185
7792602.481488004
4185037.4277136847
2555514.242279379
13613950.407427346
7796666.402339421
2150468.7548740283
3951693.6172884624
7796666.402339421
7796209.651899182
2559306.0505449977
299842.60525047244
7796209.651899182
7791993.841359955
4696651.381072227
4188045.574626606
7791993.841359955
7786685.931729331
2146853.7370796683
3948284.5464250594
7786685.931729331
7789359.031364897
2555514.242279379
292731.79410169984
7789359.031364897
7795136.31557214
4697018.273633501
4185036.655132037
14204786.438288523
7796353.841737784
3951693.6172884624
4697017.222262324
7796353.841737784
7796644.25684101
299842.60525047244
2150468.8522911295
7796644.25684101
7794745.1031819265
4188045.574626606
2559305.9430306614
7794745.1031819265
7788776.669167913
3948284.5464250594
4696650.877387843
7788776.669167913
7786926.990914632
292731.79410169984
2146853.047531331
7786926.990914632
7792602.43928821
4185036.655132037
2555512.508463872
15438828.778995184
7796667.50481883
2150468.8522911295
3951694.352669889
7796667.50481883
7796209.277478831
2559305.9430306614
299842.5676281013
7796209.277478831
7791993.978962432
4696650.877387843
4188045.97638928
7791993.978962432
7786686.137969935
2146853.047531331
3948283.7441454586
7786686.137969935
7789359.719278883
2555512.508463872
292733.12633691524
7789359.719278883
7795134.906339245
4697017.222262324
4185037.441846233
14602771.353417147
7796354.253567485
3951694.352669889
4697016.5129716555
7796354.253567485
7796645.178689539
299842.5676281013
2150468.178214717
7796645.178689539
7794745.569486669
4188045.97638928
2559305.6669057845
7794745.569486669
7788775.67509928
3948283.7441454586
4696650.150324036
7788775.67509928
7786928.367763975
292733.12633691524
2146853.0855555367
7786928.367763975
7792602.107541102
4185037.441846233
2555513.2710083197
11514438.895691529
7796667.705330847
2150468.178214717
3951693.9856828805
7796667.705330847
7796209.649470598
2559305.6669057845
299844.1860549721
7796209.649470598
7791993.437926026
4696650.150324036
4188047.7036548066
7791993.437926026
7786685.361585441
2146853.0855555367
3948284.502219755
7786685.361585441
7789359.620920397
2555513.2710083197
292733.4980357828
7789359.620920397
7795134.649505669
4697016.5129716555
4185037.705589834
8496447.943038039
7796353.7931831395
3951693.9856828805
4697016.838786395
7796353.7931831395
7796644.070870414
299844.1860549721
2150468.256965961
7796644.070870414
7794745.484756287
4188047.7036548066
2559305.86431491
7794745.484756287
7788776.792263543
3948284.502219755
4696650.324080249
7788776.792263543
7786927.63723191
292733.4980357828
2146852.9102858654
7786927.63723191
7792602.493921106
4185037.705589834
2555512.748484037
8919894.305868259
7796667.31712974
2150468.256965961
3951695.1469669
7796667.31712974
7796208.881867031
2559305.86431491
299842.11213007587
7796208.881867031
7791993.628169581
4696650.324080249
4188046.5671850783
7791993.628169581
7786685.7599078715
2146852.9102858654
3948285.752975223
7786685.7599078715
7789359.280140035
2555512.748484037
292732.9528846428
7789359.280140035
7795135.885642796
4697016.838786395
4185037.4277136847
