7792356.281819845
7796299.520071218
4053587.0111024315
4702636.67801649
7796299.520071218
7796656.02852785
188817.4351879018
2320904.788916649
7796656.02852785
7794910.481920309
4096146.337175147
2394524.2577544274
7794910.481920309
7789011.518781714
4050329.4225350325
4702572.178670885
7789011.518781714
7786817.201086163
177744.10939043804
2317211.3196099396
7786817.201086163
7792356.281819845
4092958.6474559037
2390794.848370059
13615856.740803102
7796660.531212532
2320904.788916649
4053587.522025322
7796660.531212532
7796272.258191094
2394524.2577544274
188818.06123314516
7796272.258191094
7792245.627644415
4702572.178670885
4096145.642852795
7792245.627644415
7786775.224490334
2317211.3196099396
4050329.1512431973
7786775.224490334
7789116.238518126
2390794.848370059
177744.30171606416
7789116.238518126
7794981.257283695
4702636.67801649
4092959.1080537643
14155558.23135692
7796300.195319084
4053587.522025322
4702637.270857326
7796300.195319084
7796655.293660142
188818.06123314516
2320905.0323047475
7796655.293660142
7794910.048063087
4096145.642852795
2394523.91321199
7794910.048063087
7789011.39655546
4050329.1512431973
4702571.921359909
7789011.39655546
7786816.908259772
177744.30171606416
2317208.8623833903
7786816.908259772
7792356.745577393
4092959.1080537643
2390794.6435472295
15449090.417359428
7796659.184723229
2320905.0323047475
4053587.4831096414
7796659.184723229
7796272.294505072
2394523.91321199
188817.7500842413
7796272.294505072
7792246.708524737
4702571.921359909
4096146.2466628235
7792246.708524737
7786773.913295169
2317208.8623833903
4050331.834226329
7786773.913295169
7789116.091589504
2390794.6435472295
177744.29031560163
7789116.091589504
7794982.334807461
4702637.270857326
4092958.444557828
14506930.561250884
7796299.983683805
4053587.4831096414
4702636.120050846
7796299.983683805
7796654.322250036
188817.7500842413
2320904.696941677
7796654.322250036
7794910.294295629
4096146.2466628235
2394522.6972275446
7794910.294295629
7789012.179662214
4050331.834226329
4702570.651610517
7789012.179662214
7786817.044941785
177744.29031560163
2317210.4701678716
7786817.044941785
7792356.174342105
4092958.444557828
2390794.207380285
11527991.982826978
7796659.820349836
2320904.696941677
4053587.3892578166
7796659.820349836
7796271.995893172
2394522.6972275446
188818.32066491523
7796271.995893172
7792246.535363414
4702570.651610517
4096145.598925465
7792246.535363414
7786774.82308679
2317210.4701678716
4050329.561471297
7786774.82308679
7789115.150796168
2390794.207380285
177745.23605535817
7789115.150796168
7794982.286196089
4702636.120050846
4092958.8319779127
8413800.713646935
7796299.665087108
4053587.3892578166
4702636.551350104
7796299.665087108
7796655.213213466
188818.32066491523
2320906.58735985
7796655.213213466
7794910.47710601
4096145.598925465
2394522.6017372375
7794910.47710601
7789011.436650477
4050329.561471297
4702571.024846963
7789011.436650477
7786817.346787737
177745.23605535817
2317212.1998267896
7786817.346787737
7792356.609041211
4092958.8319779127
2390794.816064602
8922541.21850242
7796659.402552313
2320906.58735985
4053587.0111024315
7796659.402552313
7796272.946574176
2394522.6017372375
188817.4351879018
7796272.946574176
7792245.333622426
4702571.024846963
4096146.337175147
7792245.333622426
7786774.960754659
2317212.1998267896
4050329.4225350325
7786774.960754659
7789115.464968579
2390794.816064602
177744.10939043804
7789115.464968579
7794982.248745463
4702636.551350104
4092958.6474559037
