7792521.399796178
7796335.055425357
3986414.8250853173
4699782.125623719
7796335.055425357
7796648.803896174
251900.57448184045
2207690.267857454
7796648.803896174
7794801.256209528
4158198.8320871987
2504841.7983543016
7794801.256209528
7788854.735124021
3983054.9855545047
4699515.276391618
7788854.735124021
7786889.199350115
243547.84815911946
2204048.1474196804
7786889.199350115
7792521.399796178
4155128.7043750896
2501068.943137964
13614892.554052763
7796664.911273457
2207690.267857454
3986415.4738992914
7796664.911273457
7796230.803307996
2504841.7983543016
251900.44474423572
7796230.803307996
7792078.5662897155
4699515.276391618
4158198.0943094133
7792078.5662897155
7786713.194046765
2204048.1474196804
3983054.362656644
7786713.194046765
7789278.660018144
2501068.943137964
243548.72510521382
7789278.660018144
7795084.467251
4699782.125623719
4155128.8692221125
14189298.383317925
7796336.731077622
3986415.4738992914
4699781.3668197375
7796336.731077622
7796648.281174093
251900.44474423572
2207690.332701899
7796648.281174093
7794801.415047468
4158198.0943094133
2504841.508395429
7794801.415047468
7788854.028956639
3983054.362656644
4699514.821314969
7788854.028956639
7786889.0807815995
243548.72510521382
2204049.9713675603
7786889.0807815995
7792521.259028666
4155128.8692221125
2501067.6873265766
15443826.803817157
7796665.136053443
2207690.332701899
3986415.5549312835
7796665.136053443
7796231.614423916
2504841.508395429
251900.6375015504
7796231.614423916
7792076.979574591
4699514.821314969
4158198.8573110066
7792076.979574591
7786713.700979686
2204049.9713675603
3983053.9212521533
7786713.700979686
7789277.623809394
2501067.6873265766
243548.4493580025
7789277.623809394
7795085.127979246
4699781.3668197375
4155127.902130115
14572651.806115799
7796336.832043405
3986415.5549312835
4699780.39392437
7796336.832043405
7796648.182053679
251900.6375015504
2207690.057672626
7796648.182053679
7794800.730672421
4158198.8573110066
2504842.1435563187
7794800.730672421
7788854.881027102
3983053.9212521533
4699515.107779726
7788854.881027102
7786889.376492026
243548.4493580025
2204048.1917856396
7786889.376492026
7792520.561822509
4155127.902130115
2501068.430692546
11521072.61525795
7796663.627021655
2207690.057672626
3986415.7033105176
7796663.627021655
7796230.875795262
2504842.1435563187
251898.7538930572
7796230.875795262
7792079.088920681
4699515.107779726
4158197.1863186243
7792079.088920681
7786713.771111378
2204048.1917856396
3983054.5555413608
7786713.771111378
7789277.689115497
2501068.430692546
243548.593149999
7789277.689115497
7795084.522698619
4699780.39392437
4155128.750235537
8470500.61467696
7796336.996630978
3986415.7033105176
4699780.662665832
7796336.996630978
7796648.443895179
251898.7538930572
2207689.811007673
7796648.443895179
7794801.0980699165
4158197.1863186243
2504842.122897329
7794801.0980699165
7788854.221433244
3983054.5555413608
4699514.264635722
7788854.221433244
7786889.142463606
243548.593149999
2204048.1603898485
7786889.142463606
7792521.390083696
4155128.750235537
2501067.882958035
8921245.253121713
7796664.924958186
2207689.811007673
3986414.8250853173
7796664.924958186
7796230.557592804
2504842.122897329
251900.57448184045
7796230.557592804
7792078.029810518
4699514.264635722
4158198.8320871987
7792078.029810518
7786713.685894878
2204048.1603898485
3983054.9855545047
7786713.685894878
7789278.402465854
2501067.882958035
243547.84815911946
7789278.402465854
7795084.301293174
4699780.662665832
4155128.7043750896
