7796469.290752408
7796605.557226325
751128.4276827162
1701573.5303140231
7796605.557226325
7794286.851678071
4389363.9804703
2958579.322757216
7794286.851678071
7788213.286400811
3658786.6445750967
4645524.426337794
7788213.286400811
7787273.739188759
747432.7176840067
1698167.636435888
7787273.739188759
7793202.371201099
4386890.465780545
2954692.7650629557
7793202.371201099
7796469.290752408
3662489.578909381
4646642.390470205
12891312.511635842
7796018.579918519
2958579.322757216
751127.8284347645
7796018.579918519
7791338.588271426
4645524.426337794
4389363.155454758
7791338.588271426
7786528.643453567
1698167.636435888
3658786.37776777
7786528.643453567
7790002.613432191
2954692.7650629557
747432.1109799664
7790002.613432191
7795479.895105167
4646642.390470205
4386889.097961392
7795479.895105167
7796681.402460995
1701573.5303140231
3662489.119681619
12482493.656701144
7796606.204027441
751127.8284347645
1701572.7010511665
7796606.204027441
7794286.734078819
4389363.155454758
2958579.2477780296
7794286.734078819
7788214.022539085
3658786.37776777
4645523.926925143
7788214.022539085
7787273.519353406
747432.1109799664
1698167.9995502138
7787273.519353406
7793202.416185952
4386889.097961392
2954692.539939743
7793202.416185952
7796467.7173595615
3662489.119681619
4646641.903342548
11248259.682524074
7796018.987291887
2958579.2477780296
751127.8637574797
7796018.987291887
7791338.457912209
4645523.926925143
4389363.695267423
7791338.457912209
7786529.214345331
1698167.9995502138
3658786.774337678
7786529.214345331
7790002.140378288
2954692.539939743
747432.7791605033
7790002.140378288
7795480.463600442
4646641.903342548
4386889.8725768635
7795480.463600442
7796681.590236712
1701572.7010511665
3662489.1989711598
11015365.555304633
7796607.170195786
751127.8637574797
1701572.5264093028
7796607.170195786
7794285.88172602
4389363.695267423
2958579.044667896
7794285.88172602
7788213.757038583
3658786.774337678
4645522.522200376
7788213.757038583
7787273.545435721
747432.7791605033
1698167.4562962074
7787273.545435721
7793202.255530627
4386889.8725768635
2954691.938485762
7793202.255530627
7796467.7498958325
3662489.1989711598
4646641.386429645
4565977.794524106
7796017.81018241
2958579.044667896
751127.2895303973
7796017.81018241
7791338.781519825
4645522.522200376
4389362.869599028
7791338.781519825
7786529.769523227
1698167.4562962074
3658786.9755076133
7786529.769523227
7790002.719534781
2954691.938485762
747433.8997166196
7790002.719534781
7795480.508091373
4646641.386429645
4386889.488862474
7795480.508091373
7796681.819093442
1701572.5264093028
3662489.436458077
5129380.58675708
7796606.65881777
751127.2895303973
1701571.7309998276
7796606.65881777
7794286.600722243
4389362.869599028
2958579.830936371
7794286.600722243
7788213.532849435
3658786.9755076133
4645522.92080673
7788213.532849435
7787273.640769274
747433.8997166196
1698168.0792497764
7787273.640769274
7793202.566436539
4386889.488862474
2954692.748630399
7793202.566436539
7796467.912470867
3662489.436458077
4646641.078345027
7778865.634569115
7796018.866471969
2958579.830936371
751128.4276827162
7796018.866471969
7791339.049565237
4645522.92080673
4389363.9804703
7791339.049565237
7786529.463467807
1698168.0792497764
3658786.6445750967
7786529.463467807
7790002.698057335
2954692.748630399
747432.7176840067
7790002.698057335
7795479.439872563
4646641.078345027
4386890.465780545
7795479.439872563
7796681.291904067
1701571.7309998276
3662489.578909381
