7796444.369579818
7796616.621190123
648109.1150512389
1801251.310419644
7796616.621190123
7794391.8966471115
4349475.117720926
2874018.753130544
7794391.8966471115
7788332.198126276
3725540.079827634
4661087.368799715
7788332.198126276
7787191.147773964
644132.6651251181
1797802.4037526518
7787191.147773964
7793074.474074914
4346875.442702889
2870143.494888104
7793074.474074914
7796444.369579818
3729190.330138266
4662045.994575504
12904847.813667843
7796064.4058009405
2874018.753130544
648108.4188355854
7796064.4058009405
7791482.67738052
4661087.368799715
4349474.586984013
7791482.67738052
7786555.223822452
1797802.4037526518
3725540.0070493976
7786555.223822452
7789859.876920279
2870143.494888104
644133.3213782057
7789859.876920279
7795408.878709709
4662045.994575504
4346874.209020244
7795408.878709709
7796680.072747057
1801251.310419644
3729190.3192457967
12548892.6071932
7796616.515380418
648108.4188355854
1801250.7125343534
7796616.515380418
7794391.853379834
4349474.586984013
2874018.7561408784
7794391.853379834
7788331.647856414
3725540.0070493976
4661086.749822701
7788331.647856414
7787191.16801006
644133.3213782057
1797802.621291684
7787191.16801006
7793074.214507541
4346874.209020244
2870142.6781353652
7793074.214507541
7796445.250881486
3729190.3192457967
4662044.346414175
11338408.708404869
7796064.9766699895
2874018.7561408784
648108.4547372743
7796064.9766699895
7791481.908667207
4661086.749822701
4349474.752517014
7791481.908667207
7786554.71145703
1797802.621291684
3725540.5326122018
7786554.71145703
7789860.390212728
2870142.6781353652
644132.8254983958
7789860.390212728
7795409.306145286
4662044.346414175
4346875.050379171
7795409.306145286
7796679.403961174
1801250.7125343534
3729190.100488455
11165171.988007877
7796617.247102323
648108.4547372743
1801250.400847804
7796617.247102323
7794390.131179463
4349474.752517014
2874019.4643587684
7794390.131179463
7788332.546364872
3725540.5326122018
4661085.45026523
7788332.546364872
7787190.056250649
644132.8254983958
1797802.2421768717
7787190.056250649
7793074.457609414
4346875.050379171
2870142.1879800875
7793074.457609414
7796445.877068055
3729190.100488455
4662043.613085454
4783658.828251861
7796066.31094194
2874019.4643587684
648108.2089776029
7796066.31094194
7791481.282343085
4661085.45026523
4349474.616843296
7791481.282343085
7786555.930760325
1797802.2421768717
3725540.281703995
7786555.930760325
7789859.96907167
2870142.1879800875
644133.2932055872
7789859.96907167
7795408.818874992
4662043.613085454
4346875.295739271
7795408.818874992
7796678.43143037
1801250.400847804
3729190.351109164
5288753.320414049
7796616.366084946
648108.2089776029
1801250.229890929
7796616.366084946
7794391.353681634
4349474.616843296
2874018.6283267485
7794391.353681634
7788331.734245673
3725540.281703995
4661086.604851212
7788331.734245673
7787190.870217831
644133.2932055872
1797802.5471027384
7787190.870217831
7793074.467395398
4346875.295739271
2870142.84608935
7793074.467395398
7796445.626920942
3729190.351109164
4662043.61193825
7801214.2517866315
7796064.762638519
2874018.6283267485
648109.1150512389
7796064.762638519
7791482.174986297
4661086.604851212
4349475.117720926
7791482.174986297
7786555.345512151
1797802.5471027384
3725540.079827634
7786555.345512151
7789860.591245921
2870142.84608935
644132.6651251181
7789860.591245921
7795409.285699737
4662043.61193825
4346875.442702889
7795409.285699737
7796678.384319917
1801250.229890929
3729190.330138266
