7793307.704878053
7796484.495189254
3606381.210923255
4632193.226954021
7796484.495189254
7796597.852402514
835999.2264371328
1619257.5697251416
7796597.852402514
7794198.825232222
4420337.015915027
3026740.29861789
7794198.825232222
7788118.820846022
3602640.5212837853
4630944.007149218
7788118.820846022
7787342.928539084
832458.8438525054
1615886.674056035
7787342.928539084
7793307.704878053
4417969.808653616
3022847.641367077
13591816.33919044
7796680.662071513
1619257.5697251416
3606380.0886629606
7796680.662071513
7795979.275692188
3026740.29861789
835999.6773203437
7795979.275692188
7791220.496000727
4630944.007149218
4420336.497456839
7791220.496000727
7786512.444126588
1615886.674056035
3602639.8777162787
7786512.444126588
7790117.51450063
3022847.641367077
832458.7587962316
7790117.51450063
7795540.224458126
4632193.226954021
4417968.879147596
14301274.979524551
7796483.907637152
3606380.0886629606
4632192.609187599
7796483.907637152
7796598.236441459
835999.6773203437
1619257.413610412
7796598.236441459
7794199.13560857
4420336.497456839
3026740.2753680507
7794199.13560857
7788118.830240561
3602639.8777162787
4630943.358395249
7788118.830240561
7787342.396641689
832458.7587962316
1615886.9594619602
7787342.396641689
7793308.421447086
4417968.879147596
3022847.3987393025
15323441.185730899
7796681.065736435
1619257.413610412
3606380.351713045
7796681.065736435
7795978.789568144
3026740.2753680507
835999.628677437
7795978.789568144
7791220.8124314025
4630943.358395249
4420336.59338613
7791220.8124314025
7786512.3317135805
1615886.9594619602
3602640.2819258734
7786512.3317135805
7790117.964093558
3022847.3987393025
832458.6125265384
7790117.964093558
7795539.625077228
4632192.609187599
4417968.905026702
14789735.553421224
7796483.3725135615
3606380.351713045
4632191.969903017
7796483.3725135615
7796598.234159644
835999.628677437
1619257.7117580373
7796598.234159644
7794197.9266881235
4420336.59338613
3026740.1122271796
7794197.9266881235
7788119.957493451
3602640.2819258734
4630941.907347728
7788119.957493451
7787342.978808726
832458.6125265384
1615886.2115572023
7787342.978808726
7793307.811016747
4417968.905026702
3022847.3101241505
11359871.644082665
7796681.712601298
1619257.7117580373
3606380.6857682033
7796681.712601298
7795979.324593615
3026740.1122271796
835998.8757212274
7795979.324593615
7791220.775397984
4630941.907347728
4420336.111508396
7791220.775397984
7786512.525708627
1615886.2115572023
3602639.746908515
7786512.525708627
7790117.247690926
3022847.3101241505
832458.8274925561
7790117.247690926
7795539.743585268
4632191.969903017
4417969.374169038
8657104.85259177
7796483.658666751
3606380.6857682033
4632191.360600408
7796483.658666751
7796597.663843008
835998.8757212274
1619255.9865056467
7796597.663843008
7794198.875084622
4420336.111508396
3026741.5463019423
7794198.875084622
7788119.351805296
3602639.746908515
4630942.740046739
7788119.351805296
7787342.568252252
832458.8274925561
1615885.109937633
7787342.568252252
7793308.313955345
4417969.374169038
3022847.4826485314
8886860.312667038
7796681.6557351705
1619255.9865056467
3606381.210923255
7796681.6557351705
7795978.758447952
3026741.5463019423
835999.2264371328
7795978.758447952
7791220.523542034
4630942.740046739
4420337.015915027
7791220.523542034
7786512.584968057
1615885.109937633
3602640.5212837853
7786512.584968057
7790118.035260173
3022847.4826485314
832458.8438525054
7790118.035260173
7795539.747391928
4632191.360600408
4417969.808653616
