7793433.243350205
7796502.772303741
3536205.204921513
4612345.015269868
7796502.772303741
7796585.783049265
939749.8551128763
1518144.6294526313
7796585.783049265
7794090.213070619
4456006.250653955
3108455.7693594117
7794090.213070619
7788005.094704664
3532424.5998747093
4610939.345522809
7788005.094704664
7787432.6599622
936332.0417927672
1514809.1045585992
7787432.6599622
7793433.243350205
4453773.750445661
3104561.288955645
13585081.803816307
7796683.06363683
1518144.6294526313
3536206.3159418204
7796683.06363683
7795929.126606244
3108455.7693594117
939748.9507336853
7795929.126606244
7791075.484508269
4610939.345522809
4456005.393366077
7791075.484508269
7786496.317549464
1514809.1045585992
3532424.929723755
7786496.317549464
7790262.196673129
3104561.288955645
936332.8236841555
7790262.196673129
7795605.072868321
4612345.015269868
4453774.455702952
14310464.711967029
7796502.785042845
3536206.3159418204
4612345.098347491
7796502.785042845
7796586.530163897
939748.9507336853
1518144.7020956203
7796586.530163897
7794089.751362363
4456005.393366077
3108455.7607430355
7794089.751362363
7788006.361579343
3532424.929723755
4610938.3321824465
7788006.361579343
7787432.122637959
936332.8236841555
1514808.4379214628
7787432.122637959
7793432.639776559
4453774.455702952
3104560.576168047
15288371.090104254
7796682.57669167
1518144.7020956203
3536206.3059945595
7796682.57669167
7795929.276411628
3108455.7607430355
939748.9170962103
7795929.276411628
7791075.326233388
4610938.3321824465
4456006.052778991
7791075.326233388
7786495.297044868
1514808.4379214628
3532424.385370717
7786495.297044868
7790261.475119236
3104560.576168047
936332.23931444
7790261.475119236
7795605.823886626
4612345.098347491
4453772.719652778
14807476.467950052
7796503.250225464
3536206.3059945595
4612344.420561562
7796503.250225464
7796587.190043769
939748.9170962103
1518144.5407264833
7796587.190043769
7794089.698803549
4456006.052778991
3108455.006458172
7794089.698803549
7788004.69614405
3532424.385370717
4610939.020960422
7788004.69614405
7787433.216260173
936332.23931444
1514808.5913974773
7787433.216260173
7793432.324104053
4453772.719652778
3104562.0061705112
11312634.066799318
7796683.749466057
1518144.5407264833
3536205.671726264
7796683.749466057
7795926.964784123
3108455.006458172
939750.7586601254
7795926.964784123
7791077.084291558
4610939.020960422
4456004.505177263
7791077.084291558
7786495.231783122
1514808.5913974773
3532424.651597111
7786495.231783122
7790262.085824474
3104562.0061705112
936330.9787665564
7790262.085824474
7795606.356136727
4612344.420561562
4453772.260071539
8672344.658856692
7796502.887296538
3536205.671726264
4612344.3607209865
7796502.887296538
7796586.811208296
939750.7586601254
1518145.1552624588
7796586.811208296
7794089.390646168
4456004.505177263
3108454.863217971
7794089.390646168
7788006.177466698
3532424.651597111
4610938.239996907
7788006.177466698
7787432.182272797
936330.9787665564
1514808.3930974777
7787432.182272797
7793432.282118298
4453772.260071539
3104561.868034804
8876701.11632013
7796682.03800408
1518145.1552624588
3536205.204921513
7796682.03800408
7795929.483719704
3108454.863217971
939749.8551128763
7795929.483719704
7791075.420014102
4610938.239996907
4456006.250653955
7791075.420014102
7786495.655989088
1514808.3930974777
3532424.5998747093
7786495.655989088
7790261.8905948615
3104561.868034804
936332.0417927672
7790261.8905948615
7795605.765692765
4612344.3607209865
4453773.750445661
