7791047.162306592
7795920.064990119
4463192.876457513
4606430.721230386
7795920.064990119
7796683.140846642
961523.6821023881
3125395.221651463
7796683.140846642
7795616.990561542
3521246.126994389
1496839.790377511
7795616.990561542
7790292.643613585
4460990.200846767
4607872.6790681975
7790292.643613585
7786490.735345934
958127.0676049446
3121505.8328466048
7786490.735345934
7791047.162306592
3517453.983236792
1493507.4601421272
13582751.831796432
7796583.5166882565
3125395.221651463
4463192.191658841
7796583.5166882565
7796505.369070659
1496839.790377511
961521.8599975054
7796505.369070659
7793456.860993742
4607872.6790681975
3521245.8459845395
7793456.860993742
7787452.852229617
3121505.8328466048
4460989.58947504
7787452.852229617
7787983.032504541
1493507.4601421272
958127.6772746678
7787983.032504541
7794069.18898674
4606430.721230386
3517455.4164381744
13783712.318687402
7795920.263119212
4463192.191658841
4606431.755629054
7795920.263119212
7796682.988022819
961521.8599975054
3125395.7294712295
7796682.988022819
7795617.3268038565
3521245.8459845395
1496839.9169547574
7795617.3268038565
7790292.18113563
4460989.58947504
4607872.481194962
7790292.18113563
7786491.377711335
958127.6772746678
3121504.936656296
7786491.377711335
7791047.0785703
3517455.4164381744
1493506.6906736433
15280896.704012204
7796584.678637588
3125395.7294712295
4463192.234126389
7796584.678637588
7796504.952468214
1496839.9169547574
961521.8752504411
7796504.952468214
7793457.694447766
4607872.481194962
3521245.686638528
7793457.694447766
7787452.316957031
3121504.936656296
4460990.893154611
7787452.316957031
7787982.143328502
1493506.6906736433
958127.1157989766
7787982.143328502
7794069.011377676
4606431.755629054
3517454.098137496
13772730.970628733
7795920.332321637
4463192.234126389
4606430.861705883
7795920.332321637
7796682.793727314
961521.8752504411
3125395.141558564
7796682.793727314
7795617.163975283
3521245.686638528
1496840.1395167212
7795617.163975283
7790293.058171803
4460990.893154611
4607871.680471847
7790293.058171803
7786490.466590575
958127.1157989766
3121504.5954701076
7786490.466590575
7791047.346944043
3517454.098137496
1493506.8243667372
11300542.502310477
7796584.691149112
3125395.141558564
4463192.408053896
7796584.691149112
7796505.273824745
1496840.1395167212
961521.8325994345
7796505.273824745
7793457.5987421535
4607871.680471847
3521246.801477104
7793457.5987421535
7787452.694029873
3121504.5954701076
4460989.985205264
7787452.694029873
7787981.489992548
1493506.8243667372
958127.6564790554
7787981.489992548
7794069.100721524
4606430.861705883
3517454.184092679
7771603.474886678
7795919.993928872
4463192.408053896
4606431.036428303
7795919.993928872
7796682.102203413
961521.8325994345
3125395.3092025113
7796682.102203413
7795617.648580494
3521246.801477104
1496840.0409577629
7795617.648580494
7790292.029959788
4460989.985205264
4607871.895895107
7790292.029959788
7786491.437759567
958127.6564790554
3121504.5692850263
7786491.437759567
7791046.960240706
3517454.184092679
1493506.8322495422
8870601.745314002
7796585.153457923
3125395.3092025113
4463192.876457513
7796585.153457923
7796504.858128114
1496840.0409577629
961523.6821023881
7796504.858128114
7793456.5978272
4607871.895895107
3521246.126994389
7793456.5978272
7787453.063185568
3121504.5692850263
4460990.200846767
7787453.063185568
7787981.666124741
1493506.8322495422
958127.0676049446
7787981.666124741
7794068.861454312
4606431.036428303
3517453.983236792
