7794909.971518363
7796655.633610157
2396346.2068232843
4097185.569697795
7796655.633610157
7796299.839187775
2319065.314180202
189308.05384730233
7796299.839187775
7792357.626244036
4702620.487868591
4052512.4187180246
7792357.626244036
7786819.382419807
2392618.4967911267
4094002.9845279907
7786819.382419807
7789008.143813749
2315369.8185399426
178265.7767565749
7789008.143813749
7794909.971518363
4702551.056551147
4049251.0125206336
13419146.826624636
7796658.85202843
189308.05384730233
2396344.1305860793
7796658.85202843
7794981.0627121935
4052512.4187180246
2319065.4787403857
7794981.0627121935
7789119.093628857
4094002.9845279907
4702620.160678433
7789119.093628857
7786773.419323384
178265.7767565749
2392617.596816743
7786773.419323384
7792244.012168997
4049251.0125206336
2315368.0167107075
7792244.012168997
7796273.771722928
4097185.569697795
4702550.004788055
14156647.897280723
7796655.2273757225
2396344.1305860793
4097186.759003295
7796655.2273757225
7796299.465922092
2319065.4787403857
189308.1651713186
7796299.465922092
7792357.487892067
4702620.160678433
4052512.2141743293
7792357.487892067
7786819.532722874
2392617.596816743
4094003.836789238
7786819.532722874
7789008.6553104725
2315368.0167107075
178265.83829468352
7789008.6553104725
7794909.887298725
4702550.004788055
4049250.6631560028
14406232.467902336
7796659.322241586
189308.1651713186
2396344.205988181
7796659.322241586
7794980.331325374
4052512.2141743293
2319065.5246524946
7794980.331325374
7789119.718303926
4094003.836789238
4702620.241019468
7789119.718303926
7786773.934135416
178265.83829468352
2392619.783564562
7786773.934135416
7792242.844581378
4049250.6631560028
2315369.231894883
7792242.844581378
7796274.869421701
4097186.759003295
4702549.869882108
14508658.603563765
7796654.378081471
2396344.205988181
4097185.8989241133
7796654.378081471
7796299.54202401
2319065.5246524946
189308.7442129919
7796299.54202401
7792357.602761375
4702620.241019468
4052511.80101064
7792357.602761375
7786820.540692514
2392619.783564562
4094001.5779500385
7786820.540692514
7789008.317949525
2315369.231894883
178266.992416221
7789008.317949525
7794910.004938872
4702549.869882108
4049250.355439591
10090313.226235857
7796659.175064785
189308.7442129919
2396344.103204113
7796659.175064785
7794981.603587173
4052511.80101064
2319063.0104736807
7794981.603587173
7789118.22523383
4094001.5779500385
4702621.349713312
7789118.22523383
7786774.207604907
178266.992416221
2392618.7271687305
7786774.207604907
7792242.935087446
4049250.355439591
2315368.3308119816
7792242.935087446
7796274.093773326
4097185.8989241133
4702549.935965832
8417312.259174732
7796655.801731431
2396344.103204113
4097186.318944693
7796655.801731431
7796298.731538893
2319063.0104736807
189308.28912294423
7796298.731538893
7792357.862030856
4702621.349713312
4052511.8190599107
7792357.862030856
7786819.880886412
2392618.7271687305
4094002.3587934487
7786819.880886412
7789008.310927318
2315368.3308119816
178266.68826175152
7789008.310927318
7794909.929975967
4702549.935965832
4049249.876785043
8622550.917785244
7796659.638582942
189308.28912294423
2396346.2068232843
7796659.638582942
7794980.408369518
4052511.8190599107
2319065.314180202
7794980.408369518
7789119.26528638
4094002.3587934487
4702620.487868591
7789119.26528638
7786773.664866212
178266.68826175152
2392618.4967911267
7786773.664866212
7792243.114805626
4049249.876785043
2315369.8185399426
7792243.114805626
7796274.808140165
4097186.318944693
4702551.056551147
