7796306.954157305
7796652.983590686
194139.32481971066
2303999.231167671
7796652.983590686
7794894.097445486
4105671.1376100113
2411218.4343086374
7794894.097445486
7788988.15484692
4040414.735453491
4702339.733762844
7788988.15484692
7786829.426211891
183372.29781853638
2300312.2409646097
7786829.426211891
7792380.086886546
4102500.8688127277
2407483.0915910914
7792380.086886546
7796306.954157305
4043687.9403800205
4702437.215594235
12984572.993650518
7796267.009545223
2411218.4343086374
194140.57592365576
7796267.009545223
7792219.110668899
4702339.733762844
4105670.732931131
7792219.110668899
7786766.0715803
2300312.2409646097
4040413.525439158
7786766.0715803
7789140.889429726
2407483.0915910914
183373.41918899395
7789140.889429726
7794995.717256202
4702437.215594235
4102499.2591710254
7794995.717256202
7796661.669919293
2303999.231167671
4043687.530131531
12898554.589251174
7796654.40169966
194140.57592365576
2303998.3827205664
7796654.40169966
7794894.292975314
4105670.732931131
2411218.499075545
7794894.292975314
7788987.677752337
4040413.525439158
4702340.017472139
7788987.677752337
7786829.559117234
183373.41918899395
2300310.864855376
7786829.559117234
7792378.919157254
4102499.2591710254
2407483.675671184
7792378.919157254
7796306.16264599
4043687.530131531
4702435.639158711
11857301.74252699
7796266.872749675
2411218.499075545
194140.29517400553
7796266.872749675
7792220.241129446
4702340.017472139
4105670.6379398983
7792220.241129446
7786764.867082502
2300310.864855376
4040413.799011843
7786764.867082502
7789141.132701892
2407483.675671184
183372.49272284712
7789141.132701892
7794995.827096199
4702435.639158711
4102500.4439939116
7794995.827096199
7796661.783133541
2303998.3827205664
4043687.697727707
11935226.926551102
7796654.456061399
194140.29517400553
2303998.3345647734
7796654.456061399
7794894.815102098
4105670.6379398983
2411218.30046435
7794894.815102098
7788987.098921604
4040413.799011843
4702340.753577895
7788987.098921604
7786829.124423111
183372.49272284712
2300311.560207161
7786829.124423111
7792379.455184024
4102500.4439939116
2407482.9457042078
7792379.455184024
7796306.0017067855
4043687.697727707
4702435.217457267
5908771.653021405
7796266.189423266
2411218.30046435
194141.51682785098
7796266.189423266
7792220.734550222
4702340.753577895
4105669.6247842996
7792220.734550222
7786764.533877203
2300311.560207161
4040413.6136874803
7786764.533877203
7789141.547503162
2407482.9457042078
183371.7762001046
7789141.547503162
7794995.615304277
4702435.217457267
4102501.150661722
7794995.615304277
7796661.443811403
2303998.3345647734
4043687.8446054584
6071188.81225211
7796654.661838922
194141.51682785098
2303999.141655385
7796654.661838922
7794894.226116088
4105669.6247842996
2411218.8216006416
7794894.226116088
7788987.813724269
4040413.6136874803
4702339.3429476945
7788987.813724269
7786829.2674019765
183371.7762001046
2300310.740580118
7786829.2674019765
7792379.751179774
4102501.150661722
2407482.425503845
7792379.751179774
7796305.742203511
4043687.8446054584
4702434.89032749
7932030.658357782
7796267.2584539
2411218.8216006416
194139.32481971066
7796267.2584539
7792219.683107674
4702339.3429476945
4105671.1376100113
7792219.683107674
7786765.407084727
2300310.740580118
4040414.735453491
7786765.407084727
7789141.603922038
2407482.425503845
183372.29781853638
7789141.603922038
7794995.575377755
4702434.89032749
4102500.8688127277
7794995.575377755
7796661.184128088
2303999.141655385
4043687.9403800205
