7793652.907771949
7796534.284191718
3405237.6045520487
4570508.657012506
7796534.284191718
7796562.360467713
1126336.5689393617
1334462.9322605985
7796562.360467713
7793886.677673267
4514286.933402546
3251416.576741679
7793886.677673267
7787810.344853022
3401402.2746763392
4568824.662537631
7787810.344853022
7787604.289737504
1123025.7391406652
1331168.6823623725
7787604.289737504
7793652.907771949
4512306.66324251
3247536.285784613
13570965.663267845
7796683.751175882
1334462.9322605985
3405240.276330874
7796683.751175882
7795832.869754538
3251416.576741679
1126336.4709994523
7795832.869754538
7790814.2900586
4568824.662537631
4514286.840949382
7790814.2900586
7786478.183340351
1331168.6823623725
3401401.9282074617
7786478.183340351
7790521.683750259
3247536.285784613
1123025.221947202
7790521.683750259
7795719.266131115
4570508.657012506
4512305.715753286
14320048.690373983
7796534.005857895
3405240.276330874
4570507.007403152
7796534.005857895
7796563.802909667
1126336.4709994523
1334463.3426018702
7796563.802909667
7793886.756345102
4514286.840949382
3251416.1025269628
7793886.756345102
7787810.85365357
3401401.9282074617
4568824.206041816
7787810.85365357
7787603.38173375
1123025.221947202
1331167.600771382
7787603.38173375
7793651.772405497
4512305.715753286
3247535.2938592127
15214728.618204052
7796683.741820204
1334463.3426018702
3405239.95947218
7796683.741820204
7795833.501441623
3251416.1025269628
1126336.2433783095
7795833.501441623
7790814.411517421
4568824.206041816
4514287.406498837
7790814.411517421
7786478.038416142
1331167.600771382
3401402.100697639
7786478.038416142
7790521.64917669
3247535.2938592127
1123025.95681688
7790521.64917669
7795719.085368131
4570507.007403152
4512305.632927877
14825953.426298348
7796534.002565986
3405239.95947218
4570506.554155967
7796534.002565986
7796563.549291404
1126336.2433783095
1334462.7695234232
7796563.549291404
7793887.481134446
4514287.406498837
3251415.291234236
7793887.481134446
7787809.826492199
3401402.100697639
4568823.3718452025
7787809.826492199
7787604.576600014
1123025.95681688
1331168.5972546241
7787604.576600014
7793651.910815659
4512305.632927877
3247535.7245384105
11213113.491117006
7796684.145735633
1334462.7695234232
3405239.9309786526
7796684.145735633
7795834.022045694
3251415.291234236
1126337.9585636419
7795834.022045694
7790813.230634388
4568823.3718452025
4514288.613930589
7790813.230634388
7786479.417839037
1331168.5972546241
3401402.1996139213
7786479.417839037
7790520.593204783
3247535.7245384105
1123026.9143863076
7790520.593204783
7795719.329468318
4570506.554155967
4512305.700059526
8688274.989152273
7796534.3394382205
3405239.9309786526
4570506.5551126
7796534.3394382205
7796563.507533704
1126337.9585636419
1334465.6083647772
7796563.507533704
7793886.90274016
4514288.613930589
3251415.385954496
7793886.90274016
7787810.723075025
3401402.1996139213
4568824.352100597
7787810.723075025
7787604.088168357
1123026.9143863076
1331169.454063853
7787604.088168357
7793651.555286003
4512305.700059526
3247535.3787256978
8855338.591632217
7796684.898410571
1334465.6083647772
3405237.6045520487
7796684.898410571
7795832.379029912
3251415.385954496
1126336.5689393617
7795832.379029912
7790814.912827102
4568824.352100597
4514286.933402546
7790814.912827102
7786478.297187978
1331169.454063853
3401402.2746763392
7786478.297187978
7790521.859328641
3247535.3787256978
1123025.7391406652
7790521.859328641
7795718.294882532
4570506.5551126
4512306.66324251
