7796540.377992396
7796558.910387211
1165659.316238655
1295411.5873945842
7796558.910387211
7793842.782627701
4525619.399308946
3280926.072766858
7793842.782627701
7787771.050503728
3372971.5257854518
4558926.783375838
7787771.050503728
7787643.506976997
1162358.4516620184
1292120.7083845728
7787643.506976997
7793693.617345896
4523692.543565654
3277052.117522541
7793693.617345896
7796540.377992396
3376819.577610936
4560666.023663843
12844005.717989434
7795812.340826953
3280926.072766858
1165659.2294446386
7795812.340826953
7790758.032522401
4558926.783375838
4525619.040092071
7790758.032522401
7786476.889982523
1292120.7083845728
3372971.064778406
7786476.889982523
7790577.520073784
3277052.117522541
1162357.5904023685
7790577.520073784
7795740.1873409515
4560666.023663843
4523692.839531573
7795740.1873409515
7796684.234411585
1295411.5873945842
3376818.8303566165
12224636.330432389
7796558.099043836
1165659.2294446386
1295412.1344703513
7796558.099043836
7793842.474434401
4525619.040092071
3280925.473225676
7793842.474434401
7787770.797907517
3372971.064778406
4558927.505434804
7787770.797907517
7787643.409510252
1162357.5904023685
1292120.6981836585
7787643.409510252
7793694.953111083
4523692.839531573
3277050.9682003213
7793694.953111083
7796540.902697703
3376818.8303566165
4560666.258308974
10928150.306314623
7795812.093865446
3280925.473225676
1165659.0383510254
7795812.093865446
7790759.204211427
4558927.505434804
4525619.086956446
7790759.204211427
7786477.450480774
1292120.6981836585
3372971.23082565
7786477.450480774
7790577.7087512035
3277050.9682003213
1162357.8189124023
7790577.7087512035
7795739.11544788
4560666.258308974
4523693.214993091
7795739.11544788
7796685.007489952
1295412.1344703513
3376819.1398342336
10421222.836593043
7796557.979788553
1165659.0383510254
1295411.867829181
7796557.979788553
7793842.997524945
4525619.086956446
3280925.574342375
7793842.997524945
7787771.09814903
3372971.23082565
4558926.968832946
7787771.09814903
7787642.466004923
1162357.8189124023
1292120.2222028698
7787642.466004923
7793695.922506943
4523693.214993091
3277049.86639833
7793695.922506943
7796540.501926279
3376819.1398342336
4560665.802500527
3708447.7983421725
7795812.891505227
3280925.574342375
1165658.2630775624
7795812.891505227
7790759.324417904
4558926.968832946
4525619.790882979
7790759.324417904
7786476.468135225
1292120.2222028698
3372971.42333922
7786476.468135225
7790577.955597626
3277049.86639833
1162357.8782174028
7790577.955597626
7795739.571148602
4560665.802500527
4523693.435124762
7795739.571148602
7796684.466520563
1295411.867829181
3376819.0191031764
4466118.496491297
7796558.28547774
1165658.2630775624
1295413.507344361
7796558.28547774
7793842.917594441
4525619.790882979
3280923.624769158
7793842.917594441
7787770.68986254
3372971.42333922
4558926.145015417
7787770.68986254
7787643.22438697
1162357.8782174028
1292120.6314266627
7787643.22438697
7793694.784227625
4523693.435124762
3277049.937393558
7793694.784227625
7796540.205479716
3376819.0191031764
4560666.020502817
7700426.44932076
7795812.8833519025
3280923.624769158
1165659.316238655
7795812.8833519025
7790758.00731085
4558926.145015417
4525619.399308946
7790758.00731085
7786476.773335863
1292120.6314266627
3372971.5257854518
7786476.773335863
7790577.540840165
3277049.937393558
1162358.4516620184
7790577.540840165
7795739.234808312
4560666.020502817
4523692.543565654
7795739.234808312
7796685.4553359905
1295413.507344361
3376819.577610936
