7793181.691488376
7796464.00499339
3674661.7866367903
4649600.900897398
7796464.00499339
7796608.187224311
732495.6064386155
1719610.3969780707
7796608.187224311
7794306.486447974
4382340.7801076975
2943442.865663256
7794306.486447974
7788235.088178425
3670968.7151351226
4648511.379457806
7788235.088178425
7787255.021785116
728758.3801040472
1716198.5919346209
7787255.021785116
7793181.691488376
4379844.184772038
2939555.4723521015
13597741.940450985
7796679.2393798465
1719610.3969780707
3674660.3405646007
7796679.2393798465
7796026.637767855
2943442.865663256
732495.2336495739
7796026.637767855
7791365.360684432
4648511.379457806
4382340.456363414
7791365.360684432
7786533.857465113
1716198.5919346209
3670967.1578874653
7786533.857465113
7789975.100437338
2939555.4723521015
728758.1319915708
7789975.100437338
7795470.932701402
4649600.900897398
4379842.574802994
14289340.28445801
7796462.984493393
3674660.3405646007
4649601.067109005
7796462.984493393
7796608.781320051
732495.2336495739
1719610.0032535356
7796608.781320051
7794305.8505863715
4382340.456363414
2943442.672009343
7794305.8505863715
7788234.611153889
3670967.1578874653
4648511.309137051
7788234.611153889
7787256.76158252
728758.1319915708
1716197.7095642183
7787256.76158252
7793181.587449472
4379842.574802994
2939556.923062614
15354279.633637698
7796679.853173708
1719610.0032535356
3674661.4624277167
7796679.853173708
7796026.561488158
2943442.672009343
732495.7028757916
7796026.561488158
7791365.35837417
4648511.309137051
4382340.375467314
7791365.35837417
7786533.9309315095
1716197.7095642183
3670966.9722747225
7786533.9309315095
7789974.911376806
2939556.923062614
728758.6937655851
7789974.911376806
7795470.997960639
4649601.067109005
4379842.834334572
14766676.188257195
7796463.140160494
3674661.4624277167
4649599.766680434
7796463.140160494
7796608.254961129
732495.7028757916
1719609.9202677659
7796608.254961129
7794306.786804429
4382340.375467314
2943442.3301953576
7794306.786804429
7788234.700440777
3670966.9722747225
4648511.039848247
7788234.700440777
7787256.598571717
728758.6937655851
1716198.3642423884
7787256.598571717
7793181.219664279
4379842.834334572
2939557.2314267866
11401322.853100711
7796679.563451466
1719609.9202677659
3674660.735225184
7796679.563451466
7796026.018304722
2943442.3301953576
732496.1439737882
7796026.018304722
7791364.983699452
4648511.039848247
4382340.420842845
7791364.983699452
7786533.311512969
1716198.3642423884
3670967.357771242
7786533.311512969
7789975.656337976
2939557.2314267866
728758.0794060065
7789975.656337976
7795470.139246544
4649599.766680434
4379842.9761296455
8637312.7853405
7796463.124236343
3674660.735225184
4649600.372603435
7796463.124236343
7796608.724263041
732496.1439737882
1719610.8318720874
7796608.724263041
7794305.63387066
4382340.420842845
2943441.940549469
7794305.63387066
7788234.532014697
3670967.357771242
4648510.698387709
7788234.532014697
7787256.7912038695
728758.0794060065
1716197.5373344992
7787256.7912038695
7793181.270860752
4379842.9761296455
2939557.088365344
8895776.532017794
7796679.71460124
1719610.8318720874
3674661.7866367903
7796679.71460124
7796026.826074489
2943441.940549469
732495.6064386155
7796026.826074489
7791364.93349094
4648510.698387709
4382340.7801076975
7791364.93349094
7786533.36783838
1716197.5373344992
3670968.7151351226
7786533.36783838
7789975.096877224
2939557.088365344
728758.3801040472
7789975.096877224
7795470.382788957
4649600.372603435
4379844.184772038
