7793408.771058644
7796497.840027162
3550388.524153448
4616509.349549231
7796497.840027162
7796589.325691923
918992.797827838
1538424.789673264
7796589.325691923
7794111.65425122
4449059.936506071
3092241.342782451
7794111.65425122
7788028.814959971
3546617.888511246
4615134.321830234
7788028.814959971
7787413.553343476
915557.0578110493
1535082.5958513601
7787413.553343476
7793408.771058644
4446798.758152234
3088347.485440717
13586492.664391972
7796683.176305379
1538424.789673264
3550390.622383591
7796683.176305379
7795939.240747277
3092241.342782451
918993.2385969136
7795939.240747277
7791104.524495554
4615134.321830234
4449058.8827608535
7791104.524495554
7786498.334091632
1535082.5958513601
3546616.8810880533
7786498.334091632
7790233.599360483
3088347.485440717
915556.1971793089
7790233.599360483
7795591.246482582
4616509.349549231
4446799.500064007
14308847.244847221
7796499.252673062
3550390.622383591
4616509.167298344
7796499.252673062
7796588.77274818
918993.2385969136
1538424.458420682
7796588.77274818
7794111.617048059
4449058.8827608535
3092241.341517347
7794111.617048059
7788028.064304894
3546616.8810880533
4615133.5430056695
7788028.064304894
7787414.553673917
915556.1971793089
1535082.8161892744
7787414.553673917
7793407.930241101
4446799.500064007
3088347.6948169796
15295721.826408507
7796682.615241995
1538424.458420682
3550390.4520768384
7796682.615241995
7795939.510582589
3092241.341517347
918993.1957768037
7795939.510582589
7791104.400369341
4615133.5430056695
4449060.243354622
7791104.400369341
7786498.887088554
1535082.8161892744
3546617.0582882836
7786498.887088554
7790232.556036993
3088347.6948169796
915555.9433997603
7790232.556036993
7795592.851298648
4616509.167298344
4446798.535072667
14804354.960259968
7796499.341087756
3550390.4520768384
4616508.118267369
7796499.341087756
7796587.829189623
918993.1957768037
1538424.14299422
7796587.829189623
7794112.266979209
4449060.243354622
3092239.572995467
7794112.266979209
7788028.137976591
3546617.0582882836
4615133.092940349
7788028.137976591
7787415.243390487
915555.9433997603
1535082.3956502608
7787415.243390487
7793407.7474416755
4446798.535072667
3088346.995114751
11322542.8509166
7796682.440512459
1538424.14299422
3550391.1443728106
7796682.440512459
7795938.478016198
3092239.572995467
918992.3797055698
7795938.478016198
7791104.752541398
4615133.092940349
4449058.960026918
7791104.752541398
7786499.610656334
1535082.3956502608
3546617.3115618112
7786499.610656334
7790232.153425531
3088346.995114751
915556.2014025614
7790232.153425531
7795592.660529608
4616508.118267369
4446798.825810168
8669660.881029088
7796499.143921855
3550391.1443728106
4616508.4013619125
7796499.143921855
7796589.215793735
918992.3797055698
1538424.4325633429
7796589.215793735
7794111.357469758
4449058.960026918
3092241.877305653
7794111.357469758
7788028.132910687
3546617.3115618112
4615133.235154497
7788028.132910687
7787414.034158403
915556.2014025614
1535080.8951344592
7787414.034158403
7793408.145581038
4446798.825810168
3088346.475177342
8878830.67156172
7796682.874548967
1538424.4325633429
3550388.524153448
7796682.874548967
7795939.04257851
3092241.877305653
918992.797827838
7795939.04257851
7791104.757757382
4615133.235154497
4449059.936506071
7791104.757757382
7786497.981896784
1535080.8951344592
3546617.888511246
7786497.981896784
7790232.485433029
3088346.475177342
915557.0578110493
7790232.485433029
7795593.13137914
4616508.4013619125
4446798.758152234
