7794980.349499426
7796658.641899136
2321824.4850977715
4054125.903243704
7796658.641899136
7796273.637801597
2393613.2957278765
188581.41955304245
7796273.637801597
7792247.165630299
4702582.930189625
4095624.4915543175
7792247.165630299
7786774.1633070065
2318130.1085126377
4050868.395811427
7786774.1633070065
7789115.458294374
2389885.0296202926
177495.44849076413
7789115.458294374
7794980.349499426
4702646.329064845
4092437.376424459
13406071.602797775
7796654.703087944
188581.41955304245
2321825.785813059
7796654.703087944
7794909.980117249
4095624.4915543175
2393612.473244488
7794909.980117249
7789012.539217438
4050868.395811427
4702582.299519349
7789012.539217438
7786817.656224768
177495.44849076413
2318131.1598025197
7786817.656224768
7792353.231997288
4092437.376424459
2389884.438060173
7792353.231997288
7796301.960080342
4054125.903243704
4702645.178753031
14132194.456951959
7796659.425662212
2321825.785813059
4054124.5254479977
7796659.425662212
7796273.846618302
2393612.473244488
188581.85324622635
7796273.846618302
7792247.0071479585
4702582.299519349
4095624.537676099
7792247.0071479585
7786775.256464929
2318131.1598025197
4050866.9759425884
7786775.256464929
7789114.498651276
2389884.438060173
177495.8206566073
7789114.498651276
7794980.577555848
4702645.178753031
4092436.593899688
14334984.669716766
7796655.152429861
188581.85324622635
2321825.560515226
7796655.152429861
7794910.922088182
4095624.537676099
2393613.3664373015
7794910.922088182
7789011.784447759
4050866.9759425884
4702583.191721067
7789011.784447759
7786818.442343999
177495.8206566073
2318129.9331917516
7786818.442343999
7792353.280735221
4092436.593899688
2389884.422232966
7792353.280735221
7796300.31270751
4054124.5254479977
4702646.818358187
14460912.249278022
7796660.216830044
2321825.560515226
4054124.6701235413
7796660.216830044
7796272.641399987
2393613.3664373015
188582.92447206745
7796272.641399987
7792247.569625415
4702583.191721067
4095624.569745964
7792247.569625415
7786774.055443743
2318129.9331917516
4050868.42682183
7786774.055443743
7789114.675520315
2389884.422232966
177495.44334314085
7789114.675520315
7794981.046747449
4702646.818358187
4092435.80266396
9988416.633535698
7796654.562445603
188582.92447206745
2321824.6521132765
7796654.562445603
7794910.097483162
4095624.569745964
2393614.0412142016
7794910.097483162
7789013.967377622
4050868.42682183
4702582.67438061
7789013.967377622
7786817.6599982465
177495.44334314085
2318130.985188189
7786817.6599982465
7792353.856724546
4092435.80266396
2389884.5278093065
7792353.856724546
7796301.553260838
4054124.6701235413
4702646.454628267
8376204.075711703
7796659.332338104
2321824.6521132765
4054124.757843239
7796659.332338104
7796273.670954446
2393614.0412142016
188582.14434456342
7796273.670954446
7792247.244437043
4702582.67438061
4095623.1280009192
7792247.244437043
7786775.282878401
2318130.985188189
4050867.11996369
7786775.282878401
7789114.297537525
2389884.5278093065
177496.686862213
7789114.297537525
7794980.576828687
4702646.454628267
4092435.0344233247
8602290.75456111
7796655.984926424
188582.14434456342
2321824.4850977715
7796655.984926424
7794910.247924605
4095623.1280009192
2393613.2957278765
7794910.247924605
7789011.984561511
4050867.11996369
4702582.930189625
7789011.984561511
7786818.785595301
177496.686862213
2318130.1085126377
7786818.785595301
7792353.538744164
4092435.0344233247
2389885.0296202926
7792353.538744164
7796299.823349754
4054124.757843239
4702646.329064845
