7795552.44047031
7796680.916681979
1600085.8111085012
3593180.4626487503
7796680.916681979
7795970.206667217
3042403.9254678725
855719.7220302608
7795970.206667217
7791192.916612517
4627327.76688176
4427299.267342754
7791192.916612517
7786508.672219391
1596721.9888717812
3589431.0187217346
7786508.672219391
7790144.84762201
3038510.893483414
852207.4154701865
7790144.84762201
7795552.44047031
4628607.363416165
4424955.763851505
13274033.10381675
7796595.740424087
855719.7220302608
1600085.4310413983
7796595.740424087
7794177.371141053
4427299.267342754
3042403.491912408
7794177.371141053
7788097.799681666
3589431.0187217346
4627326.623337707
7788097.799681666
7787361.786840178
852207.4154701865
1596721.0499937637
7787361.786840178
7793328.993572277
4424955.763851505
3038511.228065718
7793328.993572277
7796488.679089324
3593180.4626487503
4628606.168391544
13834480.63819771
7796682.03029392
1600085.4310413983
3593179.771865326
7796682.03029392
7795970.7147024255
3042403.491912408
855720.1357909935
7795970.7147024255
7791193.233725832
4627326.623337707
4427299.714071843
7791193.233725832
7786509.034745627
1596721.0499937637
3589430.280007774
7786509.034745627
7790145.240073025
3038511.228065718
852207.9903995158
7790145.240073025
7795551.609687001
4628606.168391544
4424956.6789548
13598947.895701
7796596.468234084
855720.1357909935
1600085.4469938863
7796596.468234084
7794178.001696696
4427299.714071843
3042403.4858609526
7794178.001696696
7788096.476015567
3589430.280007774
4627327.24025515
7788096.476015567
7787361.276618496
852207.9903995158
1596721.7523590326
7787361.276618496
7793329.985440973
4424956.6789548
3038510.4677225137
7793329.985440973
7796488.857690157
3593179.771865326
4628606.280868131
13873383.633694498
7796680.236801163
1600085.4469938863
3593179.7710382775
7796680.236801163
7795972.194855948
3042403.4858609526
855718.3865452247
7795972.194855948
7791191.957876164
4627327.24025515
4427299.769624963
7791191.957876164
7786508.590339031
1596721.7523590326
3589430.217737178
7786508.590339031
7790145.192648809
3038510.4677225137
852207.9760850267
7790145.192648809
7795552.06907902
4628606.280868131
4424956.508623799
8900770.369306013
7796594.90191111
855718.3865452247
1600085.0458110422
7796594.90191111
7794177.940366579
4427299.769624963
3042402.5958218602
7794177.940366579
7788096.720316142
3589430.217737178
4627326.889812262
7788096.720316142
7787361.588658407
852207.9760850267
1596722.0158257335
7787361.588658407
7793329.913700119
4424956.508623799
3038509.8103945833
7793329.913700119
7796489.969327974
3593179.7710382775
4628606.115661158
7864384.364062706
7796681.428172857
1600085.0458110422
3593178.729050261
7796681.428172857
7795970.778401283
3042402.5958218602
855721.3665126342
7795970.778401283
7791192.722752264
4627326.889812262
4427298.631800377
7791192.722752264
7786508.675319163
1596722.0158257335
3589429.7927549216
7786508.675319163
7790145.048803962
3038509.8103945833
852208.176539116
7790145.048803962
7795551.813103527
4628606.115661158
4424956.484314105
8395969.774428794
7796595.140111643
855721.3665126342
1600085.8111085012
7796595.140111643
7794177.775392131
4427298.631800377
3042403.9254678725
7794177.775392131
7788096.724606588
3589429.7927549216
4627327.76688176
7788096.724606588
7787361.424131142
852208.176539116
1596721.9888717812
7787361.424131142
7793330.35086266
4424956.484314105
3038510.893483414
7793330.35086266
7796489.473678711
3593178.729050261
4628607.363416165
