7793580.388048908
7796524.299381728
3449548.4465610767
4585324.235145032
7796524.299381728
7796570.60618187
1064213.4814901375
1395908.8363845698
7796570.60618187
7793955.785144883
4495711.144593859
3204363.9319354296
7793955.785144883
7787875.150201823
3445728.701113357
4583731.7691227
7787875.150201823
7787544.195328849
1060879.7241864002
1392604.7612793804
7787544.195328849
7793580.388048908
4493645.293305592
3200476.1362143448
13575952.797146566
7796682.6088443
1395908.8363845698
3449549.2365760054
7796682.6088443
7795865.842156954
3204363.9319354296
1064212.3901627026
7795865.842156954
7790901.248251588
4583731.7691227
4495710.720472432
7790901.248251588
7786482.207201988
1392604.7612793804
3445728.6369008915
7786482.207201988
7790434.1532949135
3200476.1362143448
1060880.4322847545
7790434.1532949135
7795683.861585592
4585324.235145032
4493644.264549261
14317850.701698814
7796524.058937891
3449549.2365760054
4585322.869091682
7796524.058937891
7796571.975106591
1064212.3901627026
1395908.8313241485
7796571.975106591
7793955.564305633
4495710.720472432
3204363.9252141174
7793955.564305633
7787874.765096794
3445728.6369008915
4583731.036527626
7787874.765096794
7787545.2453613095
1060880.4322847545
1392604.8324397565
7787545.2453613095
7793579.761702022
4493644.264549261
3200475.768865118
15240765.216577217
7796683.888558235
1395908.8313241485
3449549.6826839997
7796683.888558235
7795866.410327647
3204363.9252141174
1064212.819663641
7795866.410327647
7790901.415228391
4583731.036527626
4495710.971801471
7790901.415228391
7786482.16977214
1392604.8324397565
3445728.587572568
7786482.16977214
7790434.639674784
3200475.768865118
1060879.9477914474
7790434.639674784
7795682.188744155
4585322.869091682
4493644.725192198
14821719.948613659
7796523.752643893
3449549.6826839997
4585322.303763946
7796523.752643893
7796572.018401059
1064212.819663641
1395908.7809879223
7796572.018401059
7793954.887488306
4495710.971801471
3204362.8748989245
7793954.887488306
7787874.60643712
3445728.587572568
4583732.053763159
7787874.60643712
7787544.561928118
1060879.9477914474
1392604.8246120273
7787544.561928118
7793579.810837923
4493644.725192198
3200475.3221498695
11248349.459269803
7796684.297525043
1395908.7809879223
3449550.4779512123
7796684.297525043
7795864.596414706
3204362.8748989245
1064214.7106159723
7795864.596414706
7790902.132711417
4583732.053763159
4495710.531634805
7790902.132711417
7786482.99966096
1392604.8246120273
3445728.8207559497
7786482.99966096
7790434.285310008
3200475.3221498695
1060880.4590814386
7790434.285310008
7795682.188391216
4585322.303763946
4493643.968163018
8684608.97056083
7796524.092982235
3449550.4779512123
4585321.834172773
7796524.092982235
7796571.818499588
1064214.7106159723
1395911.0984838451
7796571.818499588
7793955.219630498
4495710.531634805
3204361.9378605396
7793955.219630498
7787874.470278902
3445728.8207559497
4583731.044951739
7787874.470278902
7787545.42374432
1060880.4590814386
1392604.8239882833
7787545.42374432
7793579.651132772
4493643.968163018
3200477.00551245
8862894.105428217
7796683.520183071
1395911.0984838451
3449548.4465610767
7796683.520183071
7795866.280817889
3204361.9378605396
1064213.4814901375
7795866.280817889
7790902.15506995
4583731.044951739
4495711.144593859
7790902.15506995
7786482.59014735
1392604.8239882833
3445728.701113357
7786482.59014735
7790434.72633994
3200477.00551245
1060879.7241864002
7790434.72633994
7795681.640739163
4585321.834172773
4493645.293305592
