7791795.357408468
7796158.086567523
4255048.407484514
4686417.606028011
7796158.086567523
7796671.641806779
429930.2428725538
2685383.4967626627
7796671.641806779
7795245.7992495885
3867177.691371301
2014486.5292478844
7795245.7992495885
7789554.432353498
4252193.808770495
4687020.6076639285
7789554.432353498
7786625.6521781385
424691.991585961
2681552.837151137
7786625.6521781385
7791795.357408468
3863661.4649572126
2010932.8263012667
13610188.801568786
7796634.978570877
2685383.4967626627
4255046.0173741635
7796634.978570877
7796390.854888176
2014486.5292478844
429931.92345829227
7796390.854888176
7792790.189395334
4687020.6076639285
3867177.1216559648
7792790.189395334
7787024.957656468
2681552.837151137
4252192.536199766
7787024.957656468
7788596.656903853
2010932.8263012667
424691.98324727063
7788596.656903853
7794612.666067572
4686417.606028011
3863660.328621714
14017415.27629653
7796157.048072008
4255046.0173741635
4686417.718938173
7796157.048072008
7796672.152077431
429931.92345829227
2685382.744887696
7796672.152077431
7795245.639103215
3867177.1216559648
2014486.6843680209
7795245.639103215
7789554.690323755
4252192.536199766
4687020.405645887
7789554.690323755
7786625.7472854545
424691.98324727063
2681553.999819834
7786625.7472854545
7791796.148299711
3863660.328621714
2010933.633401885
15421033.218157291
7796634.793254082
2685382.744887696
4255046.487653875
7796634.793254082
7796391.274837627
2014486.6843680209
429932.08021275
7796391.274837627
7792789.081272918
4687020.405645887
3867177.612067989
7792789.081272918
7787025.889086266
2681553.999819834
4252193.013972081
7787025.889086266
7788596.810042421
2010933.633401885
424693.33501569106
7788596.810042421
7794612.619988169
4686417.718938173
3863661.363121804
14236336.908920242
7796156.972385175
4255046.487653875
4686417.397007568
7796156.972385175
7796671.446612214
429932.08021275
2685382.3162164334
7796671.446612214
7795245.582182169
3867177.612067989
2014485.178445429
7795245.582182169
7789554.231367967
4252193.013972081
4687018.950167626
7789554.231367967
7786625.596299257
424693.33501569106
2681552.568028497
7786625.596299257
7791796.554373551
3863661.363121804
2010932.2863685288
11489912.240502004
7796635.465633066
2685382.3162164334
4255046.353307189
7796635.465633066
7796390.526595927
2014485.178445429
429931.806176936
7796390.526595927
7792789.563995571
4687018.950167626
3867178.3985994477
7792789.563995571
7787025.950196985
2681552.568028497
4252192.943850795
7787025.950196985
7788596.227272213
2010932.2863685288
424691.6794343096
7788596.227272213
7794612.83811995
4686417.397007568
3863660.5217874707
8179085.973793106
7796157.179165467
4255046.353307189
4686417.068864103
7796157.179165467
7796672.1135573005
429931.806176936
2685380.90817316
7796672.1135573005
7795245.6609479925
3867178.3985994477
2014484.5478974965
7795245.6609479925
7789554.953163178
4252192.943850795
4687019.78152396
7789554.953163178
7786624.955908858
424691.6794343096
2681552.1160018416
7786624.955908858
7791795.505154432
3863660.5217874707
2010932.202200869
8913308.622326478
7796633.94522296
2685380.90817316
4255048.407484514
7796633.94522296
7796391.446581578
2014484.5478974965
429930.2428725538
7796391.446581578
7792790.143551437
4687019.78152396
3867177.691371301
7792790.143551437
7787024.924604885
2681552.1160018416
4252193.808770495
7787024.924604885
7788597.209656302
2010932.202200869
424691.991585961
7788597.209656302
7794613.139304383
4686417.068864103
3863661.4649572126
