7793770.7405368695
7796549.988936024
3329966.7706880677
4543889.17096019
7796549.988936024
7796548.082047507
1229610.0139658675
1231634.1216935315
7796548.082047507
7793771.15677691
4543344.033667672
3328469.5461237556
7793771.15677691
7787706.014374399
3326105.0623995205
4542059.123688434
7787706.014374399
7787704.182913916
1226315.7560355836
1228343.7437671153
7787704.182913916
7793770.7405368695
4541507.981158791
3324605.8452150384
13562041.513949372
7796683.539223354
1231634.1216935315
3329965.6475950237
7796683.539223354
7795776.227260186
3328469.5461237556
1229609.8278674749
7795776.227260186
7790669.063154687
4542059.123688434
4543342.970183409
7790669.063154687
7786476.028278528
1228343.7437671153
3326105.40522525
7786476.028278528
7790667.190935638
3324605.8452150384
1226315.6186682605
7790667.190935638
7795778.082725342
4543889.17096019
4541508.849925995
14321492.081825573
7796549.9178088745
3329965.6475950237
4543889.708832347
7796549.9178088745
7796548.961052714
1229609.8278674749
1231633.8878977236
7796548.961052714
7793770.489058517
4543342.970183409
3328469.8401502096
7793770.489058517
7787707.275731871
3326105.40522525
4542058.891388133
7787707.275731871
7787704.368869927
1226315.6186682605
1228343.9124439305
7787704.368869927
7793770.066526387
4541508.849925995
3324604.4494266696
15168065.973674646
7796683.941191569
1231633.8878977236
3329966.69480811
7796683.941191569
7795776.085327529
3328469.8401502096
1229609.5418366047
7795776.085327529
7790669.616358933
4542058.891388133
4543344.015939953
7790669.616358933
7786475.834142614
1228343.9124439305
3326105.6415885556
7786475.834142614
7790666.45431159
3324604.4494266696
1226315.7593064327
7790666.45431159
7795778.081515363
4543889.708832347
4541507.726237133
14828722.224260865
7796549.49086543
3329966.69480811
4543888.696898485
7796549.49086543
7796548.058838155
1229609.5418366047
1231633.982157468
7796548.058838155
7793771.789560106
4543344.015939953
3328468.249567603
7793771.789560106
7787706.484599234
3326105.6415885556
4542057.567845368
7787706.484599234
7787704.325449638
1226315.7593064327
1228343.262884873
7787704.325449638
7793770.503962241
4541507.726237133
3324605.38126886
11149829.618567972
7796684.228887621
1231633.982157468
3329966.331193061
7796684.228887621
7795776.330281243
3328468.249567603
1229609.8415256185
7795776.330281243
7790669.722905015
4542057.567845368
4543344.125725966
7790669.722905015
7786476.282222031
1228343.262884873
3326105.521915248
7786476.282222031
7790665.68920883
3324605.38126886
1226315.689525043
7790665.68920883
7795778.446087115
4543888.696898485
4541508.074203154
8690726.550784325
7796549.750382457
3329966.331193061
4543889.557680347
7796549.750382457
7796548.826778891
1229609.8415256185
1231633.431875316
7796548.826778891
7793770.714478922
4543344.125725966
3328468.9125682446
7793770.714478922
7787707.074722654
3326105.521915248
4542057.560665609
7787707.074722654
7787703.938752543
1226315.689525043
1228343.9078920064
7787703.938752543
7793770.202267361
4541508.074203154
3324604.69927318
8841800.242507407
7796684.147668318
1231633.431875316
3329966.7706880677
7796684.147668318
7795776.353020463
3328468.9125682446
1229610.0139658675
7795776.353020463
7790669.74226908
4542057.560665609
4543344.033667672
7790669.74226908
7786476.044605743
1228343.9078920064
3326105.0623995205
7786476.044605743
7790665.939013394
3324604.69927318
1226315.7560355836
7790665.939013394
7795779.247606656
4543889.557680347
4541507.981158791
