7796132.7826476535
7796673.913073819
490957.78452850773
2739929.2477023555
7796673.913073819
7795293.9516028175
3828746.13395621
1954070.7258035843
7795293.9516028175
7789640.914780915
4280308.475005297
4681074.076419238
7789640.914780915
7786604.503076098
486215.46007402934
2736084.3624864714
7786604.503076098
7791704.904863942
3825187.9049348594
1950547.2307157805
7791704.904863942
7796132.7826476535
4283092.3320032125
4680369.818045081
13068963.212339856
7796407.859647733
1954070.7258035843
490959.5923041936
7796407.859647733
7792870.8342502965
4681074.076419238
3828745.5251586647
7792870.8342502965
7787070.938563519
2736084.3624864714
4280307.860297376
7787070.938563519
7788520.07293239
1950547.2307157805
486215.4169589468
7788520.07293239
7794549.441686875
4680369.818045081
3825186.3266755794
7794549.441686875
7796631.637098017
2739929.2477023555
4283091.294625079
13215413.083882093
7796673.708474405
490959.5923041936
2739928.948772988
7796673.708474405
7795293.663241487
3828745.5251586647
1954070.3888731848
7795293.663241487
7789640.859011044
4280307.860297376
4681073.672028813
7789640.859011044
7786604.226350956
486215.4169589468
2736084.855770936
7786604.226350956
7791705.762687915
3825186.3266755794
1950546.9637203128
7791705.762687915
7796132.197149864
4283091.294625079
4680368.598748206
12386207.811589327
7796407.301970468
1954070.3888731848
490959.4075672143
7796407.301970468
7792870.878749638
4681073.672028813
3828745.757259925
7792870.878749638
7787070.366591838
2736084.855770936
4280306.137162249
7787070.366591838
7788521.637241836
1950546.9637203128
486215.4195917176
7788521.637241836
7794548.627225829
4680368.598748206
3825187.7221084493
7794548.627225829
7796631.0362397
2739928.948772988
4283091.111318876
12609195.935176728
7796672.643149813
490959.4075672143
2739928.446686234
7796672.643149813
7795295.67400437
3828745.757259925
1954069.767479065
7795295.67400437
7789640.324201514
4280306.137162249
4681073.095249792
7789640.324201514
7786604.282157237
486215.4195917176
2736083.5994408196
7786604.282157237
7791704.651844393
3825187.7221084493
1950547.1893139812
7791704.651844393
7796132.492710875
4283091.111318876
4680368.375182593
6908652.181292659
7796409.393616033
1954069.767479065
490959.08250949235
7796409.393616033
7792870.883991394
4681073.095249792
3828746.8215977056
7792870.883991394
7787069.534348892
2736083.5994408196
4280308.363352316
7787069.534348892
7788521.4699754305
1950547.1893139812
486215.9803114603
7788521.4699754305
7794548.665665034
4680368.375182593
3825187.3061918607
7794548.665665034
7796630.726134164
2739928.446686234
4283091.649677718
6717468.010758597
7796673.928049798
490959.08250949235
2739929.1377341426
7796673.928049798
7795293.252492725
3828746.8215977056
1954069.3304536026
7795293.252492725
7789641.614962248
4280308.363352316
4681073.029719077
7789641.614962248
7786603.661499419
486215.9803114603
2736083.137232376
7786603.661499419
7791705.448425452
3825187.3061918607
1950546.9640121781
7791705.448425452
7796132.39760988
4283091.649677718
4680367.929204318
8069019.805263167
7796407.824430114
1954069.3304536026
490957.78452850773
7796407.824430114
7792871.29768126
4681073.029719077
3828746.13395621
7792871.29768126
7787070.154620163
2736083.137232376
4280308.475005297
7787070.154620163
7788521.0677768905
1950546.9640121781
486215.46007402934
7788521.0677768905
7794548.695412316
4680367.929204318
3825187.9049348594
7794548.695412316
7796630.53969185
2739929.1377341426
4283092.3320032125
