7796580.300050216
7796514.462716527
1453136.8628951204
1006082.1696233986
7796514.462716527
7793508.663853147
4598384.450420005
3490368.052591316
7793508.663853147
7787493.912612308
3155960.446057606
4475436.7890243335
7787493.912612308
7787936.220958896
1449818.0009547318
1002720.8356238166
7787936.220958896
7794016.741807095
4596877.4439057605
3486562.1461270144
7794016.741807095
7796580.300050216
3159850.609334265
4477579.564024519
12818052.128395192
7795644.813137314
3490368.052591316
1453137.7143381296
7795644.813137314
7790352.4535961645
4475436.7890243335
4598384.029648058
7790352.4535961645
7786488.568912811
1002720.8356238166
3155958.9860781324
7786488.568912811
7790984.127878533
3486562.1461270144
1449818.018168929
7790984.127878533
7795896.9088497665
4477579.564024519
4596877.003739334
7795896.9088497665
7796682.928141392
1006082.1696233986
3159847.1182601633
12055234.102669427
7796514.055591245
1453137.7143381296
1006082.3109896687
7796514.055591245
7793509.290052741
4598384.029648058
3490368.0065739756
7793509.290052741
7787492.680671373
3155958.9860781324
4475437.845604174
7787492.680671373
7787936.47469294
1449818.018168929
1002721.0921352956
7787936.47469294
7794018.602141495
4596877.003739334
3486561.058126592
7794018.602141495
7796580.152665329
3159847.1182601633
4477580.559677644
10749001.998258907
7795644.2663435815
3490368.0065739756
1453137.7159000624
7795644.2663435815
7790353.735416953
4475437.845604174
4598382.857339394
7790353.735416953
7786487.204047981
1002721.0921352956
3155958.7255287566
7786487.204047981
7790984.4381943485
3486561.058126592
1449818.3929972837
7790984.4381943485
7795896.012260091
4477580.559677644
4596876.86551783
7795896.012260091
7796684.200001854
1006082.3109896687
3159848.2471172865
10018945.673580542
7796514.914463798
1453137.7159000624
1006082.4393072866
7796514.914463798
7793508.596060205
4598382.857339394
3490368.524014943
7793508.596060205
7787493.439008823
3155958.7255287566
4475435.928161159
7787493.439008823
7787935.1324381735
1449818.3929972837
1002720.8148292465
7787935.1324381735
7794018.608525758
4596876.86551783
3486561.3831266025
7794018.608525758
7796579.884069232
3159848.2471172865
4477579.921877324
3141798.5714114904
7795645.102651307
3490368.524014943
1453136.2810134692
7795645.102651307
7790352.789110502
4475435.928161159
4598384.40536695
7790352.789110502
7786487.090123248
1002720.8148292465
3155959.2219265844
7786487.090123248
7790984.798510889
3486561.3831266025
1449816.6622533046
7790984.798510889
7795896.297291672
4477579.921877324
4596876.736557891
7795896.297291672
7796684.289869947
1006082.4393072866
3159847.609480608
3979607.620005799
7796513.6614010045
1453136.2810134692
1006079.5875339896
7796513.6614010045
7793509.595279864
4598384.40536695
3490368.4482084634
7793509.595279864
7787493.225805722
3155959.2219265844
4475436.16511986
7787493.225805722
7787935.9899645345
1449816.6622533046
1002719.4298553341
7787935.9899645345
7794017.934413378
4596876.736557891
3486561.096426158
7794017.934413378
7796580.32772385
3159847.609480608
4477579.554144746
7657174.647626508
7795644.177778548
3490368.4482084634
1453136.8628951204
7795644.177778548
7790353.11537773
4475436.16511986
4598384.450420005
7790353.11537773
7786487.368573377
1002719.4298553341
3155960.446057606
7786487.368573377
7790984.756489708
3486561.096426158
1449818.0009547318
7790984.756489708
7795895.834338685
4477579.554144746
4596877.4439057605
7795895.834338685
7796684.417337878
1006079.5875339896
3159850.609334265
