7793885.210799822
7796564.004170651
3252946.6553849294
4514879.2192764105
7796564.004170651
7796533.732248867
1332448.9995920223
1128368.5114742476
7796533.732248867
7793652.18973309
4570008.526850773
3403778.568782808
7793652.18973309
7787606.8407130195
3249069.9340652567
4512903.341455528
7787606.8407130195
7787808.939664418
1329150.9149517692
1125062.009400982
7787808.939664418
7793885.210799822
4568320.976803054
3399938.3046756065
13552365.126071779
7796683.807604458
1128368.5114742476
3252946.6433627526
7796683.807604458
7795717.629543727
3403778.568782808
1332448.3421169538
7795717.629543727
7790524.065638181
4512903.341455528
4570007.8754586
7790524.065638181
7786478.610680529
1125062.009400982
3249069.3752057008
7786478.610680529
7790811.635467941
3399938.3046756065
1329150.0634635019
7790811.635467941
7795834.59669661
4514879.2192764105
4568321.859563851
14320158.925201671
7796564.30296211
3252946.6433627526
4514879.770184486
7796564.30296211
7796533.335542354
1332448.3421169538
1128368.585860453
7796533.335542354
7793652.094302007
4570007.8754586
3403778.423946927
7793652.094302007
7787607.17200607
3249069.3752057008
4512903.503334591
7787607.17200607
7787807.72963558
1329150.0634635019
1125062.4831565607
7787807.72963558
7793886.528077705
4568321.859563851
3399936.6895127506
15117371.65679327
7796683.553421253
1128368.585860453
3252946.229724145
7796683.553421253
7795716.941806619
3403778.423946927
1332448.163722608
7795716.941806619
7790524.28700518
4512903.503334591
4570008.540666302
7790524.28700518
7786478.591529151
1125062.4831565607
3249068.175684044
7786478.591529151
7790810.949449092
3399936.6895127506
1329150.6475517051
7790810.949449092
7795835.042151594
4514879.770184486
4568321.165248905
14826130.766258089
7796563.501168472
3252946.229724145
4514879.220501478
7796563.501168472
7796532.709798274
1332448.163722608
1128368.567888004
7796532.709798274
7793653.4735102095
4570008.540666302
3403777.5704919747
7793653.4735102095
7787605.973715889
3249068.175684044
4512903.1184515115
7787605.973715889
7787807.721161544
1329150.6475517051
1125061.775940916
7787807.721161544
7793886.4343073815
4568321.165248905
3399936.5219720695
11080879.966342933
7796683.798512668
1128368.567888004
3252946.12256263
7796683.798512668
7795716.974795421
3403777.5704919747
1332447.4700318864
7795716.974795421
7790525.409204483
4512903.1184515115
4570008.100727499
7790525.409204483
7786478.5462747915
1125061.775940916
3249069.401194181
7786478.5462747915
7790811.355626586
3399936.5219720695
1329150.2022850565
7790811.355626586
7795835.205279916
4514879.220501478
4568321.6620252
8688605.605793308
7796564.15634907
3252946.12256263
4514879.512080181
7796564.15634907
7796533.102053058
1332447.4700318864
1128368.5880516144
7796533.102053058
7793652.497528615
4570008.100727499
3403776.6051083943
7793652.497528615
7787606.6941343555
3249069.401194181
4512902.386526919
7787606.6941343555
7787807.747273109
1329150.2022850565
1125060.6671734834
7787807.747273109
7793886.121860158
4568321.6620252
3399935.695206455
8827092.04330436
7796683.901949935
1128368.5880516144
3252946.6553849294
7796683.901949935
7795717.852983878
3403776.6051083943
1332448.9995920223
7795717.852983878
7790524.828238998
4512902.386526919
4570008.526850773
7790524.828238998
7786477.725900102
1125060.6671734834
3249069.9340652567
7786477.725900102
7790811.54992884
3399935.695206455
1329150.9149517692
7790811.54992884
7795834.779601039
4514879.512080181
4568320.976803054
