7790785.500664262
7795823.486778224
4520582.3399546
4563405.725571233
7795823.486778224
7796684.748034525
1148036.5684467342
3267725.740007385
7796684.748034525
7795729.254367049
3389593.8171193143
1312929.5730450354
7795729.254367049
7790552.002598027
4518632.29513183
4565121.776462705
7790552.002598027
7786476.227390176
1144733.3993377837
3263850.7099716873
7786476.227390176
7790785.500664262
3385747.2203169847
1309634.1345713935
13568181.633077737
7796562.159959121
3267725.740007385
4520579.76306563
7796562.159959121
7796536.318500423
1312929.5730450354
1148034.621747376
7796536.318500423
7793674.563818274
4565121.776462705
3389593.552241607
7793674.563818274
7787624.901246181
3263850.7099716873
4518630.9523120215
7787624.901246181
7787788.024095337
1309634.1345713935
1144734.179035001
7787788.024095337
7793863.896870447
4563405.725571233
3385745.9742148104
13690230.251116933
7795823.216673467
4520579.76306563
4563406.383708908
7795823.216673467
7796683.591768225
1148034.621747376
3267725.69919905
7796683.591768225
7795729.233967616
3389593.552241607
1312929.3868555918
7795729.233967616
7790552.074378807
4518630.9523120215
4565121.772473565
7790552.074378807
7786476.064578754
1144734.179035001
3263850.805681017
7786476.064578754
7790785.765390347
3385745.9742148104
1309634.084077901
15205816.44268397
7796561.392552144
3267725.69919905
4520580.060207064
7796561.392552144
7796536.410823897
1312929.3868555918
1148034.758078942
7796536.410823897
7793674.227471096
4565121.772473565
3389593.6122164503
7793674.227471096
7787625.591236479
3263850.805681017
4518631.598278451
7787625.591236479
7787788.455348731
1309634.084077901
1144733.354456092
7787788.455348731
7793864.846084535
4563406.383708908
3385746.996121022
13585100.310627658
7795823.362132001
4520580.060207064
4563405.614336067
7795823.362132001
7796682.942772091
1148034.758078942
3267724.7299611336
7796682.942772091
7795730.245960162
3389593.6122164503
1312929.6258778495
7795730.245960162
7790551.96284722
4518631.598278451
4565119.867032375
7790551.96284722
7786475.780952602
1144733.354456092
3263850.4449630096
7786475.780952602
7790785.811425978
3385746.996121022
1309633.4666389367
11198604.568694293
7796560.214563946
3267724.7299611336
4520580.761656895
7796560.214563946
7796537.318344163
1312929.6258778495
1148034.695888723
7796537.318344163
7793673.900073462
4565119.867032375
3389592.6699690167
7793673.900073462
7787626.162957569
3263850.4449630096
4518631.51485675
7787626.162957569
7787788.076056106
1309633.4666389367
1144732.8467894471
7787788.076056106
7793864.936558169
4563405.614336067
3385747.8670451036
7604532.847920077
7795823.38121224
4520580.761656895
4563405.547489561
7795823.38121224
7796684.08531358
1148034.695888723
3267725.6810450656
7796684.08531358
7795729.084154925
3389592.6699690167
1312932.014041152
7795729.084154925
7790551.984935678
4518631.51485675
4565121.153626965
7790551.984935678
7786475.812392002
1144732.8467894471
3263850.438364383
7786475.812392002
7790786.017592929
3385747.8670451036
1309632.480605568
8848019.96294866
7796561.483897894
3267725.6810450656
4520582.3399546
7796561.483897894
7796535.412252526
1312932.014041152
1148036.5684467342
7796535.412252526
7793674.869128451
4565121.153626965
3389593.8171193143
7793674.869128451
7787625.357454871
3263850.438364383
4518632.29513183
7787625.357454871
7787788.015649895
1309632.480605568
1144733.3993377837
7787788.015649895
7793865.215931374
4563405.547489561
3385747.2203169847
