7796187.311061522
7796669.158928649
355841.4796143871
2615933.065593464
7796669.158928649
7795183.555837728
3914463.6177857663
2090012.7230302594
7795183.555837728
7789447.237626856
4215568.084298561
4693160.7775281295
7789447.237626856
7786658.288541479
349725.5591856992
2612124.632395067
7786658.288541479
7791905.434591378
3911003.74275922
2086423.6709929775
7791905.434591378
7796187.311061522
4218506.385577209
4692687.49326157
13043532.621914666
7796370.655369736
2090012.7230302594
355841.7705480643
7796370.655369736
7792684.402260541
4693160.7775281295
3914463.3728772094
7792684.402260541
7786970.9956880575
2612124.632395067
4215567.17746836
7786970.9956880575
7788698.522201186
2086423.6709929775
349726.2678519981
7788698.522201186
7794684.532998292
4692687.49326157
3911004.932493268
7794684.532998292
7796641.647657226
2615933.065593464
4218506.900982422
13124502.632004306
7796669.635248726
355841.7705480643
2615932.8622423797
7796669.635248726
7795183.712851216
3914463.3728772094
2090012.670449766
7795183.712851216
7789446.650260511
4215567.17746836
4693161.087621867
7789446.650260511
7786658.396092172
349726.2678519981
2612125.2905736906
7786658.396092172
7791904.981180265
3911004.932493268
2086422.8333264606
7791904.981180265
7796187.706485833
4218506.900982422
4692687.703628254
12228872.949868418
7796371.184708342
2090012.670449766
355841.4551120344
7796371.184708342
7792684.5817180015
4693161.087621867
3914463.387849684
7792684.5817180015
7786971.078362211
2612125.2905736906
4215567.247041598
7786971.078362211
7788697.588509941
2086422.8333264606
349725.501304684
7788697.588509941
7794685.201596525
4692687.703628254
3911003.8927491815
7794685.201596525
7796641.372372507
2615932.8622423797
4218507.620201878
12417914.49164608
7796669.033801811
355841.4551120344
2615932.5589033375
7796669.033801811
7795183.271699704
3914463.387849684
2090011.6971524046
7795183.271699704
7789447.896572199
4215567.247041598
4693159.152398141
7789447.896572199
7786658.110976659
349725.501304684
2612124.0188405705
7786658.110976659
7791904.53004089
3911003.8927491815
2086422.6695943512
7791904.53004089
7796188.174162109
4218507.620201878
4692686.84756176
6622590.565685399
7796370.898183402
2090011.6971524046
355841.64565892227
7796370.898183402
7792684.298671762
4693159.152398141
3914465.425730606
7792684.298671762
7786970.448217162
2612124.0188405705
4215567.225862412
7786970.448217162
7788697.095738389
2086422.6695943512
349726.17336855934
7788697.095738389
7794685.00824158
4692686.84756176
3911003.9050308825
7794685.00824158
7796642.387314375
2615932.5589033375
4218507.194614709
6537014.307462439
7796668.56314635
355841.64565892227
2615931.4406166235
7796668.56314635
7795183.760689339
3914465.425730606
2090011.9068418082
7795183.760689339
7789446.755475861
4215567.225862412
4693160.306774485
7789446.755475861
7786658.636592179
349726.17336855934
2612123.4734322415
7786658.636592179
7791904.491146344
3911003.9050308825
2086422.9250691691
7791904.491146344
7796188.170882033
4218507.194614709
4692687.040082053
8027896.050898468
7796370.503630551
2090011.9068418082
355841.4796143871
7796370.503630551
7792684.641593257
4693160.306774485
3914463.6177857663
7792684.641593257
7786970.4308700785
2612123.4734322415
4215568.084298561
7786970.4308700785
7788697.00153661
2086422.9250691691
349725.5591856992
7788697.00153661
7794684.923104016
4692687.040082053
3911003.74275922
7794684.923104016
7796641.884708772
2615931.4406166235
4218506.385577209
