7792190.329970258
7796261.545364542
4117689.972587854
4701926.941451302
7796261.545364542
7796660.365756202
203416.62419788237
2432403.058809807
7796660.365756202
7795015.2101437375
4030990.8453725236
2282429.4531086483
7795015.2101437375
7789170.960727286
4114541.912723654
4702064.456471849
7789170.960727286
7786751.363551333
193143.2132641476
2428661.6332199564
7786751.363551333
7792190.329970258
4027694.467509196
2278749.0144860046
13615589.506101457
7796653.49946259
2432403.058809807
4117688.6690013506
7796653.49946259
7796311.162864082
2282429.4531086483
203418.10372431672
7796311.162864082
7792411.279666854
4702064.456471849
4030989.83764182
7792411.279666854
7786842.2696481645
2428661.6332199564
4114542.472078115
7786842.2696481645
7788958.116572491
2278749.0144860046
193142.38925878945
7788958.116572491
7794874.697921177
4701926.941451302
4027694.9855866362
14118193.609534346
7796260.354513564
4117688.6690013506
4701927.713412041
7796260.354513564
7796661.26896469
203418.10372431672
2432402.383037884
7796661.26896469
7795015.506026343
4030989.83764182
2282429.7320942325
7795015.506026343
7789171.495161538
4114542.472078115
4702063.44327313
7789171.495161538
7786751.610462588
193142.38925878945
2428659.6466164147
7786751.610462588
7792190.467198922
4027694.9855866362
2278749.8103476334
15448034.251002746
7796652.805545024
2432402.383037884
4117688.6071996484
7796652.805545024
7796310.827990117
2282429.7320942325
203418.0032659044
7796310.827990117
7792411.839709006
4702063.44327313
4030990.321022227
7792411.839709006
7786842.017543617
2428659.6466164147
4114542.9989452427
7786842.017543617
7788956.067367261
2278749.8103476334
193143.22614820718
7788956.067367261
7794876.533999741
4701927.713412041
4027693.681450243
14433983.197617255
7796260.079941077
4117688.6071996484
4701927.228060327
7796260.079941077
7796660.52748365
203418.0032659044
2432402.321731183
7796660.52748365
7795017.173969279
4030990.321022227
2282428.4190717926
7795017.173969279
7789169.87849069
4114542.9989452427
4702063.461866802
7789169.87849069
7786751.363462472
193143.22614820718
2428660.6614530943
7786751.363462472
7792190.502278358
4027693.681450243
2278748.726002332
11526441.511698326
7796653.81545415
2432402.321731183
4117688.9121965156
7796653.81545415
7796310.365090034
2282428.4190717926
203418.27755314295
7796310.365090034
7792411.77094177
4702063.461866802
4030989.783874615
7792411.77094177
7786842.026495671
2428660.6614530943
4114542.681961068
7786842.026495671
7788956.737164365
2278748.726002332
193142.55694321357
7788956.737164365
7794875.728956349
4701927.228060327
4027693.920438577
8350732.232320593
7796260.424095288
4117688.9121965156
4701927.175006768
7796260.424095288
7796661.493909834
203418.27755314295
2432401.8313042847
7796661.493909834
7795015.517215944
4030989.783874615
2282429.791732808
7795015.517215944
7789171.367186954
4114542.681961068
4702062.8059711745
7789171.367186954
7786751.96037453
193142.55694321357
2428661.2041121093
7786751.96037453
7792190.282035718
4027693.920438577
2278750.0064891386
8921960.59825868
7796652.857763945
2432401.8313042847
4117689.972587854
7796652.857763945
7796310.919083309
2282429.791732808
203416.62419788237
7796310.919083309
7792411.181440303
4702062.8059711745
4030990.8453725236
7792411.181440303
7786842.613765447
2428661.2041121093
4114541.912723654
7786842.613765447
7788956.36300796
2278750.0064891386
193143.2132641476
7788956.36300796
7794876.528334555
4701927.175006768
4027694.467509196
