7796156.560930626
7796673.359258977
431846.8020248182
2687122.4065706367
7796673.359258977
7795247.583583334
3865970.5204022354
2012575.410010055
7795247.583583334
7789557.542484748
4253098.88770076
4686846.948964696
7789557.542484748
7786626.0505892085
426622.44942842907
2683292.442033795
7786626.0505892085
7791790.043281977
3862453.013271035
2009023.648893381
7791790.043281977
7796156.560930626
4255952.243537147
4686240.7011159975
13057996.070095072
7796391.934870037
2012575.410010055
431844.25897746615
7796391.934870037
7792791.730321049
4686846.948964696
3865969.563028687
7792791.730321049
7787027.7241070075
2683292.442033795
4253097.737068925
7787027.7241070075
7788594.425543688
2009023.648893381
426622.27153090294
7788594.425543688
7794607.566935479
4686240.7011159975
3862451.263278276
7794607.566935479
7796636.916147718
2687122.4065706367
4255949.588161534
13176647.510127407
7796672.4057582375
431844.25897746615
2687122.151956566
7796672.4057582375
7795247.053750381
3865969.563028687
2012575.725359297
7795247.053750381
7789557.45474621
4253097.737068925
4686846.359205423
7789557.45474621
7786625.956267164
426622.27153090294
2683291.655873039
7786625.956267164
7791790.494053931
3862451.263278276
2009024.2180814578
7791790.494053931
7796157.038708849
4255949.588161534
4686240.361191142
12318559.934287129
7796392.5074475715
2012575.725359297
431844.43971411744
7796392.5074475715
7792791.457473254
4686846.359205423
3865970.1730027287
7792791.457473254
7787026.736145031
2683291.655873039
4253098.313884186
7787026.736145031
7788595.996049195
2009024.2180814578
426622.3903213473
7788595.996049195
7794607.827674494
4686240.361191142
3862452.8954013814
7794607.827674494
7796636.136460741
2687122.151956566
4255949.645965092
12527825.47384702
7796672.358157898
431844.43971411744
2687122.049101115
7796672.358157898
7795246.560108013
3865970.1730027287
2012574.9705289241
7795246.560108013
7789559.050629584
4253098.313884186
4686844.1502300985
7789559.050629584
7786626.008063234
426622.3903213473
2683291.4854594423
7786626.008063234
7791790.52937076
3862452.8954013814
2009023.5133536344
7791790.52937076
7796156.83539601
4255949.645965092
4686239.885398714
6786686.976275773
7796393.098302089
2012574.9705289241
431843.416278473
7796393.098302089
7792790.431558016
4686844.1502300985
3865969.792266402
7792790.431558016
7787026.452127908
2683291.4854594423
4253098.29907047
7787026.452127908
7788596.2389545785
2009023.5133536344
426621.9981146952
7788596.2389545785
7794608.218350775
4686239.885398714
3862452.401498949
7794608.218350775
7796636.719082216
2687122.049101115
4255949.774092712
6640968.22989686
7796672.654202319
431843.416278473
2687121.2469392316
7796672.654202319
7795246.634169578
3865969.792266402
2012578.1393534257
7795246.634169578
7789557.593146124
4253098.29907047
4686845.609452091
7789557.593146124
7786626.17100107
426621.9981146952
2683291.5719737066
7786626.17100107
7791790.941364187
3862452.401498949
2009024.2568524869
7791790.941364187
7796156.731259111
4255949.774092712
4686239.662188404
8051302.55205464
7796391.487304221
2012578.1393534257
431846.8020248182
7796391.487304221
7792791.72838386
4686845.609452091
3865970.5204022354
7792791.72838386
7787026.673257853
2683291.5719737066
4253098.88770076
7787026.673257853
7788595.60214043
2009024.2568524869
426622.44942842907
7788595.60214043
7794608.414523324
4686239.662188404
3862453.013271035
7794608.414523324
7796636.109634602
2687121.2469392316
4255952.243537147
