7795856.575847425
7796683.184542066
1087982.166954747
3222432.024336205
7796683.184542066
7795694.528545872
3432680.134630841
1372432.6255263805
7795694.528545872
7790468.298315861
4500883.789067925
4579760.23973064
7790468.298315861
7786480.703827994
1084663.3165765223
3218549.3145509963
7786480.703827994
7790867.400415113
3428849.766593183
1369129.8164400125
7790867.400415113
7795856.575847425
4502917.1689968
4578131.854906052
13178544.968245374
7796527.224794187
1372432.6255263805
1087983.6716315746
7796527.224794187
7793604.9435233595
4579760.23973064
3432679.543976933
7793604.9435233595
7787568.659634933
3218549.3145509963
4500883.360588057
7787568.659634933
7787849.821157871
1369129.8164400125
1084663.7906453433
7787849.821157871
7793928.520130588
4578131.854906052
3428848.1731443745
7793928.520130588
7796570.687711579
3222432.024336205
4502915.503989713
13569755.281201009
7796683.998321667
1087983.6716315746
3222431.2915223655
7796683.998321667
7795694.022084841
3432679.543976933
1372432.8216443327
7795694.022084841
7790468.213534116
4500883.360588057
4579759.556900203
7790468.213534116
7786481.091050967
1084663.7906453433
3218550.533503601
7786481.091050967
7790867.940745153
3428848.1731443745
1369129.4100510266
7790867.940745153
7795855.814830243
4502915.503989713
4578131.239830479
13045876.354624614
7796527.762820172
1372432.8216443327
1087983.8535663828
7796527.762820172
7793603.853885658
4579759.556900203
3432680.2616181807
7793603.853885658
7787568.7914817985
3218550.533503601
4500882.119800282
7787568.7914817985
7787851.123344757
1369129.4100510266
1084663.116721717
7787851.123344757
7793928.689126992
4578131.239830479
3428849.6188737345
7793928.689126992
7796570.200081765
3222431.2915223655
4502916.111857614
13340417.213293206
7796684.553244816
1087983.8535663828
3222430.713772214
7796684.553244816
7795693.630280378
3432680.2616181807
1372432.9413928117
7795693.630280378
7790468.246795719
4500882.119800282
4579760.78855607
7790468.246795719
7786480.607555067
1084663.116721717
3218549.03908262
7786480.607555067
7790867.971281329
3428849.6188737345
1369129.8735173522
7790867.971281329
7795855.634769823
4502916.111857614
4578130.649765651
8030981.378654987
7796526.646590581
1372432.9413928117
1087983.3031308143
7796526.646590581
7793605.159095093
4579760.78855607
3432678.8672373993
7793605.159095093
7787568.773151653
3218549.03908262
4500883.988486028
7787568.773151653
7787850.734484619
1369129.8735173522
1084664.5105657598
7787850.734484619
7793928.968413049
4578130.649765651
3428848.82518018
7793928.968413049
7796570.220032945
3222430.713772214
4502916.11932884
7389442.624589547
7796683.451306147
1087983.3031308143
3222430.6635492854
7796683.451306147
7795694.046972268
3432678.8672373993
1372430.7569610865
7795694.046972268
7790468.570297807
4500883.988486028
4579758.572059512
7790468.570297807
7786481.130295269
1084664.5105657598
3218548.776095918
7786481.130295269
7790867.994583261
3428848.82518018
1369129.6223834027
7790867.994583261
7795855.759718252
4502916.11932884
4578130.794855534
8244742.536857071
7796527.754758436
1372430.7569610865
1087982.166954747
7796527.754758436
7793604.305840796
4579758.572059512
3432680.134630841
7793604.305840796
7787568.700653385
3218548.776095918
4500883.789067925
7787568.700653385
7787851.205472622
1369129.6223834027
1084663.3165765223
7787851.205472622
7793929.0613926
4578130.794855534
3428849.766593183
7793929.0613926
7796569.400337646
3222430.6635492854
4502917.1689968
