7796009.589486913
7796680.178072846
776894.884715399
2979408.537003879
7796680.178072846
7795497.865719391
3645571.341817787
1676608.9758095571
7795497.865719391
7790037.329050225
4396502.9263868965
4642424.856495745
7790037.329050225
7786523.765563819
773256.9883989895
2975521.069320118
7786523.765563819
7791302.122733902
3641854.2064430416
1673212.1643599924
7791302.122733902
7796009.589486913
4398943.248322801
4641263.446091497
13121251.618201338
7796471.788971071
1676608.9758095571
776896.6129283528
7796471.788971071
7793233.483920713
4642424.856495745
3645570.7842923068
7793233.483920713
7787294.265644314
2975521.069320118
4396502.128366673
7787294.265644314
7788184.896188149
1673212.1643599924
773257.2130821025
7788184.896188149
7794259.763828321
4641263.446091497
3641854.2110729287
7794259.763828321
7796606.272137065
2979408.537003879
4398942.265076717
13391640.372780478
7796680.584128145
776896.6129283528
2979408.051422778
7796680.584128145
7795498.0165757295
3645570.7842923068
1676609.2023370413
7795498.0165757295
7790036.706334075
4396502.128366673
4642424.508227705
7790036.706334075
7786523.966797157
773257.2130821025
2975521.788847168
7786523.966797157
7791302.992130432
3641854.2110729287
1673211.8711245242
7791302.992130432
7796008.35391047
4398942.265076717
4641264.276089861
12704545.203626372
7796472.016379125
1676609.2023370413
776896.7475776221
7796472.016379125
7793232.972231935
4642424.508227705
3645570.990679958
7793232.972231935
7787293.871321609
2975521.788847168
4396502.84712727
7787293.871321609
7788185.789011168
1673211.8711245242
773256.7727067304
7788185.789011168
7794259.684540897
4641264.276089861
3641854.4044284006
7794259.684540897
7796605.747679299
2979408.051422778
4398942.10718479
12975589.528552309
7796680.55226425
776896.7475776221
2979407.7626052317
7796680.55226425
7795496.86985894
3645570.990679958
1676609.3397045978
7795496.86985894
7790038.362645527
4396502.84712727
4642422.624787484
7790038.362645527
7786523.591266554
773256.7727067304
2975521.000308567
7786523.591266554
7791302.622146442
3641854.4044284006
1673212.10268431
7791302.622146442
7796008.653526119
4398942.10718479
4641264.047484444
7464072.934951226
7796472.730073018
1676609.3397045978
776896.123162912
7796472.730073018
7793232.6172825415
4642422.624787484
3645570.029132432
7793232.6172825415
7787294.619543415
2975521.000308567
4396502.64623885
7787294.619543415
7788185.5262063695
1673212.10268431
773258.082013979
7788185.5262063695
7794260.182252589
4641264.047484444
3641853.6359510617
7794260.182252589
7796605.469947102
2979407.7626052317
4398942.4817174245
7057455.4324375745
7796681.223488219
776896.123162912
2979409.4733568323
7796681.223488219
7795497.648561839
3645570.029132432
1676608.4846654718
7795497.648561839
7790036.976211387
4396502.64623885
4642423.623359121
7790036.976211387
7786524.001695412
773258.082013979
2975520.1176238423
7786524.001695412
7791302.616202886
3641853.6359510617
1673212.0511930787
7791302.616202886
7796008.322828083
4398942.4817174245
4641263.541360679
8153165.404977921
7796472.016720344
1676608.4846654718
776894.884715399
7796472.016720344
7793233.66899394
4642423.623359121
3645571.341817787
7793233.66899394
7787293.72890223
2975520.1176238423
4396502.9263868965
7787293.72890223
7788185.572274434
1673212.0511930787
773256.9883989895
7788185.572274434
7794259.512621212
4641263.541360679
3641854.2064430416
7794259.512621212
7796605.138825477
2979409.4733568323
4398943.248322801
