7795381.734309977
7796677.510123577
1839907.2380072165
3754685.3852965143
7796677.510123577
7796081.865602413
2840617.432654403
608179.564983741
7796081.865602413
7791538.7076409
4666495.59073188
4333289.062628121
7791538.7076409
7786566.099738665
1836440.5160864012
3751057.122854503
7786566.099738665
7789805.15342434
2836747.2199486797
604056.6566222804
7789805.15342434
7795381.734309977
4667388.9077493185
4330642.314368422
13318635.562720386
7796619.706621867
608179.564983741
1839905.9573669473
7796619.706621867
7794431.333841891
4333289.062628121
2840616.6016335036
7794431.333841891
7788378.568549058
3751057.122854503
4666495.086934947
7788378.568549058
7787160.082324238
604056.6566222804
1836439.5175556252
7787160.082324238
7793023.592732079
4330642.314368422
2836747.1309415684
7793023.592732079
7796437.8682935955
3754685.3852965143
4667388.846139055
13944462.126994824
7796676.942618562
1839905.9573669473
3754684.7140533547
7796676.942618562
7796081.734149055
2840616.6016335036
608179.9987633441
7796081.734149055
7791539.174139933
4666495.086934947
4333289.118896927
7791539.174139933
7786566.168097131
1836439.5175556252
3751057.4475931283
7786566.168097131
7789803.201601069
2836747.1309415684
604057.4032931908
7789803.201601069
7795382.8525870545
4667388.846139055
4330640.538064775
13851087.9649384
7796620.697196893
608179.9987633441
1839906.4252449854
7796620.697196893
7794430.731711293
4333289.118896927
2840616.8927851967
7794430.731711293
7788379.056326619
3751057.4475931283
4666494.767137609
7788379.056326619
7787159.456759105
604057.4032931908
1836440.5317031692
7787159.456759105
7793024.094655075
4330640.538064775
2836747.355039144
7793024.094655075
7796437.069576323
3754684.7140533547
4667389.552220222
14091810.025762944
7796676.038242395
1839906.4252449854
3754684.333913738
7796676.038242395
7796083.858164449
2840616.8927851967
608178.2582167522
7796083.858164449
7791537.647472019
4666494.767137609
4333288.0105420565
7791537.647472019
7786565.732764551
1836440.5317031692
3751056.3470983203
7786565.732764551
7789804.297716969
2836747.355039144
604056.3350894026
7789804.297716969
7795382.798734017
4667389.552220222
4330639.998717918
9281168.712558335
7796619.558432582
608178.2582167522
1839905.0513156583
7796619.558432582
7794430.078879958
4333288.0105420565
2840616.861551394
7794430.078879958
7788379.156943026
3751056.3470983203
4666495.90464889
7788379.156943026
7787159.547491627
604056.3350894026
1836439.6757258854
7787159.547491627
7793023.567568016
4330639.998717918
2836747.140211814
7793023.567568016
7796438.542611332
3754684.333913738
4667389.017669355
8055996.110982583
7796677.545768845
1839905.0513156583
3754684.375256053
7796677.545768845
7796080.894043243
2840616.861551394
608182.2228095992
7796080.894043243
7791539.531709048
4666495.90464889
4333287.573846815
7791539.531709048
7786566.038865352
1836439.6757258854
3751056.3031952237
7786566.038865352
7789803.462202264
2836747.140211814
604057.4280790176
7789803.462202264
7795382.444632976
4667389.017669355
4330640.727298084
8466021.739394289
7796619.09738721
608182.2228095992
1839907.2380072165
7796619.09738721
7794430.75604163
4333287.573846815
2840617.432654403
7794430.75604163
7788378.884354498
3751056.3031952237
4666495.59073188
7788378.884354498
7787159.920612679
604057.4280790176
1836440.5160864012
7787159.920612679
7793023.700216977
4330640.727298084
2836747.2199486797
7793023.700216977
7796438.011922274
3754684.375256053
4667388.9077493185
