7796164.733987478
7796670.876456885
412481.7730936915
2669407.9865104044
7796670.876456885
7795231.576928268
3878216.217074935
2031996.844372688
7795231.576928268
7789529.30304641
4243849.049906785
4688573.7360072015
7789529.30304641
7786633.5593194375
407067.593740585
2665582.401583939
7786633.5593194375
7791820.434529456
3874713.2342149527
2028435.0067656068
7791820.434529456
7796164.733987478
4246721.565123586
4688002.239645056
13054362.071344262
7796387.075714744
2031996.844372688
412481.99356939737
7796387.075714744
7792764.824877593
4688573.7360072015
3878215.7343023615
7792764.824877593
7787012.638566386
2665582.401583939
4243848.720697331
7787012.638566386
7788620.031001501
2028435.0067656068
407068.2481067364
7788620.031001501
7794628.540193431
4688002.239645056
3874712.161136404
7794628.540193431
7796637.162415551
2669407.9865104044
4246722.582896828
13163657.507197136
7796671.392726233
412481.99356939737
2669407.95969283
7796671.392726233
7795231.486939151
3878215.7343023615
2031996.464803381
7795231.486939151
7789529.661923823
4243848.720697331
4688573.167798594
7789529.661923823
7786633.4067229135
407068.2481067364
2665582.743129082
7786633.4067229135
7791819.411626053
3874712.161136404
2028434.15716819
7791819.411626053
7796164.779739779
4246722.582896828
4688000.1915463405
12296078.429277107
7796387.456902712
2031996.464803381
412481.7893615123
7796387.456902712
7792764.296938333
4688573.167798594
3878216.040980432
7792764.296938333
7787012.807636675
2665582.743129082
4243848.426916703
7787012.807636675
7788621.773024761
2028434.15716819
407067.5360137968
7788621.773024761
7794626.952678572
4688000.1915463405
3874712.8429023735
7794626.952678572
7796637.426249375
2669407.95969283
4246723.202304779
12500495.393649906
7796671.313712917
412481.7893615123
2669407.1503038015
7796671.313712917
7795231.774036899
3878216.040980432
2031997.0040845133
7795231.774036899
7789529.812907055
4243848.426916703
4688572.441590357
7789529.812907055
7786633.55632075
407067.5360137968
2665581.8625609917
7786633.55632075
7791819.534193337
3874712.8429023735
2028435.0710003327
7791819.534193337
7796164.958539513
4246723.202304779
4687999.027379556
6745818.0169309685
7796387.34620912
2031997.0040845133
412482.48173452774
7796387.34620912
7792766.185238052
4688572.441590357
3878214.55687127
7792766.185238052
7787011.326469531
2665581.8625609917
4243848.864103701
7787011.326469531
7788621.412658891
2028435.0710003327
407068.1229277693
7788621.412658891
7794627.16831147
4687999.027379556
3874713.190199397
7794627.16831147
7796636.428691914
2669407.1503038015
4246722.887393849
6615186.5767997
7796672.221032478
412482.48173452774
2669409.1462271316
7796672.221032478
7795230.989257556
3878214.55687127
2031998.5193443948
7795230.989257556
7789529.36459537
4243848.864103701
4688572.450973768
7789529.36459537
7786633.81666143
407068.1229277693
2665582.545667334
7786633.81666143
7791819.250025611
3874713.190199397
2028434.1887277395
7791819.250025611
7796164.408824092
4246722.887393849
4687999.532225273
8045424.772742651
7796386.438295952
2031998.5193443948
412481.7730936915
7796386.438295952
7792764.823383595
4688572.450973768
3878216.217074935
7792764.823383595
7787012.045702472
2665582.545667334
4243849.049906785
7787012.045702472
7788621.49632713
2028434.1887277395
407067.593740585
7788621.49632713
7794626.837677643
4687999.532225273
3874713.2342149527
7794626.837677643
7796638.477169971
2669409.1462271316
4246721.565123586
