7796258.509724766
7796662.144172389
204335.00444448603
2434214.8244492128
7796662.144172389
7795017.326473206
4029897.781394601
2280578.794789672
7795017.326473206
7789174.368082191
4115569.7593087032
4702025.842604354
7789174.368082191
7786752.436989405
194103.06311049036
2430472.957951047
7786752.436989405
7792186.724731313
4026599.915870717
2276900.2765534935
7792186.724731313
7796258.509724766
4118712.909502604
4701889.10224675
13008309.0716636
7796312.891949949
2280578.794789672
204333.27219333217
7796312.891949949
7792413.815035739
4702025.842604354
4029897.50855147
7792413.815035739
7786843.125139638
2430472.957951047
4115568.6770942723
7786843.125139638
7788954.490557307
2276900.2765534935
194103.54922920652
7788954.490557307
7794872.074325494
4701889.10224675
4026598.321633554
7794872.074325494
7796654.579291869
2434214.8244492128
4118713.4853829145
12992271.756426025
7796661.490008391
204333.27219333217
2434214.9669741066
7796661.490008391
7795017.170492715
4029897.50855147
2280578.6545515154
7795017.170492715
7789174.061659253
4115568.6770942723
4702025.617126424
7789174.061659253
7786752.6226356365
194103.54922920652
2430472.252007538
7786752.6226356365
7792185.288337323
4026598.321633554
2276900.019114805
7792185.288337323
7796260.1890271455
4118713.4853829145
4701886.330409733
12008066.836476086
7796311.925151713
2280578.6545515154
204333.05833782133
7796311.925151713
7792414.341835953
4702025.617126424
4029897.457967828
7792414.341835953
7786843.336127908
2430472.252007538
4115569.5510554034
7786843.336127908
7788955.345024733
2276900.019114805
194103.21932781505
7788955.345024733
7794871.638262097
4701886.330409733
4026599.738572459
7794871.638262097
7796654.457770404
2434214.9669741066
4118713.644879159
12136741.228401458
7796660.0322334515
204333.05833782133
2434214.961362852
7796660.0322334515
7795018.717009544
4029897.457967828
2280577.53115491
7795018.717009544
7789174.435160583
4115569.5510554034
4702025.136056405
7789174.435160583
7786752.47532865
194103.21932781505
2430472.8004396623
7786752.47532865
7792185.787605895
4026599.738572459
2276899.0652258075
7792185.787605895
7796259.877044828
4118713.644879159
4701885.6981577715
6205628.451916227
7796312.802986769
2280577.53115491
204332.88710367942
7796312.802986769
7792412.719021513
4702025.136056405
4029897.5697003724
7792412.719021513
7786843.758869446
2430472.8004396623
4115568.971829798
7786843.758869446
7788954.720312408
2276899.0652258075
194103.00932309433
7788954.720312408
7794871.672949929
4701885.6981577715
4026599.319199624
7794871.672949929
7796654.451942936
2434214.961362852
4118713.524137657
6267617.0257576965
7796661.066517404
204332.88710367942
2434213.2103151614
7796661.066517404
7795017.189472807
4029897.5697003724
2280579.628893706
7795017.189472807
7789174.178335417
4115568.971829798
4702024.729386035
7789174.178335417
7786752.229456603
194103.00932309433
2430472.095669086
7786752.229456603
7792185.507128941
4026599.319199624
2276900.1273870687
7792185.507128941
7796260.338022326
4118713.524137657
4701885.674575687
7970713.084892561
7796311.876077211
2280579.628893706
204335.00444448603
7796311.876077211
7792413.253592245
4702024.729386035
4029897.781394601
7792413.253592245
7786843.448151151
2430472.095669086
4115569.7593087032
7786843.448151151
7788955.755249961
2276900.1273870687
194103.06311049036
7788955.755249961
7794871.336948607
4701885.674575687
4026599.915870717
7794871.336948607
7796654.302114563
2434213.2103151614
4118712.909502604
