7791248.464498288
7795990.894649135
4413289.978762991
4634469.434358004
7795990.894649135
7796681.395307592
816284.8492942353
3011018.335337819
7796681.395307592
7795524.050843741
3619513.7917957674
1638404.3685051806
7795524.050843741
7790090.682321873
4410899.107639156
4635691.68122029
7790090.682321873
7786514.88484372
812718.032066088
3007129.86861008
7786514.88484372
7791248.464498288
3615779.0039463746
1635022.0043969592
13592314.575026626
7796600.570151365
3011018.335337819
4413288.366629824
7796600.570151365
7796478.302530263
1638404.3685051806
816285.6999158119
7796478.302530263
7793281.86039023
4635691.68122029
3619513.830444489
7793281.86039023
7787327.829643573
3007129.86861008
4410897.6993004
7787327.829643573
7788140.683599929
1635022.0043969592
812716.9524718077
7788140.683599929
7794221.1409032075
4634469.434358004
3615778.9124361635
13852173.55720758
7795990.276929121
4413288.366629824
4634471.1150702825
7795990.276929121
7796681.247018147
816285.6999158119
3011018.1488828165
7796681.247018147
7795524.141661154
3619513.830444489
1638404.1068969753
7795524.141661154
7790090.830926292
4410897.6993004
4635691.899016093
7790090.830926292
7786514.154669188
812716.9524718077
3007129.850222135
7786514.154669188
7791249.746731619
3615778.9124361635
1635022.9671791645
15329965.2853959
7796600.354594738
3011018.1488828165
4413289.015430125
7796600.354594738
7796478.312793956
1638404.1068969753
816285.4739331777
7796478.312793956
7793282.795981327
4635691.899016093
3619513.515556821
7793282.795981327
7787327.502934523
3007129.850222135
4410897.144560479
7787327.502934523
7788139.205173261
1635022.9671791645
812717.9323048141
7788139.205173261
7794222.447769325
4634471.1150702825
3615778.7617667057
13909330.802528175
7795990.413433449
4413289.015430125
4634470.115763303
7795990.413433449
7796681.143113696
816285.4739331777
3011018.215717619
7796681.143113696
7795525.1418315405
3619513.515556821
1638405.1786520558
7795525.1418315405
7790089.597980638
4410897.144560479
4635691.22247392
7790089.597980638
7786514.97276875
812717.9323048141
3007129.0120408945
7786514.97276875
7791249.357499358
3615778.7617667057
1635022.3011532787
11366964.126693584
7796599.9329226455
3011018.215717619
4413288.7982795285
7796599.9329226455
7796479.339916283
1638405.1786520558
816287.4121142932
7796479.339916283
7793282.375235491
4635691.22247392
3619514.8526632856
7793282.375235491
7787326.466729121
3007129.0120408945
4410898.207687088
7787326.466729121
7788140.085771741
1635022.3011532787
812718.1363235273
7788140.085771741
7794222.270203981
4634470.115763303
3615779.395801564
7892424.0934810275
7795990.425270757
4413288.7982795285
4634470.73503921
7795990.425270757
7796680.440378957
816287.4121142932
3011017.4995224415
7796680.440378957
7795524.158815197
3619514.8526632856
1638402.177734797
7795524.158815197
7790091.511942352
4410898.207687088
4635691.310981747
7790091.511942352
7786514.096603829
812718.1363235273
3007128.046492515
7786514.096603829
7791250.135407972
3615779.395801564
1635021.570865886
8885439.172341276
7796600.544035648
3011017.4995224415
4413289.978762991
7796600.544035648
7796478.974813637
1638402.177734797
816284.8492942353
7796478.974813637
7793282.559537208
4635691.310981747
3619513.7917957674
7793282.559537208
7787327.33313771
3007128.046492515
4410899.107639156
7787327.33313771
7788139.933481225
1635021.570865886
812718.032066088
7788139.933481225
7794221.83037592
4634470.73503921
3615779.0039463746
