7795940.026378202
7796682.872594411
922052.8923725546
3094634.620496848
7796682.872594411
7795592.183329881
3548305.4531438434
1535437.6527319856
7795592.183329881
7790237.166077668
4447834.1579636205
4615902.484479149
7790237.166077668
7786498.632676761
918621.7827796262
3090743.8178193145
7786498.632676761
7791100.3039165
3544528.1402615057
1532093.6739018073
7791100.3039165
7795940.026378202
4450090.106339372
4614520.936827151
13147888.896521043
7796499.466048111
1535437.6527319856
922051.8888929614
7796499.466048111
7793408.388972522
4615902.484479149
3548305.0604843055
7793408.388972522
7787418.3854463305
3090743.8178193145
4447833.848263908
7787418.3854463305
7788025.351281102
1532093.6739018073
918620.9842636067
7788025.351281102
7794109.140560056
4614520.936827151
3544528.0736181997
7794109.140560056
7796589.6527594505
3094634.620496848
4450088.510441939
13476312.601217134
7796682.250653387
922051.8888929614
3094635.168116679
7796682.250653387
7795592.487004063
3548305.0604843055
1535437.6007802302
7795592.487004063
7790237.415886911
4447833.848263908
4615902.172681678
7790237.415886911
7786498.205550945
918620.9842636067
3090743.6387283076
7786498.205550945
7791100.319982891
3544528.0736181997
1532092.8968698494
7791100.319982891
7795940.34032193
4450088.510441939
4614520.505296136
12864175.252891243
7796499.671972482
1535437.6007802302
922051.7467202898
7796499.671972482
7793408.980167616
4615902.172681678
3548305.232500616
7793408.980167616
7787417.688382605
3090743.6387283076
4447833.795596231
7787417.688382605
7788025.951292073
1532092.8968698494
918621.6293556596
7788025.951292073
7794108.004417785
4614520.505296136
3544528.1991880545
7794108.004417785
7796590.662825695
3094635.168116679
4450088.963586943
13149680.70171225
7796681.7833104
922051.7467202898
3094634.831788801
7796681.7833104
7795594.188300023
3548305.232500616
1535437.602579412
7795594.188300023
7790235.883915006
4447833.795596231
4615901.533279377
7790235.883915006
7786498.227466529
918621.6293556596
3090743.5950122126
7786498.227466529
7791100.610209082
3544528.1991880545
1532093.5681569895
7791100.610209082
7795940.375062546
4450088.963586943
4614519.465385142
7732499.814930856
7796499.894088811
1535437.602579412
922053.328023995
7796499.894088811
7793407.589641393
4615901.533279377
3548306.455070424
7793407.589641393
7787418.569688448
3090743.5950122126
4447834.271274925
7787418.569688448
7788026.111205138
1532093.5681569895
918622.011130828
7788026.111205138
7794108.555991807
4614519.465385142
3544528.3991326513
7794108.555991807
7796590.0443208525
3094634.831788801
4450088.793749225
7216632.214101378
7796681.777280885
922053.328023995
3094632.7503630985
7796681.777280885
7795592.3848772105
3548306.455070424
1535436.8815233265
7795592.3848772105
7790237.483223588
4447834.271274925
4615901.202469958
7790237.483223588
7786498.241705022
918622.011130828
3090743.320456917
7786498.241705022
7791100.0940472195
3544528.3991326513
1532093.064865482
7791100.0940472195
7795940.284808065
4450088.793749225
4614519.8091153335
8195823.115285885
7796498.737975619
1535436.8815233265
922052.8923725546
7796498.737975619
7793408.860904049
4615901.202469958
3548305.4531438434
7793408.860904049
7787418.019370985
3090743.320456917
4447834.1579636205
7787418.019370985
7788025.852017704
1532093.064865482
918621.7827796262
7788025.852017704
7794108.38430664
4614519.8091153335
3544528.1402615057
7794108.38430664
7796590.497711147
3094632.7503630985
4450090.106339372
