7795865.650764591
7796683.295060719
1067267.0613156136
3206689.6242830297
7796683.295060719
7795681.463444553
3447389.0534959435
1392895.1735260468
7795681.463444553
7790439.9636096135
4494583.003878021
4584616.512154411
7790439.9636096135
7786481.432025291
1063937.033106239
3202805.41576707
7786481.432025291
7790898.227354649
3443563.9738512374
1389589.0854651511
7790898.227354649
7795865.650764591
4496643.063315132
4583020.205310256
13174704.300805684
7796523.958968581
1392895.1735260468
1067266.1357340848
7796523.958968581
7793580.579892942
4584616.512154411
3447388.1693786085
7793580.579892942
7787548.195349877
3202805.41576707
4494582.08761738
7787548.195349877
7787871.913574923
1389589.0854651511
1063938.7222957204
7787871.913574923
7793952.872221976
4583020.205310256
3443561.9152204706
7793952.872221976
7796572.216058804
3206689.6242830297
4496643.154007065
13558281.333357044
7796683.318266776
1067266.1357340848
3206689.6825538184
7796683.318266776
7795681.870981297
3447388.1693786085
1392895.2600345507
7795681.870981297
7790439.190941171
4494582.08761738
4584615.717925958
7790439.190941171
7786482.401480173
1063938.7222957204
3202805.499485461
7786482.401480173
7790896.993574121
3443561.9152204706
1389589.009604751
7790896.993574121
7795866.924869156
4496643.154007065
4583018.03502451
13023234.998530963
7796523.096015721
1392895.2600345507
1067266.5188242726
7796523.096015721
7793580.7330453135
4584615.717925958
3447388.4387646797
7793580.7330453135
7787549.122134291
3202805.499485461
4494581.392239911
7787549.122134291
7787872.05502151
1389589.009604751
1063938.2727146198
7787872.05502151
7793951.705783088
4583018.03502451
3443563.9547503064
7793951.705783088
7796572.870321278
3206689.6825538184
4496643.058364611
13317074.670886854
7796682.714668241
1067266.5188242726
3206688.8118917346
7796682.714668241
7795683.685106067
3447388.4387646797
1392894.444679675
7795683.685106067
7790437.68225352
4494581.392239911
4584615.289211162
7790437.68225352
7786482.672376733
1063938.2727146198
3202804.3282429217
7786482.672376733
7790897.765907169
3443563.9547503064
1389588.3441769949
7790897.765907169
7795866.64951839
4496643.058364611
4583017.809443085
7994170.935503512
7796524.222551474
1392894.444679675
1067265.3342484415
7796524.222551474
7793580.534910937
4584615.289211162
3447390.1015038127
7793580.534910937
7787548.145399712
3202804.3282429217
4494582.339580442
7787548.145399712
7787872.684648134
1389588.3441769949
1063938.2309300858
7787872.684648134
7793951.238235574
4583017.809443085
3443564.4630908384
7793951.238235574
7796573.239365147
3206688.8118917346
4496643.269268728
7368379.048916907
7796683.32657928
1067265.3342484415
3206689.08468547
7796683.32657928
7795681.815636639
3447390.1015038127
1392896.2183438595
7795681.815636639
7790439.649696935
4494582.339580442
4584615.409706004
7790439.649696935
7786481.483029679
1063938.2309300858
3202803.8219694905
7786481.483029679
7790897.355003388
3443564.4630908384
1389587.4096608115
7790897.355003388
7795866.606266774
4496643.269268728
4583017.813299681
8238626.279556357
7796523.193767084
1392896.2183438595
1067267.0613156136
7796523.193767084
7793580.585114925
4584615.409706004
3447389.0534959435
7793580.585114925
7787548.924190237
3202803.8219694905
4494583.003878021
7787548.924190237
7787872.679389925
1389587.4096608115
1063937.033106239
7787872.679389925
7793951.562681226
4583017.813299681
3443563.9738512374
7793951.562681226
7796573.612649339
3206689.08468547
4496643.063315132
