7796476.03876837
7796602.249174018
792513.4801546064
1661468.8625927605
7796602.249174018
7794244.302517889
4404673.791196604
2991973.908091681
7794244.302517889
7788168.137500939
3631547.025920397
4638613.258904119
7788168.137500939
7787308.159383073
788902.022773939
1658081.0175842773
7787308.159383073
7793251.920885004
4402250.790291719
2988084.5555088934
7793251.920885004
7796476.03876837
3635267.522294611
4639796.7471823655
12886079.466747029
7795999.698261256
2991973.908091681
792514.1434642902
7795999.698261256
7791281.002830542
4638613.258904119
4404672.912362123
7791281.002830542
7786520.254283343
1658081.0175842773
3631545.9553514533
7786520.254283343
7790058.364114975
2988084.5555088934
788901.1743944865
7790058.364114975
7795509.446200626
4639796.7471823655
4402250.10539233
7795509.446200626
7796681.757952076
1661468.8625927605
3635268.003801724
12456098.96118893
7796602.48303183
792514.1434642902
1661469.030175066
7796602.48303183
7794244.017827403
4404672.912362123
2991973.4919400816
7794244.017827403
7788167.118418015
3631545.9553514533
4638613.374164121
7788167.118418015
7787307.861381
788901.1743944865
1658080.2080595442
7787307.861381
7793253.617170232
4402250.10539233
2988082.633023571
7793253.617170232
7796475.47850499
3635268.003801724
4639795.342638117
11213241.770364543
7795999.686330572
2991973.4919400816
792514.3586183471
7795999.686330572
7791280.962384527
4638613.374164121
4404673.204792156
7791280.962384527
7786520.50884995
1658080.2080595442
3631547.691341561
7786520.50884995
7790059.450723781
2988082.633023571
788902.2481997928
7790059.450723781
7795507.804294656
4639795.342638117
4402251.197126688
7795507.804294656
7796681.777670641
1661469.030175066
3635267.9154772805
10955471.832491778
7796602.629913383
792514.3586183471
1661468.8375098628
7796602.629913383
7794243.822770275
4404673.204792156
2991973.132749738
7794243.822770275
7788168.047176013
3631547.691341561
4638611.728496318
7788168.047176013
7787306.791411119
788902.2481997928
1658080.673422752
7787306.791411119
7793253.297544186
4402251.197126688
2988082.714094362
7793253.297544186
7796475.351751405
3635267.9154772805
4639795.24416271
4479060.584167602
7795999.80118458
2991973.132749738
792515.9742186983
7795999.80118458
7791280.225169355
4638611.728496318
4404673.692396569
7791280.225169355
7786520.741955068
1658080.673422752
3631546.5901880926
7786520.741955068
7790059.032981358
2988082.714094362
788901.457139511
7790059.032981358
7795508.46565414
4639795.24416271
4402251.087407462
7795508.46565414
7796682.166916208
1661468.8375098628
3635268.262688042
5064881.419546053
7796602.932154463
792515.9742186983
1661471.236231179
7796602.932154463
7794244.233875365
4404673.692396569
2991974.364237903
7794244.233875365
7788167.249611424
3631546.5901880926
4638612.376695116
7788167.249611424
7787307.5131570585
788901.457139511
1658080.1818954467
7787307.5131570585
7793253.353991487
4402251.087407462
2988082.8766674334
7793253.353991487
7796475.514851336
3635268.262688042
4639795.343676034
7770214.661035996
7795999.598436041
2991974.364237903
792513.4801546064
7795999.598436041
7791280.631901533
4638612.376695116
4404673.791196604
7791280.631901533
7786520.606633688
1658080.1818954467
3631547.025920397
7786520.606633688
7790058.92591826
2988082.8766674334
788902.022773939
7790058.92591826
7795508.229006288
4639795.343676034
4402250.790291719
7795508.229006288
7796682.603638726
1661471.236231179
3635267.522294611
