7794000.296485949
7796577.094667148
3174222.402467842
4483493.664436367
7796577.094667148
7796517.025565453
1434752.2948260882
1024784.9481245443
7796517.025565453
7793531.733875797
4594266.610997443
3477302.3216981613
7793531.733875797
7787510.271502423
3170335.6796868383
4481374.846643613
7787510.271502423
7787914.200136735
1431436.6610636322
1021435.1360277056
7787914.200136735
7794000.296485949
4592732.193288898
3473489.183729273
13541957.862056017
7796683.527392497
1024784.9481245443
3174222.776628567
7796683.527392497
7795655.072141267
3477302.3216981613
1434751.7492421817
7795655.072141267
7790379.562520889
4481374.846643613
4594265.964761047
7790379.562520889
7786486.266286086
1021435.1360277056
3170335.8185788654
7786486.266286086
7790956.007691286
3473489.183729273
1431435.975363158
7790956.007691286
7795889.793978383
4483493.664436367
4592730.9291662825
14316051.894466337
7796576.894811345
3174222.776628567
4483492.779241432
7796576.894811345
7796517.078924335
1434751.7492421817
1024784.4064757444
7796517.078924335
7793531.660271966
4594265.964761047
3477302.0328706168
7793531.660271966
7787510.106070398
3170335.8185788654
4481373.957501036
7787510.106070398
7787915.175473501
1431435.975363158
1021435.224085958
7787915.175473501
7794000.067331687
4592730.9291662825
3473488.6950768894
15062712.381964419
7796683.44415162
1024784.4064757444
3174223.1234777155
7796683.44415162
7795655.500439508
3477302.0328706168
1434752.4211572183
7795655.500439508
7790379.399138778
4481373.957501036
4594265.77539338
7790379.399138778
7786485.835344847
1021435.224085958
3170335.0674551786
7786485.835344847
7790956.171771894
3473488.6950768894
1431437.1019489116
7790956.171771894
7795889.433814184
4483492.779241432
4592731.37556786
14818182.165566662
7796577.179318344
3174223.1234777155
4483491.883183209
7796577.179318344
7796517.869349824
1434752.4211572183
1024784.9054154608
7796517.869349824
7793529.667406278
4594265.77539338
3477302.399909353
7793529.667406278
7787511.325228991
3170335.0674551786
4481373.901430829
7787511.325228991
7787914.583110819
1431437.1019489116
1021435.0989279817
7787914.583110819
7793999.986120125
4592731.37556786
3473488.6724635586
11006306.077173313
7796683.23186961
1024784.9054154608
3174222.9947755914
7796683.23186961
7795654.8931400115
3477302.399909353
1434750.5818778768
7795654.8931400115
7790380.670166284
4481373.901430829
4594265.786439476
7790380.670166284
7786486.261609665
1021435.0989279817
3170335.266447651
7786486.261609665
7790956.293968794
3473488.6724635586
1431437.7216582482
7790956.293968794
7795889.315229756
4483491.883183209
4592731.848609864
8681913.626720378
7796577.6321871085
3174222.9947755914
4483491.5796795795
7796577.6321871085
7796516.672850657
1434750.5818778768
1024783.5420893466
7796516.672850657
7793531.360183658
4594265.786439476
3477301.851117562
7793531.360183658
7787509.855983634
3170335.266447651
4481374.070400611
7787509.855983634
7787915.089235415
1431437.7216582482
1021435.2449791391
7787915.089235415
7794000.320597473
4592731.848609864
3473488.949879852
8811247.137169257
7796683.394747292
1024783.5420893466
3174222.402467842
7796683.394747292
7795655.511813514
3477301.851117562
1434752.2948260882
7795655.511813514
7790379.823189787
4481374.070400611
4594266.610997443
7790379.823189787
7786485.946252496
1021435.2449791391
3170335.6796868383
7786485.946252496
7790956.529711872
3473488.949879852
1431436.6610636322
7790956.529711872
7795888.979926016
4483491.5796795795
4592732.193288898
