8 6
Globalstar 0
1 00001U 00000ABC 00001.00000000  .00000000  00000-0  00000+0 0    04
2 00001  52.0000   0.0000 0000001   0.0000   0.0000 12.62000000    02
Globalstar 1
1 00002U 00000ABC 00001.00000000  .00000000  00000-0  00000+0 0    05
2 00002  52.0000   0.0000 0000001   0.0000  60.0000 12.62000000    09
Globalstar 2
1 00003U 00000ABC 00001.00000000  .00000000  00000-0  00000+0 0    06
2 00003  52.0000   0.0000 0000001   0.0000 120.0000 12.62000000    07
Globalstar 3
1 00004U 00000ABC 00001.00000000  .00000000  00000-0  00000+0 0    07
2 00004  52.0000   0.0000 0000001   0.0000 180.0000 12.62000000    04
Globalstar 4
1 00005U 00000ABC 00001.00000000  .00000000  00000-0  00000+0 0    08
2 00005  52.0000   0.0000 0000001   0.0000 240.0000 12.62000000    02
Globalstar 5
1 00006U 00000ABC 00001.00000000  .00000000  00000-0  00000+0 0    09
2 00006  52.0000   0.0000 0000001   0.0000 300.0000 12.62000000    00
Globalstar 6
1 00007U 00000ABC 00001.00000000  .00000000  00000-0  00000+0 0    00
2 00007  52.0000  45.0000 0000001   0.0000  30.0000 12.62000000    00
Globalstar 7
1 00008U 00000ABC 00001.00000000  .00000000  00000-0  00000+0 0    01
2 00008  52.0000  45.0000 0000001   0.0000  90.0000 12.62000000    07
Globalstar 8
1 00009U 00000ABC 00001.00000000  .00000000  00000-0  00000+0 0    02
2 00009  52.0000  45.0000 0000001   0.0000 150.0000 12.62000000    05
Globalstar 9
1 00010U 00000ABC 00001.00000000  .00000000  00000-0  00000+0 0    04
2 00010  52.0000  45.0000 0000001   0.0000 210.0000 12.62000000    04
Globalstar 10
1 00011U 00000ABC 00001.00000000  .00000000  00000-0  00000+0 0    05
2 00011  52.0000  45.0000 0000001   0.0000 270.0000 12.62000000    01
Globalstar 11
1 00012U 00000ABC 00001.00000000  .00000000  00000-0  00000+0 0    06
2 00012  52.0000  45.0000 0000001   0.0000 330.0000 12.62000000    09
Globalstar 12
1 00013U 00000ABC 00001.00000000  .00000000  00000-0  00000+0 0    07
2 00013  52.0000  90.0000 0000001   0.0000   0.0000 12.62000000    04
Globalstar 13
1 00014U 00000ABC 00001.00000000  .00000000  00000-0  00000+0 0    08
2 00014  52.0000  90.0000 0000001   0.0000  60.0000 12.62000000    01
Globalstar 14
1 00015U 00000ABC 00001.00000000  .00000000  00000-0  00000+0 0    09
2 00015  52.0000  90.0000 0000001   0.0000 120.0000 12.62000000    09
Globalstar 15
1 00016U 00000ABC 00001.00000000  .00000000  00000-0  00000+0 0    00
2 00016  52.0000  90.0000 0000001   0.0000 180.0000 12.62000000    06
Globalstar 16
1 00017U 00000ABC 00001.00000000  .00000000  00000-0  00000+0 0    01
2 00017  52.0000  90.0000 0000001   0.0000 240.0000 12.62000000    04
Globalstar 17
1 00018U 00000ABC 00001.00000000  .00000000  00000-0  00000+0 0    02
2 00018  52.0000  90.0000 0000001   0.0000 300.0000 12.62000000    02
Globalstar 18
1 00019U 00000ABC 00001.00000000  .00000000  00000-0  00000+0 0    03
2 00019  52.0000 135.0000 0000001   0.0000  30.0000 12.62000000    03
Globalstar 19
1 00020U 00000ABC 00001.00000000  .00000000  00000-0  00000+0 0    05
2 00020  52.0000 135.0000 0000001   0.0000  90.0000 12.62000000    01
Globalstar 20
1 00021U 00000ABC 00001.00000000  .00000000  00000-0  00000+0 0    06
2 00021  52.0000 135.0000 0000001   0.0000 150.0000 12.62000000    09
Globalstar 21
1 00022U 00000ABC 00001.00000000  .00000000  00000-0  00000+0 0    07
2 00022  52.0000 135.0000 0000001   0.0000 210.0000 12.62000000    07
Globalstar 22
1 00023U 00000ABC 00001.00000000  .00000000  00000-0  00000+0 0    08
2 00023  52.0000 135.0000 0000001   0.0000 270.0000 12.62000000    04
Globalstar 23
1 00024U 00000ABC 00001.00000000  .00000000  00000-0  00000+0 0    09
2 00024  52.0000 135.0000 0000001   0.0000 330.0000 12.62000000    02
Globalstar 24
1 00025U 00000ABC 00001.00000000  .00000000  00000-0  00000+0 0    00
2 00025  52.0000 180.0000 0000001   0.0000   0.0000 12.62000000    07
Globalstar 25
1 00026U 00000ABC 00001.00000000  .00000000  00000-0  00000+0 0    01
2 00026  52.0000 180.0000 0000001   0.0000  60.0000 12.62000000    04
Globalstar 26
1 00027U 00000ABC 00001.00000000  .00000000  00000-0  00000+0 0    02
2 00027  52.0000 180.0000 0000001   0.0000 120.0000 12.62000000    02
Globalstar 27
1 00028U 00000ABC 00001.00000000  .00000000  00000-0  00000+0 0    03
2 00028  52.0000 180.0000 0000001   0.0000 180.0000 12.62000000    09
Globalstar 28
1 00029U 00000ABC 00001.00000000  .00000000  00000-0  00000+0 0    04
2 00029  52.0000 180.0000 0000001   0.0000 240.0000 12.62000000    07
Globalstar 29
1 00030U 00000ABC 00001.00000000  .00000000  00000-0  00000+0 0    06
2 00030  52.0000 180.0000 0000001   0.0000 300.0000 12.62000000    06
Globalstar 30
1 00031U 00000ABC 00001.00000000  .00000000  00000-0  00000+0 0    07
2 00031  52.0000 225.0000 0000001   0.0000  30.0000 12.62000000    07
Globalstar 31
1 00032U 00000ABC 00001.00000000  .00000000  00000-0  00000+0 0    08
2 00032  52.0000 225.0000 0000001   0.0000  90.0000 12.62000000    04
Globalstar 32
1 00033U 00000ABC 00001.00000000  .00000000  00000-0  00000+0 0    09
2 00033  52.0000 225.0000 0000001   0.0000 150.0000 12.62000000    02
Globalstar 33
1 00034U 00000ABC 00001.00000000  .00000000  00000-0  00000+0 0    00
2 00034  52.0000 225.0000 0000001   0.0000 210.0000 12.62000000    00
Globalstar 34
1 00035U 00000ABC 00001.00000000  .00000000  00000-0  00000+0 0    01
2 00035  52.0000 225.0000 0000001   0.0000 270.0000 12.62000000    07
Globalstar 35
1 00036U 00000ABC 00001.00000000  .00000000  00000-0  00000+0 0    02
2 00036  52.0000 225.0000 0000001   0.0000 330.0000 12.62000000    05
Globalstar 36
1 00037U 00000ABC 00001.00000000  .00000000  00000-0  00000+0 0    03
2 00037  52.0000 270.0000 0000001   0.0000   0.0000 12.62000000    00
Globalstar 37
1 00038U 00000ABC 00001.00000000  .00000000  00000-0  00000+0 0    04
2 00038  52.0000 270.0000 0000001   0.0000  60.0000 12.62000000    07
Globalstar 38
1 00039U 00000ABC 00001.00000000  .00000000  00000-0  00000+0 0    05
2 00039  52.0000 270.0000 0000001   0.0000 120.0000 12.62000000    05
Globalstar 39
1 00040U 00000ABC 00001.00000000  .00000000  00000-0  00000+0 0    07
2 00040  52.0000 270.0000 0000001   0.0000 180.0000 12.62000000    03
Globalstar 40
1 00041U 00000ABC 00001.00000000  .00000000  00000-0  00000+0 0    08
2 00041  52.0000 270.0000 0000001   0.0000 240.0000 12.62000000    01
Globalstar 41
1 00042U 00000ABC 00001.00000000  .00000000  00000-0  00000+0 0    09
2 00042  52.0000 270.0000 0000001   0.0000 300.0000 12.62000000    09
Globalstar 42
1 00043U 00000ABC 00001.00000000  .00000000  00000-0  00000+0 0    00
2 00043  52.0000 315.0000 0000001   0.0000  30.0000 12.62000000    00
Globalstar 43
1 00044U 00000ABC 00001.00000000  .00000000  00000-0  00000+0 0    01
2 00044  52.0000 315.0000 0000001   0.0000  90.0000 12.62000000    07
Globalstar 44
1 00045U 00000ABC 00001.00000000  .00000000  00000-0  00000+0 0    02
2 00045  52.0000 315.0000 0000001   0.0000 150.0000 12.62000000    05
Globalstar 45
1 00046U 00000ABC 00001.00000000  .00000000  00000-0  00000+0 0    03
2 00046  52.0000 315.0000 0000001   0.0000 210.0000 12.62000000    03
Globalstar 46
1 00047U 00000ABC 00001.00000000  .00000000  00000-0  00000+0 0    04
2 00047  52.0000 315.0000 0000001   0.0000 270.0000 12.62000000    00
Globalstar 47
1 00048U 00000ABC 00001.00000000  .00000000  00000-0  00000+0 0    05
2 00048  52.0000 315.0000 0000001   0.0000 330.0000 12.62000000    08
