4036200.2495633
4035958.582150319
3583301.3780018515
3931640.8837246434
4035958.582150319
4035893.502289146
1540702.8273476362
1961592.1757232295
4035893.502289146
4036201.4062687648
3391648.045759297
2980901.180697977
4036201.4062687648
4035524.4820510997
6191555.6526442785
5976295.424598014
4035524.4820510997
4032949.628045811
7090615.489864618
7273038.564532409
4032949.628045811
4029550.603407392
5139340.747044125
5388099.982644355
4029550.603407392
4027785.299103598
1956527.578801935
2538781.7517955587
4027785.299103598
4029056.757981385
2230915.6404133425
1536123.9353292857
4029056.757981385
4032340.970092408
4884883.092544862
4609075.492196113
4032340.970092408
4035186.292355991
7075243.461273122
6887595.152367661
4035186.292355991
4036200.2495633
6361797.3939432325
6564451.49038554
7398479.590770843
4035856.336676417
1961592.1757232295
2542644.7058536746
4035856.336676417
4036073.377842094
2234021.4154730868
1540703.5669477538
4036073.377842094
4036078.64552189
4892318.277034247
4616972.963325257
4036078.64552189
4034448.046860422
7079933.342722489
6892417.960125507
4034448.046860422
4031212.123837735
6355083.59832907
6557953.408184744
4031212.123837735
4028330.709999297
3576196.4294052436
3925193.0658411807
4028330.709999297
4028035.3535006987
1536123.9353292857
1956527.7725869606
4028035.3535006987
4030593.3458790956
3386048.6813730435
2974494.153930846
4030593.3458790956
4033961.000240225
6184398.967668801
5968870.560499867
4033961.000240225
4035938.377723622
7094098.650546954
7274754.984482222
4035938.377723622
4036120.7957373965
5147320.196738718
5395697.847260963
10116408.3611228
4035959.3755542925
3583303.0973575553
3931643.4683343796
4035959.3755542925
4035894.2529673297
1540703.5669477538
1961591.4254994192
4035894.2529673297
4036202.0521716173
3391647.2660106244
2980901.419035985
4036202.0521716173
4035524.2072328487
6191555.459773941
5976295.490413038
4035524.2072328487
4032950.1270594704
7090615.30362954
7273037.782215154
4032950.1270594704
4029549.5330612874
5139339.97214601
5388099.371166014
4029549.5330612874
4027786.7443990293
1956527.7725869606
2538782.2532890155
4027786.7443990293
4029056.248917438
2230916.5826275237
1536124.8487392715
4029056.248917438
4032340.401805315
4884882.5371640595
4609076.080124271
4032340.401805315
4035187.84368987
7075242.266680718
6887594.83260643
4035187.84368987
4036197.6792632975
6361795.527396758
6564450.451953547
9932553.628315868
4035855.4796450296
1961591.4254994192
2542644.3163996735
4035855.4796450296
4036072.3766739103
2234022.0077220313
1540702.8783348263
4036072.3766739103
4036078.484596109
4892318.828933062
4616972.635256895
4036078.484596109
4034448.5624651127
7079932.729924574
6892417.361433716
4034448.5624651127
4031212.3190577393
6355083.46248296
6557953.352431542
4031212.3190577393
4028331.0770153003
3576195.8007112546
3925192.451224052
4028331.0770153003
4028034.4253388066
1536124.8487392715
1956527.8360379422
4028034.4253388066
4030595.1559294485
3386048.1121657193
2974493.2697389084
4030595.1559294485
4033959.6617052914
6184399.447542748
5968870.776886239
4033959.6617052914
4035939.3121644207
7094098.527495718
7274754.900252596
4035939.3121644207
4036121.605373379
5147319.938597045
5395697.682416647
9864894.415979238
4035959.944575237
3583302.087102028
3931642.333732829
4035959.944575237
4035895.0051144673
1540702.8783348263
1961590.748813965
4035895.0051144673
4036200.7036029217
3391649.0697983713
2980902.032560955
4036200.7036029217
4035524.6559670162
6191554.981183338
5976294.828649131
4035524.6559670162
4032949.7477350547
7090614.9614118645
7273036.653706284
4032949.7477350547
4029549.383261043
5139340.307294453
5388098.682430576
4029549.383261043
4027786.9185779733
1956527.8360379422
2538781.348778718
4027786.9185779733
4029056.111110396
2230916.6695827707
1536125.957934979
4029056.111110396
4032340.0587960165
4884882.17943062
4609074.692308055
4032340.0587960165
4035187.6646542028
7075242.277169403
6887592.836760943
4035187.6646542028
4036197.443359053
6361795.466408215
6564449.104348342
6907583.4571004845
4035855.010519646
1961590.748813965
2542643.9245004216
4035855.010519646
4036073.434435846
2234021.756398571
1540702.8273476362
4036073.434435846
4036078.735249396
4892318.062773409
4616974.303801325
4036078.735249396
4034447.238928763
7079932.233639642
6892418.534352657
4034447.238928763
4031212.302305742
6355082.6564807445
6557953.84773523
4031212.302305742
4028330.454581605
3576196.088773716
3925192.515850978
4028330.454581605
4028035.1824031444
1536125.957934979
1956527.578801935
4028035.1824031444
4030594.298627173
3386047.542818184
2974493.9219235945
4030594.298627173
4033959.8144791923
6184397.6155009
5968871.636291994
4033959.8144791923
4035939.7830701787
7094097.4578175815
7274754.895889513
4035939.7830701787
4036121.614166958
5147318.8301040465
5395698.098437903
