4036189.0646306914
4035884.285893962
2636318.4211083255
3093146.1675797277
4035884.285893962
4035982.325150552
2148713.3580266265
1414175.647439945
4035982.325150552
4036176.1399246207
4246185.890077573
3925833.3127397737
4036176.1399246207
4034983.680173295
6752821.602643159
6555979.890193659
4034983.680173295
4031976.203480836
6738962.92782707
6930625.571639534
4031976.203480836
4028784.7531583696
4285727.871650678
4581022.169134297
4028784.7531583696
4027834.486886277
1409714.5378101266
2145832.249603789
4027834.486886277
4029877.5672528422
2783340.3474916215
2264840.331946624
4029877.5672528422
4033294.4129768084
5661159.147005769
5424916.286283039
4033294.4129768084
4035665.052852964
7242500.277022876
7175406.77155515
4035665.052852964
4036189.0646306914
5727357.4557434395
5951611.077139006
6832023.5173980845
4035865.2500855997
1414175.647439945
2148713.5148685337
4035865.2500855997
4036162.83516844
2787755.0251153423
2270310.987725656
4036162.83516844
4035826.960215891
5668722.387277024
5432822.979867508
4035826.960215891
4033637.7865322763
7240816.334733543
7178054.675387656
4033637.7865322763
4030245.3729232713
5719652.578529095
5944210.063740143
4030245.3729232713
4027927.1940749576
2630361.6464910773
3088105.1716978033
4027927.1940749576
4028523.514083543
2145832.249603789
1409715.1383977367
4028523.514083543
4031579.7483769944
4239326.816745169
3918389.368993793
4031579.7483769944
4034718.268332934
6746822.496028119
6549794.757638498
4034718.268332934
4036136.804242642
6744471.48703058
6935977.969864997
4036136.804242642
4036023.7007014696
4293448.55183668
4588227.943007799
8817480.86974483
4035883.1290558116
2636317.155241199
3093145.6596803935
4035883.1290558116
4035982.6484638355
2148713.5148685337
1414175.0814830952
4035982.6484638355
4036176.256439805
4246186.573486626
3925832.9039526717
4036176.256439805
4034984.1222048663
6752821.501713459
6555980.521612042
4034984.1222048663
4031976.3738015476
6738961.812430754
6930625.80604481
4031976.3738015476
4028783.802927461
4285728.425129443
4581022.07257108
4028783.802927461
4027834.1247203504
1409715.1383977367
2145831.204709647
4027834.1247203504
4029879.4486859636
2783340.1400945326
2264840.427927053
4029879.4486859636
4033292.601694888
5661159.324489307
5424916.472498378
4033292.601694888
4035667.1488127494
7242499.9030061355
7175406.789709259
4035667.1488127494
4036188.660884358
5727356.742950881
5951611.482371281
8149535.205719247
4035865.155414105
1414175.0814830952
2148712.8890507338
4035865.155414105
4036162.9297220097
2787755.3045060397
2270311.595331396
4036162.9297220097
4035825.9043625714
5668721.740091127
5432821.853841622
4035825.9043625714
4033637.140200745
7240816.737397949
7178053.877875233
4033637.140200745
4030246.7289663893
5719653.089155181
5944209.900979286
4030246.7289663893
4027926.329126188
2630362.552607732
3088105.9703327813
4027926.329126188
4028524.953291519
2145831.204709647
1409714.1837460462
4028524.953291519
4031578.159392218
4239327.069474571
3918390.118002633
4031578.159392218
4034720.257238815
6746821.805641274
6549793.836763793
4034720.257238815
4036137.342503998
6744471.84995534
6935977.330921737
4036137.342503998
4036023.192731553
4293448.525832766
4588226.1656900495
8527799.95414219
4035882.922708576
2636316.8457904425
3093144.9519991986
4035882.922708576
4035982.9669508426
2148712.8890507338
1414175.735496399
4035982.9669508426
4036176.691145969
4246185.780937732
3925833.3012287896
4036176.691145969
4034982.37051156
6752821.268744603
6555979.824508427
4034982.37051156
4031976.464302039
6738961.85079197
6930624.146724336
4031976.464302039
4028784.2522093765
4285728.003907295
4581022.719324624
4028784.2522093765
4027834.621398699
1409714.1837460462
2145831.697516235
4027834.621398699
4029879.56763169
2783340.855514702
2264840.8671304383
4029879.56763169
4033292.283368793
5661159.655560696
5424916.20864657
4033292.283368793
4035667.1456241747
7242499.759591308
7175405.593806764
4035667.1456241747
4036188.690767272
5727355.587626244
5951609.974619439
6297218.696518976
4035865.101942453
1414175.735496399
2148713.3580266265
4035865.101942453
4036162.9217565013
2787754.4690781566
2270310.929831205
4036162.9217565013
4035827.138742506
5668721.945940225
5432822.048014931
4035827.138742506
4033637.55237014
7240814.741658001
7178054.769205408
4033637.55237014
4030245.1964327735
5719651.573492214
5944210.407247998
4030245.1964327735
4027927.053127646
2630362.1581526655
3088106.2720245393
4027927.053127646
4028524.536430774
2145831.697516235
1409714.5378101266
4028524.536430774
4031578.266747365
4239326.687280684
3918390.7804332525
4031578.266747365
4034720.6752739246
6746821.216947944
6549794.410759568
4034720.6752739246
4036136.875958263
6744470.2898226185
6935978.027919172
4036136.875958263
4036023.334497356
4293447.601065965
4588227.254453027
