4036155.0084961466
4035858.9817660954
2143276.5519048674
2685305.366442125
4035858.9817660954
4036038.4391237837
2173442.798342449
1451470.9885160252
4036038.4391237837
4036114.721088724
4710721.368204214
4424104.399173351
4036114.721088724
4034618.34404294
6996133.703040999
6806316.736710879
4034618.34404294
4031431.3846908933
6474529.021335356
6673774.207666683
4031431.3846908933
4028439.538903231
3782401.6346864835
4113954.0165229538
4028439.538903231
4027970.8996365457
1446976.973356392
2137979.474291096
4027970.8996365457
4030383.232213893
3205353.6174915973
2767066.0544392844
4030383.232213893
4033777.090898004
6042247.714304698
5821467.856408461
4033777.090898004
4035859.967331595
7147379.231603036
7257310.881438624
4035859.967331595
4036155.0084961466
5320665.438527805
5561317.84985731
6527207.981606066
4035892.3926293124
1451470.9885160252
2143278.3230889905
4035892.3926293124
4036193.6545937993
3210623.3606198267
2773205.357106167
4036193.6545937993
4035621.3611838017
6049565.421189017
5829073.0546776205
4035621.3611838017
4033143.3611078793
7144393.620873938
7258641.254984163
4033143.3611078793
4029750.3643509243
5312718.9367615655
5553729.547220017
4029750.3643509243
4027810.8262571627
2137979.474291096
2681119.169769997
4027810.8262571627
4028882.6381295575
2170495.107727519
1446977.645471901
4028882.6381295575
4032125.2461356134
4703409.837042702
4416298.901764384
4032125.2461356134
4035072.128306675
6991036.138893652
6801072.113853137
4035072.128306675
4036188.7812812426
6480932.598373823
6679981.388297488
4036188.7812812426
4035967.0178534854
3789715.311900472
4120654.333960142
8022325.3213057825
4035860.0399776665
2143278.3230889905
2685306.4579674667
4035860.0399776665
4036038.9014162603
2173442.5800313097
1451470.7503817033
4036038.9014162603
4036114.841655811
4710721.60232542
4424104.4366666
4036114.841655811
4034618.8686203063
6996133.304458709
6806316.609352654
4034618.8686203063
4031430.0649923068
6474528.044765592
6673774.620120353
4031430.0649923068
4028440.5290183825
3782402.8567293575
4113954.609168797
4028440.5290183825
4027971.267819854
1446977.645471901
2137980.996549446
4027971.267819854
4030383.358457151
3205354.0048376606
2767065.87096281
4030383.358457151
4033778.2070227945
6042248.219702665
5821467.332011839
4033778.2070227945
4035859.4876430733
7147378.544482298
7257312.0810163785
4035859.4876430733
4036153.2354202867
5320663.068952063
5561317.351813665
7080184.677478936
4035891.910217512
1451470.7503817033
2143278.320207489
4035891.910217512
4036192.301906015
3210623.526063147
2773205.4707626244
4036192.301906015
4035623.588805569
6049564.18460062
5829072.31709322
4035623.588805569
4033143.0742827957
7144393.948073787
7258641.720014709
4033143.0742827957
4029748.9529846567
5312718.78733368
5553728.561634719
4029748.9529846567
4027811.9084107717
2137980.996549446
2681120.246434227
4027811.9084107717
4028883.453735317
2170494.795123381
1446977.6390453265
4028883.453735317
4032123.708268843
4703409.247830972
4416299.14433019
4032123.708268843
4035073.6020049443
6991035.57273086
6801070.6773588555
4035073.6020049443
4036187.8987070657
6480933.082236555
6679981.148492122
4036187.8987070657
4035967.8142023752
3789715.515641428
4120655.559519341
7702833.175538908
4035860.2902283194
2143278.320207489
2685306.906961352
4035860.2902283194
4036037.7138773375
2173442.594061708
1451470.7720265696
4036037.7138773375
4036115.5219340986
4710720.722438377
4424102.916620371
4036115.5219340986
4034618.472312247
6996133.859834447
6806315.018767849
4034618.472312247
4031429.8876011637
6474528.052697907
6673773.225309329
4031429.8876011637
4028440.0818332876
3782403.102240323
4113954.773779459
4028440.0818332876
4027971.1882650945
1446977.6390453265
2137980.191441179
4027971.1882650945
4030383.7502144375
3205353.630997566
2767065.495140215
4030383.7502144375
4033778.3959715655
6042247.869690492
5821467.15946835
4033778.3959715655
4035859.0574852293
7147377.95479039
7257310.594449555
4035859.0574852293
4036153.389383534
5320663.852399747
5561315.256895092
5965186.433572045
4035892.200134152
1451470.7720265696
2143276.5519048674
4035892.200134152
4036193.5605261624
3210622.662470438
2773205.7268165275
4036193.5605261624
4035621.421795876
6049563.869962373
5829072.854674742
4035621.421795876
4033143.7070875065
7144392.34985418
7258641.736553219
4033143.7070875065
4029749.6834423207
5312718.256585522
5553728.861801873
4029749.6834423207
4027811.094219132
2137980.191441179
2681119.9516642704
4027811.094219132
4028883.578545244
2170495.0584355895
1446976.973356392
4028883.578545244
4032123.6214405913
4703409.258303578
4416298.615946751
4032123.6214405913
4035073.40596106
6991034.527262202
6801071.440207268
4035073.40596106
4036188.0282096933
6480931.47997721
6679981.602364168
4036188.0282096933
4035967.4051877805
3789713.800611276
4120655.488326713
