4036202.0197149566
4035949.7785537266
3491773.1075719926
3848402.532210585
4035949.7785537266
4035901.721950944
1591133.419493603
1885956.829179621
4035901.721950944
4036202.9908739743
3472760.4970174325
3072869.2329380857
4036202.9908739743
4035479.6515818
6252088.093404908
6038982.133208447
4035479.6515818
4032857.556390713
7064196.444832927
7247281.921618324
4032857.556390713
4029470.006469081
5061185.435705204
5313599.020778751
4029470.006469081
4027778.8227355494
1880988.3473465983
2481029.991985404
4027778.8227355494
4029129.459956603
2265901.283508038
1586503.0374703628
4029129.459956603
4032437.049737606
4963795.440920804
4692624.531465041
4032437.049737606
4035239.623899316
7109813.7810240565
6923099.826392646
4035239.623899316
4036202.0197149566
6306905.5757201025
6511265.3330372255
7344328.760126752
4035853.3224500096
1885956.829179621
2484755.741610342
4035853.3224500096
4036082.909031153
2269097.463140873
1591133.4244611114
4036082.909031153
4036061.148230808
4971275.506036189
4700553.505344467
4036061.148230808
4034375.25797529
7114317.118500133
6927729.952669622
4034375.25797529
4031115.2285808264
6300065.790291427
6504648.975888596
4031115.2285808264
4028281.6523827035
3484765.8138303524
3842071.235843683
4028281.6523827035
4028072.5062160585
1586503.0374703628
1880987.7951382436
4028072.5062160585
4030688.7814911013
3467019.541892638
3066345.958794235
4030688.7814911013
4034039.6833949527
6245014.078229407
6031649.319561925
4034039.6833949527
4035964.0530366334
7067893.908403028
7250882.612657148
4035964.0530366334
4036113.551331081
5069169.662390128
5321190.288824573
10000313.11924135
4035950.9643222988
3491772.8763394365
3848402.318948828
4035950.9643222988
4035901.445506095
1591133.4244611114
1885957.507687839
4035901.445506095
4036203.1597815184
3472760.303165368
3072868.8148296527
4036203.1597815184
4035478.809699027
6252087.92599111
6038982.321605407
4035478.809699027
4032858.719455755
7064195.955297434
7247281.882867455
4032858.719455755
4029469.156883874
5061184.410469447
5313599.155549948
4029469.156883874
4027779.2582259933
1880987.7951382436
2481030.006873714
4027779.2582259933
4029129.0350121865
2265902.3756957944
1586503.5524687122
4029129.0350121865
4032435.514899307
4963795.7344429195
4692624.023606336
4032435.514899307
4035241.308690253
7109813.115589475
6923099.591433308
4035241.308690253
4036200.5167167783
6306903.854046228
6511264.6445529135
9770485.6518628
4035852.713763339
1885957.507687839
2484756.017090366
4035852.713763339
4036085.127542394
2269096.1320653097
1591132.566303127
4036085.127542394
4036059.526092719
4971276.647447659
4700553.847939749
4036059.526092719
4034376.8790770024
7114316.476961805
6927729.350530877
4034376.8790770024
4031114.7911523688
6300065.998830883
6504648.370897251
4031114.7911523688
4028280.5889983866
3484765.816279598
3842071.156599361
4028280.5889983866
4028073.798762269
1586503.5524687122
1880987.6641349802
4028073.798762269
4030687.4974097083
3467020.061202724
3066347.299914611
4030687.4974097083
4034039.3564261138
6245013.562140091
6031648.363814748
4034039.3564261138
4035964.7045479296
7067893.82469825
7250883.140713289
4035964.7045479296
4036112.8834826956
5069168.966520628
5321190.699324612
9745808.511952706
4035950.7355743526
3491773.600828847
3848401.664501949
4035950.7355743526
4035902.1399008334
1591132.566303127
1885957.4052391385
4035902.1399008334
4036203.457033033
3472760.8479139204
3072869.065571658
4036203.457033033
4035478.944453919
6252087.814338622
6038981.993123235
4035478.944453919
4032857.7419478665
7064195.998679064
7247280.828801342
4032857.7419478665
4029469.334803974
5061184.3047579825
5313598.189522068
4029469.334803974
4027778.91284588
1880987.6641349802
2481030.126249383
4027778.91284588
4029130.321544957
2265902.195758761
1586503.0136311788
4029130.321544957
4032434.337258342
4963795.887873284
4692624.501594307
4032434.337258342
4035241.492614638
7109812.5323774535
6923098.543088738
4035241.492614638
4036200.8845504317
6306904.473567379
6511263.176468896
6849560.20009608
4035853.8209796567
1885957.4052391385
2484756.218210023
4035853.8209796567
4036083.191477636
2269097.252424023
1591133.419493603
4036083.191477636
4036060.7897000923
4971275.267913863
4700553.623085573
4036060.7897000923
4034375.021083837
7114316.082959666
6927729.992016666
4034375.021083837
4031116.6675886344
6300065.581219763
6504650.420756091
4031116.6675886344
4028281.188345667
3484764.46183087
3842071.1863516523
4028281.188345667
4028072.601450883
1586503.0136311788
1880988.3473465983
4028072.601450883
4030687.889089808
3467019.233159827
3066346.482202751
4030687.889089808
4034039.514015852
6245013.425972615
6031648.733579674
4034039.514015852
4035965.307993569
7067892.791985578
7250883.634048573
4035965.307993569
4036112.8640559055
5069167.522315505
5321190.875404504
