4036013.2193715386
4035874.254498793
1395407.6840138647
2136404.1744186142
4035874.254498793
4036165.95994653
2960282.3344404055
2479097.3717013793
4036165.95994653
4035746.988331621
5834220.433866664
5605279.509251872
4035746.988331621
4033442.648728123
7206665.716439508
7218807.515029441
4033442.648728123
4030032.249385485
5552207.41773024
5783258.16679648
4030032.249385485
4027858.9798483397
2417116.2078813114
2908604.612264794
4027858.9798483397
4028681.0869744527
2133557.7708248333
1390964.972204683
4028681.0869744527
4031806.8004190596
4437170.803737589
4131616.9351035333
4031806.8004190596
4034878.0719994116
6855956.442992523
6662147.427835249
4034878.0719994116
4036147.2498670258
6639000.000718434
6833453.826140017
4036147.2498670258
4036013.2193715386
4082759.8050229684
4391689.718025804
5840440.072557913
4036018.448148369
2136404.1744186142
1395408.726052458
4036018.448148369
4036153.6038621096
4444243.446871684
4139233.012649249
4036153.6038621096
4034836.0148942624
6861594.422188038
6667956.868837054
4034836.0148942624
4031732.7206978966
6633089.809891489
6827720.276944098
4031732.7206978966
4028642.9964550408
4075189.2474063206
4384675.112695918
4028642.9964550408
4027882.9654332413
1390964.972204683
2133557.746285584
4027882.9654332413
4030076.111352716
2955503.463818448
2473346.69166103
4030076.111352716
4033501.706020147
5826733.132360738
5597475.084300023
4033501.706020147
4035767.606302167
7208907.6110082315
7216709.797348363
4035767.606302167
4036175.73596512
5560038.810189254
5790765.62682083
4036175.73596512
4035860.193809342
2422786.0573653113
2913281.1656561024
5734336.483172825
4035873.7323468253
1395408.726052458
2136404.1114077135
4035873.7323468253
4036166.614570602
2960280.610202039
2479096.9882027293
4036166.614570602
4035747.026422037
5834220.487025942
5605279.469480452
4035747.026422037
4033443.006843618
7206665.190756137
7218807.239717283
4033443.006843618
4030032.656177413
5552207.966159381
5783258.082389021
4030032.656177413
4027858.213307547
2417115.3772231657
2908603.9171729903
4027858.213307547
4028680.6930557285
2133557.746285584
1390964.4176483273
4028680.6930557285
4031807.6350976313
4437170.3508428605
4131616.1282241056
4031807.6350976313
4034878.968170398
6855955.729224236
6662147.769806043
4034878.968170398
4036146.3831513016
6638998.606202988
6833453.740613936
4036146.3831513016
4036012.988639026
4082759.9597787117
4391690.692562424
4020059.746877701
4036018.4304987034
2136404.1114077135
1395408.1433160738
4036018.4304987034
4036155.661552939
4444244.171409068
4139233.852766362
4036155.661552939
4034836.1113208607
6861595.099954313
6667957.874790221
4034836.1113208607
4031731.8608687725
6633089.110058151
6827719.319097706
4031731.8608687725
4028642.520142164
4075189.4684408386
4384674.833820751
4028642.520142164
4027882.5984375733
1390964.4176483273
2133556.653462696
4027882.5984375733
4030074.8367349696
2955504.0723275477
2473347.600640432
4030074.8367349696
4033502.3705960535
5826732.297182574
5597473.77094171
4033502.3705960535
4035767.8720112857
7208908.487405714
7216709.609018094
4035767.8720112857
4036176.7502129218
5560038.879818544
5790765.677750209
4036176.7502129218
4035858.713980737
2422785.4654258816
2913279.8479574583
5278235.694998777
4035874.307543662
1395408.1433160738
2136403.8963284483
4035874.307543662
4036165.255807119
2960281.8400562652
2479096.8479293585
4036165.255807119
4035747.9636714254
5834220.112752878
5605277.810945121
4035747.9636714254
4033443.384987093
7206665.450893306
7218806.0819831565
4033443.384987093
4030031.889917405
5552207.0176957995
5783256.579926515
4030031.889917405
4027858.065559182
2417115.8617301593
2908603.923712833
4027858.065559182
4028681.2242511157
2133556.653462696
1390965.0091085706
4028681.2242511157
4031807.1976988614
4437170.261870488
4131616.5045489157
4031807.1976988614
4034879.1844834867
6855955.784236978
6662146.3741267845
4034879.1844834867
4036146.1966925478
6638998.531960475
6833452.186337239
4036146.1966925478
4036013.0392239816
4082758.89145349
4391689.565485941
5204899.757117143
4036019.0687801978
2136403.8963284483
1395407.6840138647
4036019.0687801978
4036153.95326892
4444243.149729326
4139234.4285007697
4036153.95326892
4034835.76592526
6861592.8720096415
6667957.083324743
4034835.76592526
4031733.6138507896
6633088.482031757
6827719.870903606
4031733.6138507896
4028642.041832561
4075188.5256625647
4384675.1398856575
4028642.041832561
4027883.0124064786
1390965.0091085706
2133557.7708248333
4027883.0124064786
4030075.9181269156
2955503.040060646
2473347.010276055
4030075.9181269156
4033502.5287202545
5826732.2687333645
5597475.061668101
4033502.5287202545
4035767.236967131
7208906.728181773
7216710.159704232
4035767.236967131
4036177.1605530246
5560037.926966228
5790766.478175633
4036177.1605530246
4035858.574317478
2422785.1074677915
2913280.1865381002
