4035399.6992612686
4036204.890862033
6141270.292734624
6350950.607381387
4036204.890862033
4035914.3584714015
3227677.027347314
3610471.77484423
4035914.3584714015
4035937.1783856316
1766527.315919393
1688825.2034598081
4035937.1783856316
4036201.7137327036
3708872.86148419
3337376.783277315
4036201.7137327036
4035342.77986776
6418792.04500833
6211397.071929772
4035342.77986776
4032579.0607149815
6979132.36131677
7164386.362080764
4032579.0607149815
4029254.649253348
4831018.862748205
5094837.031592825
4029254.649253348
4027774.532025455
1684090.6946707824
2335273.239959051
4027774.532025455
4029349.9564885
2391854.3919145204
1761700.9909386581
4029349.9564885
4032689.7348856307
5186412.003410574
4927491.844735463
4032689.7348856307
4035399.6992612686
7200368.942121095
7016061.34847964
8775030.8056277
4036100.8055616505
4838981.378487636
5102372.006198304
4036100.8055616505
4035851.6014060155
1688825.2034598081
2338641.6180433207
4035851.6014060155
4036110.4210813264
2395364.4431287097
1766527.8351358138
4036110.4210813264
4035989.789756589
5193979.311923268
4935474.484050574
4035989.789756589
4034171.438668757
7204313.55886209
7020113.335379663
4034171.438668757
4030842.2125604493
6134105.175723175
6344031.223978432
4030842.2125604493
4028139.483741897
3220972.202811181
3604506.5037195454
4028139.483741897
4028207.0686531384
1761700.9909386581
1684092.2314253792
4028207.0686531384
4030954.6858969075
3702747.6499634995
3330538.124456699
4030954.6858969075
4034264.3040937562
6411989.381495714
6204358.918820132
4034264.3040937562
4036016.316030847
6983425.319856186
7168565.500391075
12523664.35813552
4036203.380176257
6141269.1725643985
6350949.945495943
4036203.380176257
4035914.369400897
3227676.2730909083
3610471.4169252194
4035914.369400897
4035937.9334077467
1766527.8351358138
1688825.905698255
4035937.9334077467
4036200.9315121286
3708873.4105022587
3337376.8033735906
4036200.9315121286
4035342.1364308055
6418790.967417474
6211397.446934493
4035342.1364308055
4032580.3137336895
6979131.715037337
7164386.509181223
4032580.3137336895
4029252.953842704
4831017.072524096
5094835.908696496
4029252.953842704
4027774.9663319
1684092.2314253792
2335274.410493671
4027774.9663319
4029349.654374603
2391853.539242363
1761700.3257789228
4029349.654374603
4032688.4207909605
5186411.692724304
4927491.996609016
4032688.4207909605
4035402.329135268
7200368.11283603
7016060.838875337
13701493.196786104
4036099.8654926377
4838981.321803609
5102372.272962878
4036099.8654926377
4035852.2014518157
1688825.905698255
2338643.9898078092
4035852.2014518157
4036110.4654202666
2395364.4206932727
1766526.2814265247
4036110.4654202666
4035990.925049944
5193978.832731758
4935472.99683534
4035990.925049944
4034170.0244330345
7204314.643698295
7020114.876605803
4034170.0244330345
4030842.595358921
6134105.275935639
6344031.816057523
4030842.595358921
4028139.360448758
3220971.310878206
3604505.445446365
4028139.360448758
4028206.2875757082
1761700.3257789228
1684092.4349498493
4028206.2875757082
4030955.810807622
3702748.1676732013
3330537.8686734857
4030955.810807622
4034264.487821181
6411989.493044188
6204358.6525731655
4034264.487821181
4036015.3909368394
6983424.764027828
7168565.423928783
12321293.117182747
4036203.692020077
6141269.550514431
6350948.228586318
4036203.692020077
4035915.343298628
3227676.8334586015
3610470.5740764984
4035915.343298628
4035937.370953374
1766526.2814265247
1688825.4492178136
4035937.370953374
4036200.2614638703
3708872.5508732055
3337377.2813135134
4036200.2614638703
4035344.1545176352
6418791.4037079755
6211395.323396915
4035344.1545176352
4032579.3081693957
6979131.120517555
7164384.412623231
4032579.3081693957
4029252.607089434
4831017.402569394
5094834.071170912
4029252.607089434
4027775.416563264
1684092.4349498493
2335274.4044639193
4027775.416563264
4029349.5403170963
2391853.542682687
1761700.4733365483
4029349.5403170963
4032688.0878397897
5186410.769521996
4927491.168302226
4032688.0878397897
4035402.602115331
7200368.093083912
7016059.440814828
8365081.416573061
4036099.547144422
4838979.772326016
5102372.2331375275
4036099.547144422
4035852.2973785694
1688825.4492178136
2338642.8319167695
4035852.2973785694
4036110.856104631
2395364.7645166893
1766527.315919393
4036110.856104631
4035989.8433767087
5193979.326846934
4935474.090753102
4035989.8433767087
4034171.7134099626
7204311.999954507
7020114.558865095
4034171.7134099626
4030842.051809029
6134103.353258269
6344031.579526864
4030842.051809029
4028139.017595629
3220971.44575285
3604506.671810465
4028139.017595629
4028206.9355799104
1761700.4733365483
1684090.6946707824
4028206.9355799104
4030955.3510685437
3702746.79401596
3330538.371695291
4030955.3510685437
4034264.973015236
6411988.540574379
6204359.232742557
4034264.973015236
4036015.5190696972
6983423.509539586
7168565.419246293
