4034987.4865045235
4036172.696235104
6556668.9549111985
6753489.581359665
4036172.696235104
4035984.2144571673
3927110.2196755037
4247366.473557983
4035984.2144571673
4035884.5707578277
1413916.453751423
2148542.894520079
4035884.5707578277
4036187.305514369
3092055.322411186
2635037.7386207334
4036187.305514369
4035680.8367679445
5950677.748949628
5726387.019746259
4035680.8367679445
4033281.283202489
7175678.727309606
7242333.614070961
4033281.283202489
4029877.1024815347
5425962.93954971
5662160.725566709
4029877.1024815347
4027836.879796955
2266057.3756165686
2784329.8320570504
4027836.879796955
4028795.237331685
2145663.5716996444
1409457.5732069877
4028795.237331685
4031960.830091413
4579872.454831759
4284497.305334052
4031960.830091413
4034987.4865045235
6930038.331899297
6738357.689432724
8930710.217786405
4036164.4403823405
5433863.648721661
5669720.854633995
4036164.4403823405
4035863.999991831
2271523.630259063
2788741.3333079503
4035863.999991831
4036035.912582373
2148542.894520079
1413916.2965872595
4036035.912582373
4036122.5667360113
4587079.917070288
4292220.668043652
4036122.5667360113
4034722.219711964
6935395.358733911
6743872.900924218
4034722.219711964
4031574.8624223336
6550487.348187423
6747495.1625440605
4031574.8624223336
4028525.0434459182
3919669.417246757
4240510.284237386
4028525.0434459182
4027930.289795411
1409457.5732069877
2145663.8409365583
4027930.289795411
4030242.97372483
3087013.836519252
2629080.2187242005
4030242.97372483
4033651.483548692
5943271.763342752
5718678.143936638
4033651.483548692
4035814.118391579
7178320.693700859
7240644.043403962
12655859.790912393
4036175.736108471
6556668.870517697
6753490.308193031
4036175.736108471
4035982.439656954
3927106.833992374
4247364.348222891
4035982.439656954
4035884.5707337507
1413916.2965872595
2148542.0379397036
4035884.5707337507
4036186.7679971387
3092054.9865693236
2635037.638178616
4036186.7679971387
4035681.836847229
5950676.545242815
5726387.264304326
4035681.836847229
4033280.7226659944
7175678.603145973
7242333.817273824
4033280.7226659944
4029878.427950782
5425962.684547341
5662161.428417403
4029878.427950782
4027835.894996208
2266056.249511362
2784329.4897029013
4027835.894996208
4028796.0033949777
2145663.8409365583
1409456.68617022
4028796.0033949777
4031961.140755095
4579872.754255217
4284498.230912699
4031961.140755095
4034985.0353955384
6930037.896186896
6738358.033350485
14098633.746128267
4036164.037273893
5433864.369588733
5669720.897634807
4036164.037273893
4035863.3974181605
2271523.5806098157
2788742.405709415
4035863.3974181605
4036037.7356301206
2148542.0379397036
1413914.497132396
4036037.7356301206
4036123.373795249
4587080.969548278
4292222.393852051
4036123.373795249
4034720.0926431883
6935397.08944849
6743873.06181076
4034720.0926431883
4031575.6367807016
6550488.374792812
6747495.934001126
4031575.6367807016
4028526.3578818473
3919670.03713947
4240510.503366093
4028526.3578818473
4027929.8912192476
1409456.68617022
2145663.229914988
4027929.8912192476
4030242.1943930387
3087014.4005198516
2629080.73158962
4030242.1943930387
4033651.9999968777
5943271.209937481
5718679.329340801
4033651.9999968777
4035813.861501894
7178320.000579952
7240644.61732478
12455627.578565447
4036175.627832057
6556668.8519632695
6753487.917121391
4036175.627832057
4035982.7093395847
3927107.8757845247
4247362.967675936
4035982.7093395847
4035883.243443245
1413914.497132396
2148543.1028442346
4035883.243443245
4036188.648022611
3092055.4958353653
2635035.876426798
4036188.648022611
4035680.9488974265
5950677.368260697
5726386.393284779
4035680.9488974265
4033279.4721084186
7175678.520422789
7242332.5737778125
4033279.4721084186
4029878.676782741
5425963.229168913
5662160.4598358115
4029878.676782741
4027836.4553820677
2266056.5536115407
2784329.4527230235
4027836.4553820677
4028795.597860742
2145663.229914988
1409457.51235196
4028795.597860742
4031961.6791474777
4579872.872717463
4284496.596980032
4031961.6791474777
4034985.4138485743
6930038.727916055
6738356.821565468
8528210.176644295
4036163.871407331
5433862.129726437
5669721.767692679
4036163.871407331
4035864.5387163293
2271522.855174262
2788742.1102247424
4035864.5387163293
4036035.5819562864
2148543.1028442346
1413916.453751423
4036035.5819562864
4036122.2816014728
4587078.381340348
4292221.721804796
4036122.2816014728
4034722.152050071
6935394.626351259
6743873.644298929
4034722.152050071
4031575.9730799277
6550486.700638356
6747496.319423904
4031575.9730799277
4028524.895501287
3919668.700882931
4240510.503897491
4028524.895501287
4027930.169963228
1409457.51235196
2145663.5716996444
4027930.169963228
4030243.111865237
3087013.6860268167
2629080.297994588
4030243.111865237
4033650.4434409738
5943269.863264995
5718679.327784396
4033650.4434409738
4035814.7972914805
7178318.900632977
7240644.260425564
