4036140.3892599586
4035855.9198171026
2008594.6150009418
2579076.3905673977
4035855.9198171026
4036055.0756985038
2215296.8390423157
1513424.5173240183
4036055.0756985038
4036089.4438093477
4844388.767642372
4566160.117204447
4036089.4438093477
4034501.6943321708
7058448.746242072
6870349.02493201
4034501.6943321708
4031270.1910798247
6387548.199051406
6589419.548428089
4031270.1910798247
4028350.8039737437
3631159.815298382
3975337.5648718933
4028350.8039737437
4028025.8356641694
1508871.4389613764
2003469.401501298
4028025.8356641694
4030537.3719277224
3337601.322575911
2919227.965443791
4030537.3719277224
4033913.1511058486
6147257.297755105
5930380.750928097
4033913.1511058486
4035907.7296297722
7109090.930686244
7270983.476044785
4035907.7296297722
4036140.3892599586
5193921.603840403
5440174.731706792
6440475.5717653865
4035903.183709131
1513424.5173240183
2008594.0630414614
4035903.183709131
4036198.8625563867
3343115.0643502525
2925563.698028553
4036198.8625563867
4035551.8719392023
6154459.156421358
5937855.402282181
4035551.8719392023
4032992.355252603
7105737.772929278
7271916.461156294
4032992.355252603
4029611.7504007285
5185946.593866453
5432576.83466684
4029611.7504007285
4027791.601212657
2003469.401501298
2575131.2753718803
4027791.601212657
4028999.562676286
2212241.9747842415
1508871.7716494852
4028999.562676286
4032282.330399818
4836982.241575836
4558283.216228698
4032282.330399818
4035169.389240722
7053646.628044272
6865410.4519703165
4035169.389240722
4036194.5298672994
6394180.547517393
6595841.788222022
4036194.5298672994
4035952.9548635934
3638322.3927930305
3981856.519848381
7779211.411679266
4035855.334601259
2008594.0630414614
2579077.361453062
4035855.334601259
4036055.5726524745
2215297.804622369
1513422.7004968429
4036055.5726524745
4036089.826410241
4844388.050797432
4566161.076290037
4036089.826410241
4034501.831711971
7058448.201801921
6870348.948953309
4034501.831711971
4031270.0342992716
6387547.949146798
6589419.298493153
4031270.0342992716
4028351.5412882715
3631159.418843299
3975336.460559565
4028351.5412882715
4028025.9813141744
1508871.7716494852
2003469.9083770653
4028025.9813141744
4030536.5185926706
3337602.9340084707
2919228.194336288
4030536.5185926706
4033914.746001258
6147256.466428366
5930379.887050363
4033914.746001258
4035906.9016590104
7109089.983043248
7270984.136545293
4035906.9016590104
4036139.9000378978
5193921.858153648
5440175.732012646
6755070.247297296
4035903.2384290267
1513422.7004968429
2008593.4017521986
4035903.2384290267
4036199.717156652
3343117.0533437897
2925565.0839025956
4036199.717156652
4035550.077955556
6154460.7791749975
5937857.082706655
4035550.077955556
4032991.8436309905
7105738.075669875
7271916.241895013
4032991.8436309905
4029612.2868277873
5185946.528297612
5432576.385234495
4029612.2868277873
4027790.8558974904
2003469.9083770653
2575132.3274612026
4027790.8558974904
4029000.177742804
2212240.6117157554
1508869.9746904036
4029000.177742804
4032283.1037520305
4836981.532877665
4558283.527296678
4032283.1037520305
4035167.865378612
7053646.830781361
6865410.606983617
4035167.865378612
4036196.2951469836
6394180.899144693
6595841.873827091
4036196.2951469836
4035952.265323835
3638321.919351478
3981855.482467223
7449309.801276246
4035856.8385757008
2008593.4017521986
2579076.321838699
4035856.8385757008
4036053.465483303
2215299.146428494
1513425.0266398543
4036053.465483303
4036090.4981668144
4844388.018761827
4566158.685479454
4036090.4981668144
4034501.730905383
7058448.236259377
6870347.576772139
4034501.730905383
4031269.71386391
6387547.591659388
6589417.941890527
4031269.71386391
4028351.9530198313
3631159.62017355
3975336.2888617637
4028351.9530198313
4028025.567881521
1508869.9746904036
2003469.0340836395
4028025.567881521
4030536.176186969
3337602.948618411
2919229.0519163455
4030536.176186969
4033914.873023684
6147256.531324365
5930378.554923494
4033914.873023684
4035906.627250104
7109089.750716181
7270982.582204051
4035906.627250104
4036139.9819045123
5193920.664324753
5440174.520194383
5870172.6834193785
4035902.1954552513
1513425.0266398543
2008594.6150009418
4035902.1954552513
4036198.8648836054
3343115.0771310534
2925565.153844093
4036198.8648836054
4035551.4650935885
6154457.625270294
5937856.398532308
4035551.4650935885
4032993.1734154983
7105736.761579024
7271917.065695076
4032993.1734154983
4029610.6627246346
5185945.319212993
5432575.791789012
4029610.6627246346
4027791.366543324
2003469.0340836395
2575131.708532176
4027791.366543324
4028999.5837250385
2212241.0096762106
1508871.4389613764
4028999.5837250385
4032283.39445305
4836980.9751573345
4558283.347998232
4032283.39445305
4035167.2839062694
7053645.458473438
6865410.802561479
4035167.2839062694
4036196.6328856475
6394180.107669054
6595842.796755319
4036196.6328856475
4035952.857368892
3638321.090750478
3981855.4098620713
