4035853.441902368
4036112.994419834
2411513.7055746233
1788370.0096575723
4036112.994419834
4035982.5177891897
5218316.923043556
4961077.082296929
4035982.5177891897
4034147.433582478
7213503.459951648
7029543.576607717
4034147.433582478
4030812.4404696766
6114953.5041346485
6325514.830804834
4030812.4404696766
4028139.335852911
3191612.478514747
3578293.0932533364
4028139.335852911
4028208.512329667
1783518.1636074316
1664435.052759297
4028208.512329667
4030984.190487809
3729143.658749829
3359857.838116169
4030984.190487809
4034288.246005739
6429871.175400414
6222835.895609721
4034288.246005739
4036037.373491216
6973205.255843847
7158608.209494898
4036037.373491216
4036081.441208911
4812895.937753527
5077637.655897586
4036081.441208911
4035853.441902368
1669150.0540358294
2324475.7196535068
5606987.665279596
4036202.4160979125
3735308.008220804
3366727.472432062
4036202.4160979125
4035325.6119349124
6436640.795362229
6229838.796152398
4035325.6119349124
4032560.808681714
6968846.538466039
7154367.981953291
4032560.808681714
4029218.696018032
4804940.605347749
5070113.3231655955
4029218.696018032
4027775.7510011885
1664435.052759297
2321141.9050585115
4027775.7510011885
4029372.0464974595
2407965.380892231
1783516.5768373166
4029372.0464974595
4032718.324002924
5210740.268630852
4953092.295046337
4032718.324002924
4035419.493551471
7209621.070724526
7025556.097055392
4035419.493551471
4036203.101135473
6122149.912733291
6332463.772471149
4036203.101135473
4035925.848505599
3198282.4982290496
3584216.1324729794
4035925.848505599
4035926.0432151984
1788370.0096575723
1669147.9097699353
2646020.1597462306
4036113.4130972303
2411514.7809931105
1788369.527339131
4036113.4130972303
4035982.629217365
5218316.333917623
4961077.853035149
4035982.629217365
4034147.372021666
7213503.141409575
7029543.237581979
4034147.372021666
4030812.7877578237
6114953.487978961
6325514.78008001
4030812.7877578237
4028139.8633147967
3191612.6001062435
3578293.76476519
4028139.8633147967
4028207.8059853567
1783516.5768373166
1664435.0639333492
4028207.8059853567
4030985.5965469354
3729142.6759661194
3359857.103777834
4030985.5965469354
4034287.036959289
6429872.44963284
6222836.659030605
4034287.036959289
4036036.9663151037
6973205.049419732
7158608.580563052
4036036.9663151037
4036082.370769352
4812896.229176265
5077637.40910007
4036082.370769352
4035852.5008956245
1669147.9097699353
2324475.4107148764
2339573.650204208
4036200.1210324164
3735310.3166078366
3366729.195233929
4036200.1210324164
4035327.104243324
6436640.3335517645
6229838.707746523
4035327.104243324
4032560.4557673093
6968846.472088192
7154368.0234225765
4032560.4557673093
4029218.443350642
4804941.436448692
5070113.307798246
4029218.443350642
4027776.474185672
1664435.0639333492
2321142.060880982
4027776.474185672
4029371.2835745774
2407966.014422786
1783517.4343101033
4029371.2835745774
4032719.675037394
5210740.047812318
4953091.977329988
4032719.675037394
4035418.4509769804
7209620.782082701
7025556.240255725
4035418.4509769804
4036202.5053672222
6122149.450229036
6332463.153119581
4036202.5053672222
4035926.517334991
3198283.209479318
3584216.641932934
4035926.517334991
4035927.350859945
1788369.527339131
1669148.0901040318
1406972.8594262
4036112.352961499
2411515.6897318554
1788371.681037163
4036112.352961499
4035983.567888767
5218316.507974856
4961075.866068549
4035983.567888767
4034148.0650195614
7213503.093762698
7029542.364008075
4034148.0650195614
4030811.534288197
6114952.519266094
6325512.45752734
4030811.534288197
4028139.8002276164
3191612.188759257
3578293.354698372
4028139.8002276164
4028207.558367167
1783517.4343101033
1664435.0324048398
4028207.558367167
4030985.8560123006
3729143.10940698
3359856.165095934
4030985.8560123006
4034286.991560838
6429871.918912669
6222836.304592118
4034286.991560838
4036036.8148957207
6973204.751860833
7158607.107031989
4036036.8148957207
4036081.8832428544
4812896.185600068
5077636.709287387
4036081.8832428544
4035853.534090802
1669148.0901040318
2324474.3752004853
4941552.042031087
4036202.4103964497
3735307.918956854
3366728.6281532743
4036202.4103964497
4035325.617293215
6436639.110315378
6229839.549504063
4035325.617293215
4032561.7866360364
6968845.483114169
7154367.8813454285
4032561.7866360364
4029217.995398791
4804939.310925321
5070113.665621755
4029217.995398791
4027775.8374363077
1664435.0324048398
2321140.6192951575
4027775.8374363077
4029371.2927873707
2407965.5113761816
1783518.1636074316
4029371.2927873707
4032720.1486244756
5210739.521392081
4953091.657146944
4032720.1486244756
4035418.7914102934
7209620.164960025
7025556.737659464
4035418.7914102934
4036202.0094101382
6122147.945315097
6332463.363046075
4036202.0094101382
4035926.7334773736
3198282.936445459
3584216.7657489646
4035926.7334773736
4035925.6249195277
1788371.681037163
1669150.0540358294
