4035084.220634717
4036187.5653184233
6473710.531812337
6672972.157919327
4036187.5653184233
4035965.6699802806
3776876.0448147072
4108850.359310269
4035965.6699802806
4035894.632843817
1455926.7022453002
2131572.1910456363
4035894.632843817
4036193.4166304423
3221791.232833196
2786127.311802251
4036193.4166304423
4035616.233422976
6058623.916168773
5838473.5276786545
4035616.233422976
4033130.826778284
7141284.849142858
7259956.948186956
4033130.826778284
4029736.6187884454
5302050.739154115
5543522.748435207
4029736.6187884454
4027811.3332416886
2126291.080122491
2671807.577213166
4027811.3332416886
4028907.1768148635
2173467.204095121
1451430.40801034
4028907.1768148635
4032119.5779929985
4714853.0624903925
4428480.376554076
4032119.5779929985
4035084.220634717
6996529.618021845
6806718.244174905
8903435.082988208
4036152.8048761846
5309997.409907501
5551113.562469063
4036152.8048761846
4035859.6996412403
2131572.1910456363
2675971.8671361427
4035859.6996412403
4036052.345592368
2176421.4476385745
1455926.6993808981
4036052.345592368
4036100.140354869
4722170.754484722
4436290.313355701
4036100.140354869
4034609.5631217994
7001603.643990095
6811938.258770999
4034609.5631217994
4031415.061981544
6467284.6183567885
6666746.924166103
4031415.061981544
4028430.7398916166
3769577.1484502535
4102165.270347071
4028430.7398916166
4027978.346881639
1451430.40801034
2126290.273187017
4027978.346881639
4030394.2338183788
3216500.5956071704
2779970.603975202
4030394.2338183788
4033789.6062752786
6051314.426295666
5830878.216551763
4033789.6062752786
4035865.2864345717
7144301.212838727
7258660.230374018
12641881.39044204
4036186.99626135
6473710.570841109
6672973.0420593945
4036186.99626135
4035966.3911379525
3776877.6604930107
4108850.8500686698
4035966.3911379525
4035893.766206525
1455926.6993808981
2131572.4071621182
4035893.766206525
4036193.979659272
3221790.5979994554
2786126.845078638
4036193.979659272
4035615.7833344266
6058623.260223955
5838474.222126996
4035615.7833344266
4033132.1096416106
7141285.301779308
7259956.520923894
4033132.1096416106
4029735.792452353
5302048.804483573
5543522.521686264
4029735.792452353
4027811.0041979803
2126290.273187017
2671807.1976604266
4027811.0041979803
4028907.6063234485
2173467.633326732
1451430.0674572971
4028907.6063234485
4032121.639988742
4714852.226600423
4428480.319029444
4032121.639988742
4035083.0706688156
6996529.748658496
6806718.354024072
14029332.462257273
4036151.7948935246
5309997.802010875
5551112.444404199
4036151.7948935246
4035858.7693633433
2131572.4071621182
2675972.1375076245
4035858.7693633433
4036052.941717018
2176420.261365452
1455925.6274695576
4036052.941717018
4036100.474706515
4722170.977077823
4436290.868004733
4036100.474706515
4034608.2090220395
7001603.663380041
6811938.687880393
4034608.2090220395
4031416.702196911
6467285.983397506
6666747.518016445
4031416.702196911
4028430.946630059
3769576.640426005
4102165.667604232
4028430.946630059
4027978.0336170453
1451430.0674572971
2126289.939681146
4027978.0336170453
4030394.5792742316
3216500.7773398766
2779970.7160484847
4030394.5792742316
4033790.7244924754
6051314.887568841
5830878.964390272
4033790.7244924754
4035865.0687309396
7144301.348932209
7258660.263464835
12441425.374624308
4036186.6683550375
6473709.787234943
6672971.980577748
4036186.6683550375
4035966.9156374955
3776877.6874460154
4108851.8163673244
4035966.9156374955
4035894.2194155916
1455925.6274695576
2131572.912717662
4035894.2194155916
4036193.7405917123
3221791.6008047885
2786126.738567019
4036193.7405917123
4035615.895769586
6058623.59404494
5838473.000419873
4035615.895769586
4033130.8156554904
7141284.488361625
7259955.212722164
4033130.8156554904
4029737.3214568486
5302049.856843546
5543521.81427076
4029737.3214568486
4027810.355994499
2126289.939681146
2671805.7004607916
4027810.355994499
4028908.2449510437
2173467.421262559
1451430.7892831129
4028908.2449510437
4032120.809697411
4714853.134532616
4428480.127366989
4032120.809697411
4035083.4525792105
6996529.781917026
6806716.815029318
8499651.280115804
4036151.892414257
5309997.214847313
5551112.881455149
4036151.892414257
4035859.7681047237
2131572.912717662
2675972.0245558554
4035859.7681047237
4036052.74547228
2176421.0813258095
1455926.7022453002
4036052.74547228
4036099.843878978
4722170.190127851
4436291.093318595
4036099.843878978
4034609.0562696396
7001602.256743468
6811939.077911329
4034609.0562696396
4031415.2799554104
6467284.218453968
6666748.254853043
4031415.2799554104
4028431.3551810845
3769575.828801297
4102165.114288406
4028431.3551810845
4027978.434217006
1451430.7892831129
2126291.080122491
4027978.434217006
4030394.4767009933
3216500.82314521
2779971.1642434634
4030394.4767009933
4033790.303507608
6051313.724348146
5830879.254968593
4033790.303507608
4035865.165709787
7144300.08027322
7258661.261929169
