4035963.8252227465
4036126.797664021
5074192.237656385
5325977.047067972
4036126.797664021
4035840.0087977774
1890682.483668943
2488340.2058477527
4035840.0087977774
4036083.6370097357
2266709.2736906763
1587728.9423930135
4036083.6370097357
4036061.0223897677
4966254.269745429
4695243.977531533
4036061.0223897677
4034391.8161379434
7112166.340452404
6925521.975673364
4034391.8161379434
4031111.1971529094
6303618.2595874285
6508088.760591361
4031111.1971529094
4028285.0082286103
3490613.0234328266
3847376.875522493
4028285.0082286103
4028083.2446799604
1583101.2458797349
1885708.862616125
4028083.2446799604
4030679.5185426786
3461841.8466796507
3060487.5580686233
4030679.5185426786
4034021.813866339
6241187.344639675
6027685.577338146
4034021.813866339
4035963.8252227465
7069618.227522772
7252565.314128002
8249896.63800843
4035950.9258084977
3497626.7106297994
3853715.269696196
4035950.9258084977
4035913.2405561996
1587728.9423930135
1890682.1449851852
4035913.2405561996
4036202.220209945
3467571.6885294886
3067000.096547276
4036202.220209945
4035470.7812684863
6248266.252669715
6035025.083319823
4035470.7812684863
4032864.6666674176
7065933.680724767
7248976.943632649
4032864.6666674176
4029483.5994160124
5066206.5663067615
5318382.991938774
4029483.5994160124
4027768.064686
1885708.862616125
2484608.6271171374
4027768.064686
4029125.8825004715
2263520.385458098
1583101.7582055388
4029125.8825004715
4032426.9013528344
4958776.11793648
4687316.498385467
4032426.9013528344
4035254.2891620304
7107649.22171029
6920879.451642295
4035254.2891620304
4036187.318657164
6310447.265196939
6514695.274110509
11749055.516193135
4036126.1396049424
5074191.617225029
5325976.156828093
4036126.1396049424
4035841.1774475724
1890682.1449851852
2488341.5676287226
4035841.1774475724
4036083.7960360395
2266710.8285493073
1587728.7145426285
4036083.7960360395
4036061.072235938
4966253.586644933
4695244.047766054
4036061.072235938
4034392.275210039
7112166.10358362
6925522.828673664
4034392.275210039
4031111.4023704277
6303617.902949538
6508088.388237157
4031111.4023704277
4028283.953245321
3490611.8601599596
3847376.2248719623
4028283.953245321
4028083.312085864
1583101.7582055388
1885709.0724025487
4028083.312085864
4030681.6784410393
3461840.3897006772
3060486.828972524
4030681.6784410393
4034021.648365284
6241188.204928905
6027686.116645106
4034021.648365284
4035961.858588717
7069617.853887191
7252564.26096152
12326879.689344795
4035951.8115697703
3497626.5624930505
3853716.8876789142
4035951.8115697703
4035912.977072668
1587728.7145426285
1890682.1876365237
4035912.977072668
4036203.471994269
3467572.361180464
3067001.1930433162
4036203.471994269
4035471.0889873384
6248267.291099585
6035025.53023272
4035471.0889873384
4032862.674628796
7065932.91041702
7248976.256840539
4032862.674628796
4029484.289913479
5066206.940810579
5318384.319936617
4029484.289913479
4027768.2048500236
1885709.0724025487
2484609.1555883405
4027768.2048500236
4029126.6595424074
2263520.555456367
1583101.3072751476
4029126.6595424074
4032426.633416822
4958776.241010508
4687316.666869916
4032426.633416822
4035254.0973216104
7107648.771260765
6920878.63591648
4035254.0973216104
4036186.580852212
6310446.675964803
6514695.27042604
11533137.06738884
4036126.0363110374
5074192.365720345
5325975.277351625
4036126.0363110374
4035841.283586848
1890682.1876365237
2488340.3271005694
4035841.283586848
4036083.8208832266
2266710.690933209
1587730.020307776
4036083.8208832266
4036061.6243423945
4966254.171879974
4695243.370788782
4036061.6243423945
4034390.774482285
7112166.279202885
6925521.39591612
4034390.774482285
4031111.733876106
6303618.247426362
6508087.697795588
4031111.733876106
4028284.273783125
3490612.3474815297
3847375.344334393
4028284.273783125
4028082.9996998766
1583101.3072751476
1885708.2413499923
4028082.9996998766
4030682.2027217173
3461840.601009811
3060485.4953800784
4030682.2027217173
4034020.850504308
6241187.7537191035
6027685.3785582
4034020.850504308
4035962.283473546
7069617.869662157
7252563.988464616
7812543.935145197
4035952.0469609187
3497625.8040378797
3853716.421676828
4035952.0469609187
4035912.950933978
1587730.020307776
1890682.483668943
4035912.950933978
4036202.154999508
3467571.113721647
3067001.166147452
4036202.154999508
4035470.8737105858
6248265.720812053
6035025.914502043
4035470.8737105858
4032864.2907309714
7065932.26476099
7248976.778006986
4032864.2907309714
4029484.086083569
5066205.333926315
5318383.44697144
4029484.086083569
4027767.60556879
1885708.2413499923
2484608.576036425
4027767.60556879
4029126.331514381
2263520.7978322594
1583101.2458797349
4029126.331514381
4032425.8574846573
4958775.330191162
4687317.140530501
4032425.8574846573
4035254.202504255
7107647.6756175365
6920879.237487877
4035254.202504255
4036187.4987116866
6310446.484821579
6514695.522700299
