4036185.7946892525
4035881.3924344447
2606318.787778829
3067615.7658399027
4035881.3924344447
4035985.564982049
2145004.5347033725
1408534.0312889365
4035985.564982049
4036173.765420741
4273824.311968396
3955708.434369551
4036173.765420741
4034963.341578079
6768450.660031909
6572076.14094875
4034963.341578079
4031944.272275966
6724774.697970076
6916830.644243894
4031944.272275966
4028761.285377783
4256687.533838141
4553863.817371217
4028761.285377783
4027841.019118489
1404078.8865280482
2142133.576717133
4027841.019118489
4029908.7515238947
2806597.640487021
2293360.1769795804
4029908.7515238947
4033319.8907952756
5684551.6741235135
5449320.405527346
4033319.8907952756
4035682.787528323
7238414.694640961
7181732.17706387
4035682.787528323
4036185.7946892525
5704517.395228243
5929636.744817437
6813796.565660303
4035865.484810693
1408534.0312889365
2145004.768111374
4035865.484810693
4036165.5593682057
2811061.895324067
2298868.286601529
4036165.5593682057
4035815.910834194
5692105.4057017425
5457213.537485196
4035815.910834194
4033609.5775210136
7236652.497096141
7184304.180976927
4033609.5775210136
4030215.590403043
5696795.88988316
5922218.522619881
4030215.590403043
4027917.66312262
2600402.4275566763
3062626.4110625195
4027917.66312262
4028544.4561940012
2142133.576717133
1404078.6790094888
4028544.4561940012
4031609.76891726
4266933.630585682
3948239.8977768165
4031609.76891726
4034741.6594797596
6762499.175240464
6565939.636076684
4034741.6594797596
4036142.9267519712
6730342.005478317
6922237.81876412
4036142.9267519712
4036019.5733880396
4264388.5778041165
4561042.283144777
8772171.083554842
4035881.907623173
2606317.9093922065
3067615.5738935443
4035881.907623173
4035985.190009602
2145004.768111374
1408534.7471544675
4035985.190009602
4036174.2518406045
4273823.772462123
3955709.173852095
4036174.2518406045
4034963.9347226433
6768450.556752368
6572076.262241665
4034963.9347226433
4031944.1319968165
6724774.124639731
6916830.500383455
4031944.1319968165
4028761.9976904504
4256687.805453577
4553863.403120023
4028761.9976904504
4027840.1583894696
1404078.6790094888
2142133.733955491
4027840.1583894696
4029907.783049403
2806596.705625769
2293359.286537103
4029907.783049403
4033322.1606336655
5684550.0999888955
5449320.779529143
4033322.1606336655
4035679.996178615
7238414.182127635
7181732.463915673
4035679.996178615
4036187.0223930087
5704518.051955009
5929636.831438737
8088276.514085355
4035866.1047729854
1408534.7471544675
2145005.7578642634
4035866.1047729854
4036165.1660286016
2811062.2314408068
2298867.551687495
4036165.1660286016
4035815.90005627
5692105.873529198
5457214.027006791
4035815.90005627
4033608.1967478883
7236652.783058991
7184303.4044251
4033608.1967478883
4030217.1146815326
5696796.240844726
5922218.595935672
4030217.1146815326
4027918.0286589745
2600402.048069737
3062626.1197870844
4027918.0286589745
4028543.859448163
2142133.733955491
1404078.8707855544
4028543.859448163
4031610.567045537
4266933.680155437
3948239.1454693247
4031610.567045537
4034742.479595083
6762499.929947753
6565940.879941037
4034742.479595083
4036140.888026502
6730341.176562385
6922237.037169074
4036140.888026502
4036019.830045522
4264388.6967164
4561043.119377065
8480944.432130048
4035882.0904199416
2606317.860434543
3067614.5071629407
4035882.0904199416
4035984.6600079224
2145005.7578642634
1408535.251704896
4035984.6600079224
4036175.239826
4273823.645615004
3955707.766560364
4036175.239826
4034962.9495074567
6768450.504139455
6572075.678946086
4034962.9495074567
4031943.6605263627
6724774.257873992
6916828.569924318
4031943.6605263627
4028761.792172773
4256687.629342419
4553863.045628851
4028761.792172773
4027840.9089183793
1404078.8707855544
2142133.8018159457
4027840.9089183793
4029907.6277646474
2806597.7096928954
2293359.4985039756
4029907.6277646474
4033322.2552297227
5684550.260294402
5449318.808396235
4033322.2552297227
4035679.891115196
7238414.445969221
7181731.13102205
4035679.891115196
4036187.097110627
5704518.725482989
5929636.414047195
6277441.587642415
4035866.3697769674
1408535.251704896
2145004.5347033725
4035866.3697769674
4036165.1300690696
2811062.3731658347
2298868.6385456235
4036165.1300690696
4035816.282627558
5692104.26296213
5457213.981138058
4035816.282627558
4033609.393735407
7236651.020486691
7184304.5857830215
4033609.393735407
4030215.79245488
5696794.550145176
5922218.062140956
4030215.79245488
4027917.482005543
2600401.8835968412
3062626.093944909
4027917.482005543
4028544.174483251
2142133.8018159457
1404078.8865280482
4028544.174483251
4031610.785224088
4266933.23124472
3948240.187862396
4031610.785224088
4034742.1727957567
6762498.369646194
6565940.97525844
4034742.1727957567
4036140.4449934205
6730340.057633153
6922237.167418845
4036140.4449934205
4036020.227638604
4264388.730130725
4561043.366778911
