4035334.8833683287
4036203.2320750942
6219611.286757309
6426741.5593428025
4036203.2320750942
4035926.894401551
3350425.272661769
3720618.100589605
4035926.894401551
4035925.3340931386
1680020.9629430037
1776181.3284944862
4035925.3340931386
4036202.8058096496
3598797.0220428193
3214613.3764838316
4036202.8058096496
4035407.8036778895
6342750.975825522
6132790.316622419
4035407.8036778895
4032704.879611566
7020304.1527458
7204502.946079222
4032704.879611566
4029356.403445651
4938884.598910044
5197235.722101335
4029356.403445651
4027775.1210145433
1771345.9614612185
2398962.1929593063
4027775.1210145433
4029246.2135042897
2328941.4159842287
1675295.5238314578
4029246.2135042897
4032564.1805199264
5083860.840258551
4819441.192236385
4032564.1805199264
4035334.8833683287
7159951.945736771
6974578.851079264
8807581.165804079
4036112.128980544
4946865.536075061
5204805.553452267
4036112.128980544
4035852.1083210004
1776181.3284944862
2402489.351628119
4035852.1083210004
4036098.400444671
2332295.026547282
1680021.445779153
4036098.400444671
4036018.813453472
5091393.991302557
4827403.766343115
4036018.813453472
4034273.114398607
7164160.77980257
6978903.848695655
4034273.114398607
4030967.087843724
6212591.6603589365
6419956.866684663
4030967.087843724
4028198.2368664374
3343575.4485569787
3714479.7694208976
4028198.2368664374
4028148.485905598
1675295.5238314578
1771346.8051626352
4028148.485905598
4030830.110525095
3592846.0578283635
3207918.016194655
4030830.110525095
4034162.66824921
6335814.502549431
6125608.146668217
4034162.66824921
4035986.5243832986
7024324.158521729
7208416.567638943
12559087.71700138
4036202.6697284225
6219610.532915849
6426741.466783381
4036202.6697284225
4035925.658809941
3350423.6169655565
3720618.1753362133
4035925.658809941
4035926.331109029
1680021.445779153
1776180.8999676455
4035926.331109029
4036202.4883588753
3598796.4860993503
3214613.626068837
4036202.4883588753
4035408.232749391
6342749.675122442
6132789.980772933
4035408.232749391
4032704.25125137
7020303.811781964
7204502.839826751
4032704.25125137
4029356.3707575053
4938885.602728758
5197236.205556487
4029356.3707575053
4027775.402531736
1771346.8051626352
2398963.36053154
4027775.402531736
4029246.537267981
2328940.877391548
1675294.62768692
4029246.537267981
4032564.021057032
5083859.260892013
4819441.279694135
4032564.021057032
4035336.4272806617
7159951.56856278
6974579.112290793
13784861.678496918
4036112.773807317
4946865.775075731
5204806.339662553
4036112.773807317
4035851.7140660384
1776180.8999676455
2402487.9478556053
4035851.7140660384
4036097.4957756186
2332295.418060888
1680022.2631972488
4036097.4957756186
4036019.411775942
5091393.454231609
4827404.090871125
4036019.411775942
4034272.439006432
7164161.312214926
6978904.680548395
4034272.439006432
4030970.1563170017
6212592.031422847
6419957.768678203
4030970.1563170017
4028196.9822750106
3343574.425012736
3714478.4649499794
4028196.9822750106
4028149.678756341
1675294.62768692
1771345.8001375678
4028149.678756341
4030828.039218656
3592847.8644322343
3207918.785232413
4030828.039218656
4034163.944586265
6335814.914771999
6125607.345881455
4034163.944586265
4035986.42782369
7024324.81760955
7208416.522047071
12357293.910764262
4036202.6745891096
6219610.678483471
6426740.461378181
4036202.6745891096
4035924.8249085946
3350423.5704437527
3720616.2885737508
4035924.8249085946
4035927.3296253504
1680022.2631972488
1776181.0854988154
4035927.3296253504
4036201.4665331393
3598797.1972048176
3214613.071324193
4036201.4665331393
4035408.646446971
6342750.735193131
6132787.710446501
4035408.646446971
4032704.800549343
7020304.149747501
7204501.4200825235
4032704.800549343
4029356.6349085006
4938884.463930315
5197235.83809099
4029356.6349085006
4027775.439998048
1771345.8001375678
2398962.7953891866
4027775.439998048
4029246.4624310145
2328942.034044878
1675295.4531009877
4029246.4624310145
4032563.5210583555
5083859.954179993
4819440.272408246
4032563.5210583555
4035335.938478194
7159951.021085296
6974577.549337401
8399211.80223568
4036113.015099169
4946865.15035384
5204806.169566461
4036113.015099169
4035851.9216082687
1776181.0854988154
2402489.4628833313
4035851.9216082687
4036098.590685919
2332295.359441625
1680020.9629430037
4036098.590685919
4036018.283768295
5091392.821660629
4827404.714762084
4036018.283768295
4034273.36357654
7164159.085208145
6978904.8107900135
4034273.36357654
4030968.0434802594
6212590.572727838
6419957.484732239
4030968.0434802594
4028198.1698798444
3343574.468028969
3714478.6681512063
4028198.1698798444
4028148.7712912476
1675295.4531009877
1771345.9614612185
4028148.7712912476
4030829.3732292317
3592846.513246909
3207919.682114646
4030829.3732292317
4034163.308000697
6335814.152745868
6125608.222222748
4034163.308000697
4035985.8181637065
7024322.871613983
7208417.174659674
