4033999.5812250846
4035947.92423996
7081853.817640095
7264491.7894209195
4035947.92423996
4036119.7435224913
5110319.664981925
5360408.346418006
4036119.7435224913
4035854.9177156035
1925269.898596566
2514725.71589433
4035854.9177156035
4036077.81972686
2250076.60355406
1563892.652922338
4036077.81972686
4036070.6087663486
4929922.965385913
4656802.071618855
4036070.6087663486
4034413.7157910992
7096467.4245177405
6909398.3668366615
4034413.7157910992
4031165.526818671
6329119.953637769
6532794.987554796
4031165.526818671
4028308.1644047233
3532787.173081296
3885680.732909064
4028308.1644047233
4028067.066612615
1559290.543801391
1920252.7652809718
4028067.066612615
4030622.6849280335
3424450.33862291
3018130.937485928
4030622.6849280335
4033999.5812250846
6213358.381194759
5998868.821144041
9010048.629037598
4036200.132158543
6335892.675551996
6539349.733821245
4036200.132158543
4035954.700672328
3539845.7381406315
3892074.3849964347
4035954.700672328
4035910.521042367
1563892.652922338
1925268.8175148668
4035910.521042367
4036189.1282190112
3430115.913443237
3024592.275775189
4036189.1282190112
4035504.0841130833
6220476.34686562
6006250.911122137
4035504.0841130833
4032904.423069069
7078268.1464730855
7260999.700473573
4032904.423069069
4029509.3054449065
5102333.909858231
5352811.803401957
4029509.3054449065
4027786.680067781
1920252.7652809718
2510932.5051868805
4027786.680067781
4029089.6116765887
2246931.9599713283
1559290.756888278
4029089.6116765887
4032385.9391048737
4922464.180930788
4648888.010598946
4032385.9391048737
4035213.739689906
7091863.842207496
6904666.604201292
12449124.500677524
4035949.554872936
7081853.857093096
7264492.655566257
4035949.554872936
4036117.862203725
5110316.592632353
5360406.829261862
4036117.862203725
4035855.5873072087
1925268.8175148668
2514725.920927176
4035855.5873072087
4036076.7669658256
2250078.002893393
1563893.0305686172
4036076.7669658256
4036071.046899757
4929921.603067217
4656801.603369477
4036071.046899757
4034413.9942314425
7096466.753747164
6909398.564045845
4034413.9942314425
4031164.486129698
6329120.049982785
6532795.134704913
4031164.486129698
4028308.7574902712
3532788.268234106
3885681.8344386443
4028308.7574902712
4028067.0886173435
1559290.756888278
1920252.3674071056
4028067.0886173435
4030622.500399329
3424451.121329373
3018131.5300330035
4030622.500399329
4033999.998799549
6213358.516764885
5998869.039548187
14300483.849836482
4036198.843917516
6335893.4799896935
6539349.715236607
4036198.843917516
4035955.2277241475
3539846.107209173
3892075.437991523
4035955.2277241475
4035909.588299098
1563893.0305686172
1925268.5024586262
4035909.588299098
4036191.039725108
3430114.607666257
3024590.3882806594
4036191.039725108
4035503.0387002714
6220477.710439988
6006252.5829439545
4035503.0387002714
4032904.0534501583
7078268.346137976
7260999.930583903
4032904.0534501583
4029510.899619185
5102334.568539833
5352812.0478896415
4029510.899619185
4027785.231716848
1920252.3674071056
2510931.31013499
4027785.231716848
4029090.117899461
2246931.0038267057
1559290.534198045
4029090.117899461
4032385.031663744
4922464.855447594
4648887.593853817
4032385.031663744
4035214.8738645953
7091863.347628623
6904666.130411484
12245511.974318348
4035949.2527650557
7081853.234937656
7264490.791722479
4035949.2527650557
4036118.300509155
5110317.670404554
5360405.125457788
4036118.300509155
4035856.038296836
1925268.5024586262
2514724.5694617396
4035856.038296836
4036076.1683388343
2250079.0445276583
1563894.9750173942
4036076.1683388343
4036070.3598756683
4929922.749142952
4656800.843393674
4036070.3598756683
4034414.1740968837
7096466.792380061
6909397.112091799
4034414.1740968837
4031165.303135203
6329120.4903544495
6532794.548919386
4031165.303135203
4028307.7360655447
3532787.225179924
3885680.8126073144
4028307.7360655447
4028068.027703208
1559290.534198045
1920252.2399178203
4028068.027703208
4030622.114028545
3424451.049345733
3018131.9308060305
4030622.114028545
4033999.936731299
6213357.920573793
5998868.085368314
8611212.684458971
4036199.2813669704
6335891.949874962
6539349.629325147
4036199.2813669704
4035955.2411063537
3539844.4735360504
3892075.85260669
4035955.2411063537
4035910.0625374117
1563894.9750173942
1925269.898596566
4035910.0625374117
4036189.469953923
3430115.8207582803
3024591.951349481
4036189.469953923
4035503.922862221
6220475.450773581
6006252.250005089
4035503.922862221
4032905.0977108325
7078267.0145188095
7261000.098427191
4032905.0977108325
4029509.516367177
5102333.314910577
5352811.094044444
4029509.516367177
4027786.050561144
1920252.2399178203
2510932.372151466
4027786.050561144
4029088.6947186487
2246931.977215967
1559290.543801391
4029088.6947186487
4032385.5898894467
4922463.643497234
4648887.682854547
4032385.5898894467
4035214.89444794
7091862.633634759
6904666.711283518
