4035855.57978332
4036068.3054891042
2219101.4466348337
1518988.8857934515
4036068.3054891042
4036074.3954726136
4854562.835929442
4576950.510043508
4036074.3954726136
4034494.401543821
7063042.943686395
6875068.620967132
4034494.401543821
4031256.3285545055
6380718.335235075
6582800.104142314
4031256.3285545055
4028356.8352183895
3619533.3782148696
3964719.513751536
4028356.8352183895
4028019.278590347
1514431.6646897194
1993452.470767785
4028019.278590347
4030548.69132689
3347835.6316762515
2930922.0559209264
4030548.69132689
4033922.2921045157
6155158.656768148
5938570.908574495
4033922.2921045157
4035927.244491074
7105967.982552775
7271835.083936801
4035927.244491074
4036124.0072369864
5184080.9121343475
5430778.447477684
4036124.0072369864
4035855.57978332
1998560.5988381284
2571274.3868485354
5526941.369312367
4036199.458868783
3353365.419410821
2937272.4485331783
4036199.458868783
4035545.945705968
6162350.335047702
5946036.47886824
4035545.945705968
4032993.5163116506
7102587.485968105
7272736.937498971
4032993.5163116506
4029587.7756589367
5176106.475225333
5423181.657777494
4029587.7756589367
4027792.033266633
1993452.470767785
2567349.0425384375
4027792.033266633
4029021.2144564884
2216033.974059697
1514431.1841274453
4029021.2144564884
4032279.788484675
4847150.378886849
4569069.968544115
4032279.788484675
4035179.68356582
7058263.38796425
6870154.052651944
4035179.68356582
4036192.070237158
6387367.615581796
6589237.72912932
4036192.070237158
4035965.629952567
3626685.609896818
3971226.0829227893
4035965.629952567
4035891.407063918
1518988.8857934515
1998563.7049078129
2738141.3264411455
4036069.2170638237
2219099.3946018745
1518987.3225216838
4036069.2170638237
4036073.566917156
4854563.843995948
4576950.301252212
4036073.566917156
4034494.5956841204
7063042.279643524
6875068.338637547
4034494.5956841204
4031256.802505633
6380717.821597112
6582799.630025454
4031256.802505633
4028356.3449347
3619534.6330425544
3964719.7126674117
4028356.3449347
4028020.4854638414
1514431.1841274453
1993451.3037812633
4028020.4854638414
4030546.8471318735
3347835.6249246784
2930921.800732781
4030546.8471318735
4033923.450507494
6155157.264962195
5938570.454102923
4033923.450507494
4035926.5273819603
7105967.087449915
7271834.571029859
4035926.5273819603
4036124.131800577
5184081.843015939
5430779.450542112
4036124.131800577
4035856.0085541373
1998563.7049078129
2571276.3087690943
1381875.12323352
4036199.2279698877
3353365.190622544
2937273.4111438333
4036199.2279698877
4035545.6741940156
6162349.221015533
5946034.82129393
4035545.6741940156
4032995.983431517
7102587.502126842
7272737.132335739
4032995.983431517
4029586.3818745017
5176104.854819585
5423180.454412847
4029586.3818745017
4027792.9418753097
1993451.3037812633
2567348.5643362626
4027792.9418753097
4029020.100536561
2216036.314753241
1514432.475401718
4029020.100536561
4032280.185613534
4847150.152216935
4569069.251348893
4032280.185613534
4035178.3505303315
7058263.655859826
6870154.202624496
4035178.3505303315
4036193.3148045633
6387367.739609929
6589238.276017547
4036193.3148045633
4035965.840568277
3626685.4783430393
3971225.495821205
4035965.840568277
4035890.625560802
1518987.3225216838
1998563.2865682617
1573391.5889452691
4036070.3310807836
2219098.860311954
1518986.2596019735
4036070.3310807836
4036073.45870723
4854563.617220178
4576951.405759643
4036073.45870723
4034492.9631732563
7063042.9865075685
6875067.347209814
4034492.9631732563
4031257.853161237
6380718.783275496
6582798.926578017
4031257.853161237
4028356.7091396023
3619534.1285164594
3964720.1116151256
4028356.7091396023
4028020.0939588253
1514432.475401718
1993452.1433611326
4028020.0939588253
4030546.159167499
3347835.385921574
2930921.4653009777
4030546.159167499
4033923.5062701283
6155156.840791663
5938568.298610672
4033923.5062701283
4035926.7772863135
7105966.973027677
7271833.339037655
4035926.7772863135
4036123.834213128
5184081.1344174035
5430778.280417559
4036123.834213128
4035855.9210766014
1998563.2865682617
2571277.628199124
4850550.722185113
4036199.8631681474
3353364.1868097363
2937272.113826931
4036199.8631681474
4035545.553305796
6162350.011348529
5946035.736286483
4035545.553305796
4032993.579111021
7102585.750047364
7272737.284126109
4032993.579111021
4029587.6528307768
5176105.150842513
5423181.479770945
4029587.6528307768
4027791.882977411
1993452.1433611326
2567348.071528899
4027791.882977411
4029020.264765361
2216034.7290647957
1514431.6646897194
4029020.264765361
4032280.603331972
4847149.084097853
4569069.433250109
4032280.603331972
4035178.56594551
7058262.291202884
6870154.993531143
4035178.56594551
4036193.6681933156
6387366.488767074
6589238.984977676
4036193.6681933156
4035965.3204273083
3626684.755550037
3971225.3191418136
4035965.3204273083
4035891.1730640884
1518986.2596019735
1998560.5988381284
