4035496.1997467973
4036201.4916346124
6019122.519851422
6232906.6113944305
4036201.4916346124
4035898.9379342776
3043501.1269574882
3446800.0957725495
4035898.9379342776
4035954.5721684373
1909757.2432566117
1574368.769421405
4035954.5721684373
4036197.9745078627
3874955.9359941436
3521015.038604391
4036197.9745078627
4035238.3748970455
6528387.590863808
6324579.697645681
4035238.3748970455
4032391.550005745
6911941.796951504
7098946.516312858
4032391.550005745
4029104.0068367054
4666061.706436371
4938688.780251657
4029104.0068367054
4027782.140453668
1569758.0933182328
2254208.065110312
4027782.140453668
4029506.877523318
2499100.202066861
1904755.9949686222
4029506.877523318
4032876.161687908
5337476.737148714
5086243.995122346
4032876.161687908
4035496.1997467973
7255675.3050967585
7072805.352454062
8722020.641267307
4036080.848019998
4673978.066422136
4946152.400330798
4036080.848019998
4035853.703646533
1574368.769421405
2257372.146884791
4035853.703646533
4036128.4188134815
2502869.925477245
1909757.2378424667
4036128.4188134815
4035942.361047657
5345075.320545609
5094231.978256554
4035942.361047657
4034015.680639749
7259212.485458123
7076438.325951547
4034015.680639749
4030652.984452465
6011763.481123101
6225808.10570926
4030652.984452465
4028060.394775273
3037021.805839604
3441110.0923451604
4028060.394775273
4028300.543165464
1904755.9949686222
1569759.1983110816
4028300.543165464
4031146.5164280515
3868581.8413984813
3513970.99551758
4031146.5164280515
4034412.896506992
6521805.747355035
6317779.120574599
4034412.896506992
4036053.6101173186
6916630.952575756
7103507.363818375
12460784.809626054
4036201.8808591748
6019123.43775334
6232907.198290062
4036201.8808591748
4035899.5752898003
3043502.214202453
3446800.624503935
4035899.5752898003
4035954.3068377236
1909757.2378424667
1574368.8949841238
4035954.3068377236
4036198.62128953
3874954.9757846138
3521015.757352286
4036198.62128953
4035238.8108463143
6528387.5189408185
6324580.076565751
4035238.8108463143
4032391.1359291757
6911940.92962642
7098946.643021411
4032391.1359291757
4029103.429046611
4666061.3095920365
4938689.675400674
4029103.429046611
4027782.8791146064
1569759.1983110816
2254209.1788646537
4027782.8791146064
4029508.2120045633
2499099.760694476
1904755.5427559218
4029508.2120045633
4032873.798263091
5337477.917173441
5086245.4846200375
4032873.798263091
4035496.0473453966
7255674.922762966
7072804.924971514
13565308.580002245
4036080.757733686
4673977.714647184
4946152.8158629285
4036080.757733686
4035855.25404299
1574368.8949841238
2257371.875646019
4035855.25404299
4036126.3522721417
2502871.4926085896
1909759.0396744101
4036126.3522721417
4035943.8911609636
5345076.194372604
5094233.162143587
4035943.8911609636
4034013.227089146
7259212.504313544
7076438.350257575
4034013.227089146
4030654.3585759513
6011764.516324234
6225809.218668949
4030654.3585759513
4028060.6905657738
3037022.7042712355
3441110.3885854925
4028060.6905657738
4028300.1974308826
1904755.5427559218
1569758.3188093298
4028300.1974308826
4031145.5852427455
3868582.442372846
3513971.2984934375
4031145.5852427455
4034413.016663687
6521805.121674843
6317778.364247806
4034413.016663687
4036054.8493224406
6916631.549904116
7103507.913587802
12257378.467524843
4036202.231343326
6019123.833595484
6232906.855123925
4036202.231343326
4035899.248050237
3043501.9417008036
3446800.4301966457
4035899.248050237
4035953.826155713
1909759.0396744101
1574369.034499754
4035953.826155713
4036199.373799351
3874954.9790317486
3521013.0897869924
4036199.373799351
4035238.1232113442
6528387.167506679
6324579.303198779
4035238.1232113442
4032391.177773379
6911940.816987574
7098944.6795842005
4032391.177773379
4029104.199165934
4666060.983152937
4938688.231045385
4029104.199165934
4027781.963750536
1569758.3188093298
2254208.9103264003
4027781.963750536
4029509.249931063
2499099.6606284343
1904754.8789185365
4029509.249931063
4032873.2885184665
5337478.108317425
5086244.816135924
4032873.2885184665
4035495.8674818934
7255674.69727652
7072803.781777713
8309466.254298336
4036081.0615839
4673977.670877828
4946152.4151050635
4036081.0615839
4035853.833364555
1574369.034499754
2257372.349068042
4035853.833364555
4036128.3861798854
2502869.890492868
1909757.2432566117
4036128.3861798854
4035942.378201053
5345073.877415281
5094233.23654338
4035942.378201053
4034015.4474001885
7259210.949562261
7076438.508303279
4034015.4474001885
4030653.908623287
6011762.20950109
6225809.142621715
4030653.908623287
4028060.0751657602
3037020.9270979343
3441110.0703958366
4028060.0751657602
4028300.1031652256
1904754.8789185365
1569758.0933182328
4028300.1031652256
4031145.796867173
3868580.7694926336
3513971.070223033
4031145.796867173
4034412.5839874134
6521804.488545425
6317778.522437589
4034412.5839874134
4036054.228414608
6916630.027972718
7103508.01000822
