4036199.4482556893
4035896.791495177
2848276.2006485993
3275687.65001703
4035896.791495177
4035960.5104107615
2075988.5627220317
1479474.7370815005
4035960.5104107615
4036191.153074376
4052159.478631315
3715127.4238842777
4036191.153074376
4035120.3463864774
6638938.769503213
6438624.275221954
4035120.3463864774
4032200.2235422423
6833386.04423039
7022478.140468975
4032200.2235422423
4028941.301861403
4486675.046605162
4769555.764202997
4028941.301861403
4027800.522523056
1474955.6557768525
2189247.975640758
4027800.522523056
4029680.861598169
2627837.91354944
2070773.3142182203
4029680.861598169
4033083.729195615
5494255.666922918
5250519.886436193
4033083.729195615
4035573.476381327
7265785.656288437
7125894.712511725
4035573.476381327
4036199.4482556893
5883230.555538059
6101768.033388483
6960138.312124842
4035859.2257840754
1479474.7370815005
2192244.4629995576
4035859.2257840754
4036146.1075448375
2631907.8128339243
2075988.2484631415
4036146.1075448375
4035897.4782152544
5501855.568281614
5258485.776282171
4035897.4782152544
4033830.9989482085
7264653.693170743
7129064.992131881
4033830.9989482085
4030458.783508666
5875688.17919376
6094507.735632161
4030458.783508666
4027996.9618525347
2842044.196602795
3270302.5161335897
4027996.9618525347
4028394.0176343652
2070773.3142182203
1474955.037731532
4028394.0176343652
4031354.265110144
4045541.057704643
3707880.435387333
4031354.265110144
4034562.030844793
6632620.220627008
6432101.536082495
4034562.030844793
4036103.5037161936
6838477.261332079
7027428.270503045
4036103.5037161936
4036045.267794986
4494511.965619542
4776910.395122671
9129060.776642403
4035897.5726414123
2848277.8120121113
3275689.4014533986
4035897.5726414123
4035960.156911608
2075988.2484631415
1479473.3810830924
4035960.156911608
4036191.4724677335
4052158.91896183
3715127.244970773
4036191.4724677335
4035120.2149793585
6638938.660253615
6438624.039455569
4035120.2149793585
4032200.098662244
6833385.546615011
7022477.900635404
4032200.098662244
4028941.6434654905
4486674.268121788
4769555.833200866
4028941.6434654905
4027800.288491028
1474955.037731532
2189247.388632564
4027800.288491028
4029681.951411536
2627838.1847444903
2070773.8721987111
4029681.951411536
4033083.9051763983
5494255.775252267
5250520.306752256
4033083.9051763983
4035573.37848165
7265784.997897127
7125894.850433515
4035573.37848165
4036197.8783644265
5883228.087672472
6101767.460783387
8572162.9794476
4035857.5881036385
1479473.3810830924
2192244.596098091
4035857.5881036385
4036146.651712555
2631907.302092718
2075986.7950846518
4036146.651712555
4035897.331771446
5501856.0861045085
5258485.230913378
4035897.331771446
4033831.8903381475
7264653.374726743
7129064.739258369
4033831.8903381475
4030457.3782286095
5875687.796780236
6094507.08162936
4030457.3782286095
4027996.639992617
2842044.0576257454
3270301.6773121827
4027996.639992617
4028395.157084898
2070773.8721987111
1474955.826134888
4028395.157084898
4031352.4813414607
4045542.144752637
3707882.17548197
4031352.4813414607
4034561.501588499
6632619.46103769
6432101.870906794
4034561.501588499
4036104.650699369
6838478.170428624
7027428.993120048
4036104.650699369
4036046.6959342505
4494512.000992342
4776910.5344621735
8849572.753460284
4035897.864827111
2848276.814945716
3275689.315438422
4035897.864827111
4035960.177641838
2075986.7950846518
1479473.221201944
4035960.177641838
4036190.2694959915
4052159.9062612853
3715127.612681509
4036190.2694959915
4035121.0202870495
6638937.761472721
6438622.791928051
4035121.0202870495
4032200.1145439264
6833385.24629231
7022476.290263784
4032200.1145439264
4028941.00299744
4486674.2705105515
4769554.103236439
4028941.00299744
4027800.9200582122
1474955.826134888
2189247.966307209
4027800.9200582122
4029681.1957223737
2627838.1325983116
2070773.569487424
4029681.1957223737
4033084.412432933
5494255.989917661
5250518.408093644
4033084.412432933
4035573.455971197
7265784.472173479
7125893.552316428
4035573.455971197
4036198.0278512686
5883228.594161747
6101765.917974471
6435967.707801796
4035858.2036055424
1479473.221201944
2192243.488193053
4035858.2036055424
4036145.62602613
2631908.3315965575
2075988.5627220317
4036145.62602613
4035897.617827835
5501854.985312049
5258486.137205261
4035897.617827835
4033831.5562730697
7264652.2034848565
7129065.139756191
4033831.5562730697
4030458.28113635
5875686.209642934
6094508.116968471
4030458.28113635
4027997.1978320805
2842044.2628730373
3270302.654414475
4027997.1978320805
4028393.9860465135
2070773.569487424
1474955.6557768525
4028393.9860465135
4031353.583931689
4045539.784267507
3707881.4847416533
4031353.583931689
4034561.5803855397
6632618.386120515
6432101.628343264
4034561.5803855397
4036104.634892736
6838476.854203715
7027429.297168489
4036104.634892736
4036046.4438735363
4494510.751513433
4776911.478529171
