4033585.4728560047
4035805.5417876346
7191755.112303211
7231251.874294161
4035805.5417876346
4036156.72806653
5487130.894178037
5720794.323715254
4036156.72806653
4035867.5016355454
2334347.1872381554
2840154.2834038907
4035867.5016355454
4036028.0393787995
2141301.69401205
1402895.3045179904
4036028.0393787995
4036142.8527140087
4527433.950985072
4228423.659113095
4036142.8527140087
4034758.813420818
6905053.740346942
6712667.187186923
4034758.813420818
4031646.2292879545
6585638.61645264
6781629.018049811
4031646.2292879545
4028580.8700232105
3985000.900675512
4300973.905561496
4028580.8700232105
4027911.18002444
1398446.4198822451
2138443.423302669
4027911.18002444
4030165.213490629
3031403.8884553453
2563556.3339016037
4030165.213490629
4033585.4728560047
5894896.98215702
5668391.530993338
8972752.160163049
4036169.8691217913
6591708.5854879245
6787516.085272796
4036169.8691217913
4036002.450358629
3992495.317844644
4307897.559040839
4036002.450358629
4035879.2901215856
1402895.3045179904
2141302.9980410803
4035879.2901215856
4036171.905873904
3036333.687755967
2569424.8264461593
4036171.905873904
4035709.394477212
5902339.0404798705
5676141.668863234
4035709.394477212
4033354.533578509
7189278.94592506
7233113.813343091
4033354.533578509
4029930.1973239677
5479257.239274918
5713254.859865724
4029930.1973239677
4027851.6071657776
2328796.4735573716
2835632.128647966
4027851.6071657776
4028744.4473197423
2138443.423302669
1398445.8623605394
4028744.4473197423
4031907.3998221885
4520278.726589787
4220741.3521348685
4031907.3998221885
4034927.3502934757
6899577.479682703
6707028.176945906
12236508.874350645
4035802.792036785
7191754.080328625
7231251.954383779
4035802.792036785
4036156.2874161047
5487130.846522981
5720794.81958876
4036156.2874161047
4035868.4533037194
2334346.802710644
2840154.6186161735
4035868.4533037194
4036027.9957910157
2141302.9980410803
1402895.281188336
4036027.9957910157
4036143.589315789
4527433.348196381
4228423.7514859075
4036143.589315789
4034758.558289424
6905054.128152318
6712666.719663633
4034758.558289424
4031646.1081288033
6585638.481325548
6781628.675373454
4031646.1081288033
4028581.1882903795
3985000.900272632
4300973.619218298
4028581.1882903795
4027910.353381594
1398445.8623605394
2138441.877607992
4027910.353381594
4030164.4116152916
3031405.056923604
2563557.2589350087
4030164.4116152916
4033587.795660109
5894896.601853944
5668390.337726869
14206977.646028198
4036170.35521805
6591708.313726473
6787516.427149148
4036170.35521805
4036002.10953898
3992495.669774391
4307897.193403699
4036002.10953898
4035879.8339686533
1402895.281188336
2141301.585075893
4035879.8339686533
4036171.205387365
3036335.204444527
2569426.752233475
4036171.205387365
4035708.966479
5902338.644032704
5676141.895935285
4035708.966479
4033354.481009286
7189278.894054481
7233113.6369343335
4033354.481009286
4029930.34504824
5479257.073218868
5713254.932282032
4029930.34504824
4027851.919753257
2328797.5387042426
2835633.140143485
4027851.919753257
4028744.1770661455
2138441.877607992
1398445.9321333605
4028744.1770661455
4031907.3625854664
4520278.119933088
4220741.498122575
4031907.3625854664
4034927.6975043127
6899576.8133534165
6707027.112717599
12029302.885219283
4035803.316949714
7191754.191594711
7231250.729652025
4035803.316949714
4036156.3057786296
5487130.828789578
5720792.9232502105
4036156.3057786296
4035867.7458364633
2334347.3465666347
2840153.767767634
4035867.7458364633
4036028.8361607245
2141301.585075893
1402895.7192384591
4036028.8361607245
4036142.4411118496
4527433.635457201
4228423.230752679
4036142.4411118496
4034759.811659927
6905054.386694639
6712665.1957526
4034759.811659927
4031645.7705444433
6585638.109192407
6781627.167220592
4031645.7705444433
4028581.05275549
3985000.7604988962
4300973.372509534
4028581.05275549
4027910.1155662676
1398445.9321333605
2138442.305160172
4027910.1155662676
4030165.404419867
3031403.8020925685
2563556.667558716
4030165.404419867
4033586.9903316903
5894896.669781374
5668390.700309094
8572172.263861319
4036170.8817117354
6591707.187998251
6787516.931106809
4036170.8817117354
4036002.3749187565
3992494.4695861116
4307897.757670138
4036002.3749187565
4035879.0945142144
1402895.7192384591
2141301.69401205
4035879.0945142144
4036171.9233054435
3036333.133431773
2569426.136254857
4036171.9233054435
4035709.020852467
5902337.946142362
5676142.356677541
4035709.020852467
4033354.22726588
7189276.980229878
7233113.653096509
4033354.22726588
4029930.363269062
5479256.1851904
5713255.150806479
4029930.363269062
4027851.3266616715
2328796.3559771096
2835632.505963451
4027851.3266616715
4028745.0964841903
2138442.305160172
1398446.4198822451
4028745.0964841903
4031907.238139104
4520278.364703885
4220741.677855749
4031907.238139104
4034926.498834164
6899576.810681363
6707027.618195532
