4036137.187166307
4035854.5649194145
1982476.6835669845
2558787.8407567446
4035854.5649194145
4036058.270328416
2225426.7696541585
1528211.212679918
4036058.270328416
4036084.110485554
4870916.329020686
4594292.858643289
4036084.110485554
4034477.8434834215
7070396.488120663
6882622.139018391
4034477.8434834215
4031238.9487430225
6369662.020893713
6572082.27678878
4031238.9487430225
4028333.6010597716
3600780.690001753
3947606.576322473
4028333.6010597716
4028037.8137072055
1523643.6016289108
1977387.0769515196
4028037.8137072055
4030567.191568278
3364356.127143582
2949778.043886178
4030567.191568278
4033941.9702448505
6167851.060202045
5951724.084745335
4033941.9702448505
4035916.3984069303
7100874.713451404
7273147.365269042
4035916.3984069303
4036137.187166307
5168205.121664958
5415627.360429251
6423342.797437727
4035905.2776773986
1528211.212679918
1982477.3878754189
4035905.2776773986
4036199.603631905
3369916.688320332
2956152.188700742
4036199.603631905
4035537.381335167
6175028.233042851
5959171.945500645
4035537.381335167
4032962.8650537357
7097450.520344304
7274000.542050146
4032962.8650537357
4029583.03831282
5160226.564229935
5408026.752880923
4029583.03831282
4027788.4081552355
1977387.0769515196
2554891.166480623
4027788.4081552355
4029023.719103026
2222343.6448425693
1523643.123399657
4029023.719103026
4032315.8666556897
4863493.156691202
4586402.688374313
4032315.8666556897
4035186.2471117834
7065655.334266725
6877747.086195366
4035186.2471117834
4036197.5946748513
6376338.611146707
6578545.264844793
4036197.5946748513
4035948.3192757554
3607912.748275228
3954086.399468316
7730137.303432046
4035855.2238587043
1982477.3878754189
2558789.080372925
4035855.2238587043
4036058.664042353
2225427.4124901895
1528210.412045072
4036058.664042353
4036083.739936261
4870916.795589743
4594293.129016751
4036083.739936261
4034478.47301905
7070395.786355916
6882622.553853613
4034478.47301905
4031238.2456776774
6369661.347686982
6572081.341683523
4031238.2456776774
4028333.9498670152
3600781.0423679003
3947606.8991615945
4028333.9498670152
4028037.3154991902
1523643.123399657
1977387.1066952455
4028037.3154991902
4030567.6293774475
3364356.0569835347
2949777.8985362714
4030567.6293774475
4033941.8255284526
6167850.31969859
5951724.1145977015
4033941.8255284526
4035915.572220104
7100874.550387852
7273147.64375079
4035915.572220104
4036137.6670147437
5168204.476661443
5415627.534577448
6689512.930045598
4035906.606507127
1528210.412045072
1982477.1399748062
4035906.606507127
4036198.545034354
3369919.5475742905
2956153.52906838
4036198.545034354
4035538.0625173105
6175027.804721087
5959170.70606728
4035538.0625173105
4032961.8685177467
7097449.766929644
7274000.324760903
4032961.8685177467
4029582.534146388
5160226.5335144745
5408028.128730021
4029582.534146388
4027788.3876227248
1977387.1066952455
2554891.580015212
4027788.3876227248
4029025.0472115558
2222343.6269252375
1523642.664628638
4029025.0472115558
4032313.568740917
4863494.1364538055
4586404.621516773
4032313.568740917
4035186.1803708537
7065655.137137363
6877746.854455228
4035186.1803708537
4036197.9389496194
6376338.707839295
6578546.562855151
4036197.9389496194
4035949.2686903444
3607912.495905183
3954087.358137866
7398049.483728988
4035856.393349066
1982477.1399748062
2558788.8342268006
4035856.393349066
4036058.4932604632
2225428.541786531
1528211.7858647837
4036058.4932604632
4036083.8605368594
4870916.675070741
4594293.8557690475
4036083.8605368594
4034476.6960115675
7070395.945795275
6882621.431573785
4034476.6960115675
4031239.210425022
6369662.290198606
6572080.973048485
4031239.210425022
4028334.233310446
3600781.24824757
3947606.2852354352
4028334.233310446
4028036.5587705653
1523642.664628638
1977386.979009886
4028036.5587705653
4030568.0872887587
3364356.1005903957
2949777.1560709677
4030568.0872887587
4033941.5182233057
6167850.920242819
5951722.913045476
4033941.5182233057
4035915.8245021505
7100874.686753067
7273146.14655431
4035915.8245021505
4036137.5207562805
5168205.485565326
5415625.966199409
5851371.841165767
4035904.77424118
1528211.7858647837
1982476.6835669845
4035904.77424118
4036199.892973667
3369917.3638535887
2956153.3376084445
4036199.892973667
4035536.994477548
6175028.036847592
5959171.661206402
4035536.994477548
4032962.856497281
7097449.152376625
7274001.053993161
4032962.856497281
4029583.151682905
5160224.986737219
5408027.801821592
4029583.151682905
4027788.4808423445
1977386.979009886
2554890.927432012
4027788.4808423445
4029023.635982668
2222343.5099482117
1523643.6016289108
4029023.635982668
4032314.471648835
4863491.9813482715
4586403.883265025
4032314.471648835
4035186.1593985427
7065653.595025098
6877747.553638727
4035186.1593985427
4036198.339830316
6376338.227313123
6578546.114112786
4036198.339830316
4035949.0311329504
3607911.268412324
3954087.0682851886
