4036117.524108553
4036049.13566678
4414357.303763974
4701566.769235162
4036049.13566678
4035849.1014763005
1448011.7850686356
2171131.451594609
4035849.1014763005
4036154.3311131345
2692806.980877221
2152666.5536902207
4036154.3311131345
4035869.414802437
5569461.955730998
5329177.485660709
4035869.414802437
4033766.928575386
7256207.960234098
7149818.460770178
4033766.928575386
4030360.087913474
5813921.775592623
6034975.830382678
4030360.087913474
4027968.0424450636
2756759.5371143804
3196462.2406407464
4027968.0424450636
4028456.9572753715
2147351.2480780757
1443524.9169750889
4028456.9572753715
4031443.475325413
4123386.278343414
3792655.252112278
4031443.475325413
4034612.7137550907
6679376.301611841
6480301.1002565315
4034612.7137550907
4036117.524108553
6801798.98385015
6991738.812423054
7882347.616340336
4035891.863821339
2762881.6608672477
3201711.7027678923
4035891.863821339
4035981.4279420935
2152666.5536902207
1448011.8214489177
4035981.4279420935
4036185.1014075354
4130104.0478008315
3799982.677881744
4036185.1014075354
4035055.3262411486
6685570.022885306
6486692.773014947
4035055.3262411486
4032109.9806786412
6796534.49189036
6986623.553037532
4032109.9806786412
4028886.6122882743
4406560.323285218
4694267.212459673
4028886.6122882743
4027802.163357735
1443524.9169750889
2168191.5332920025
4027802.163357735
4029760.9020083933
2688598.912033593
2147352.201019534
4029760.9020083933
4033165.4198321123
5561871.84196536
5321231.021210689
4033165.4198321123
4035628.2786727827
7257561.141581367
7146855.577753587
4035628.2786727827
4036180.907440264
5821530.806564151
6042296.275353545
11088675.51297686
4036049.8386104596
4414355.762574803
4701566.406682586
4036049.8386104596
4035847.749300391
1448011.8214489177
2171129.561440182
4035847.749300391
4036155.158650514
2692805.4784993175
2152666.488946151
4036155.158650514
4035868.348452319
5569462.559259396
5329177.271015914
4035868.348452319
4033766.6773811732
7256207.368427686
7149818.032390211
4033766.6773811732
4030361.270952092
5813922.275320014
6034976.325476865
4030361.270952092
4027967.1519599296
2756759.9404601827
3196461.8999469015
4027967.1519599296
4028458.215588995
2147352.201019534
1443523.9684817542
4028458.215588995
4031443.3889830247
4123386.5639870283
3792656.305015725
4031443.3889830247
4034613.15493516
6679376.327224235
6480300.701531838
4034613.15493516
4036117.0637446195
6801797.696686117
6991738.413532336
11323922.189511016
4035890.5967064947
2762881.9959727516
3201711.8872358934
4035890.5967064947
4035983.5194703084
2152666.488946151
1448010.4031979428
4035983.5194703084
4036185.7365040937
4130105.8625596203
3799984.216716741
4036185.7365040937
4035052.2879722775
6685570.236529415
6486691.897644995
4035052.2879722775
4032112.2769029937
6796535.065761662
6986624.464084294
4032112.2769029937
4028886.542333564
4406559.607448855
4694266.184942641
4028886.542333564
4027801.1426906018
1443523.9684817542
2168191.594271667
4027801.1426906018
4029760.9001396564
2688598.748863424
2147350.750399293
4029760.9001396564
4033165.1269566733
5561871.53764093
5321231.329200628
4033165.1269566733
4035628.815182235
7257561.442012806
7146856.004529898
4035628.815182235
4036180.7087003323
5821530.769787359
6042296.739434145
10859664.765757348
4036050.1152073755
4414356.078387527
4701564.653835831
4036050.1152073755
4035847.9099847507
1448010.4031979428
2171130.4091576925
4035847.9099847507
4036154.593657536
2692806.8344803345
2152665.7410954954
4036154.593657536
4035867.7451074272
5569461.694126386
5329176.586336228
4035867.7451074272
4033768.478776674
7256207.625828616
7149816.385041772
4033768.478776674
4030360.353053422
5813921.273161917
6034973.971554034
4030360.353053422
4027967.453309039
2756760.0208717673
3196462.20744157
4027967.453309039
4028457.19246812
2147350.750399293
1443523.9996608235
4028457.19246812
4031443.7255490357
4123385.7496843613
3792654.4943516636
4031443.7255490357
4034613.2998271654
6679376.928684738
6480299.690979227
4034613.2998271654
4036117.3065314963
6801798.041796924
6991737.103616577
7423439.622249924
4035890.6687932513
2762880.4850825355
3201711.6331256856
4035890.6687932513
4035981.889640923
2152665.7410954954
1448011.7850686356
4035981.889640923
4036184.8997020703
4130103.6097455006
3799983.996614632
4036184.8997020703
4035055.093240388
6685568.893048663
6486692.263985529
4035055.093240388
4032110.7634056145
6796532.880482245
6986623.683954506
4032110.7634056145
4028886.2886774656
4406559.225125886
4694267.100921434
4028886.2886774656
4027801.248307769
1443523.9996608235
2168192.031356699
4027801.248307769
4029761.8565322855
2688598.889305642
2147351.2480780757
4029761.8565322855
4033164.602080271
5561870.808023827
5321231.344312746
4033164.602080271
4035629.0022372133
7257560.342085744
7146855.950170309
4035629.0022372133
4036181.3608033876
5821529.444609082
6042297.051219193
