4034734.2039196296
4036136.3983987793
6738479.526965465
6930149.125234174
4036136.3983987793
4036021.028019881
4281092.931626514
4576664.250342013
4036021.028019881
4035866.0225558314
1411657.2846266325
2147057.4907494253
4035866.0225558314
4036163.6703049587
2797645.060330647
2282442.4839768005
4036163.6703049587
4035822.8230519467
5678687.439071164
5443219.034527443
4035822.8230519467
4033626.397772049
7239067.625530435
7180736.952974308
4033626.397772049
4030230.0944722667
5709942.502450231
5934866.272658132
4030230.0944722667
4027924.566369606
2617603.6715102433
3077245.5804573786
4027924.566369606
4028547.3108764924
2144183.0826677107
1407201.4332449774
4028547.3108764924
4031575.2134521967
4251090.843257815
3931110.213039286
4031575.2134521967
4034734.2039196296
6753512.464036904
6556684.594248111
8980882.38896406
4036187.4370401613
5717654.568311172
5942276.128157656
4036187.4370401613
4035883.4837709344
2623541.14823625
3082263.429445478
4035883.4837709344
4035996.1348261773
2147057.4907494253
1411658.4764816745
4035996.1348261773
4036162.1616937164
4257960.88769713
3938563.9479488865
4036162.1616937164
4034976.407890076
6759491.487033799
6562850.873955011
4034976.407890076
4031960.9053182174
6732945.546776964
6924774.962924111
4031960.9053182174
4028772.8175768284
4273380.510264718
4569472.362993166
4028772.8175768284
4027840.133862545
1407201.4332449774
2144183.226610332
4027840.133862545
4029890.0626121457
2793208.9423171068
2276956.403941489
4029890.0626121457
4033304.49429677
5671126.210930694
5435318.763554194
4033304.49429677
4035674.2950083073
7240784.831073367
7178121.405307266
12655839.604335278
4036136.3459866275
6738479.956190345
6930150.131244909
4036136.3459866275
4036022.4817940905
4281093.82560331
4576666.130891926
4036022.4817940905
4035866.5258064936
1411658.4764816745
2147058.634975591
4035866.5258064936
4036164.0172384013
2797644.4460749477
2282442.418892164
4036164.0172384013
4035822.0106183295
5678687.74256588
5443219.225737178
4035822.0106183295
4033626.0976284104
7239067.3817953365
7180736.726142111
4033626.0976284104
4030231.25034525
5709942.914104182
5934866.62019466
4030231.25034525
4027924.6086757183
2617602.853034301
3077244.531560485
4027924.6086757183
4028547.2477226397
2144183.226610332
1407202.6460800697
4028547.2477226397
4031575.8469955083
4251090.8799385615
3931110.6921349093
4031575.8469955083
4034731.548808644
6753513.306660598
6556685.465158591
14225881.941846816
4036187.598089579
5717654.401644422
5942275.441503241
4036187.598089579
4035883.732197916
2623540.5728968033
3082262.455717467
4035883.732197916
4035995.135040126
2147058.634975591
1411659.4539519127
4035995.135040126
4036161.6229365664
4257960.417120054
3938564.0467587295
4036161.6229365664
4034977.3332322063
6759491.022443023
6562849.808109778
4034977.3332322063
4031960.735219296
6732945.350755696
6924774.995235912
4031960.735219296
4028772.668522508
4273379.989332642
4569471.883203772
4028772.668522508
4027839.2687630104
1407202.6460800697
2144182.751768404
4027839.2687630104
4029890.3113302714
2793206.9838266103
2276955.3077517585
4029890.3113302714
4033305.579892075
5671126.854064166
5435318.85747668
4033305.579892075
4035673.9065765804
7240784.348397175
7178121.859357968
12455604.487988524
4036136.465620843
6738479.470607446
6930149.077241658
4036136.465620843
4036022.0481945192
4281092.726810593
4576664.342571843
4036022.0481945192
4035865.671907078
1411659.4539519127
2147057.865220029
4035865.671907078
4036164.6272454546
2797643.027749983
2282440.810675527
4036164.6272454546
4035821.5280797295
5678686.962411959
5443218.890183904
4035821.5280797295
4033626.9694762905
7239067.820604184
7180735.517399835
4033626.9694762905
4030230.9630683716
5709942.806420754
5934865.527309972
4030230.9630683716
4027924.4421766736
2617603.2485085772
3077244.8389552366
4027924.4421766736
4028547.672260951
2144182.751768404
1407202.068460874
4028547.672260951
4031575.8944881978
4251091.210470495
3931109.4520907477
4031575.8944881978
4034732.0176926404
6753512.897007126
6556684.277828715
8580720.137602251
4036188.0215267474
5717653.434483446
5942275.903565233
4036188.0215267474
4035882.071574317
2623539.745293727
3082262.694223089
4035882.071574317
4035996.8261347273
2147057.865220029
1411657.2846266325
4035996.8261347273
4036162.328411288
4257959.903900651
3938563.632992212
4036162.328411288
4034976.4338110844
6759490.995127925
6562850.94375486
4034976.4338110844
4031960.9902233435
6732944.049979911
6924775.149251084
4031960.9902233435
4028772.713119513
4273379.748010505
4569471.971378348
4028772.713119513
4027839.4727674453
1407202.068460874
2144183.0826677107
4027839.4727674453
4029890.6572757848
2793207.4478790397
2276955.087988123
4029890.6572757848
4033305.194655394
5671125.760433133
5435318.834795466
4033305.194655394
4035674.1420541885
7240783.29327845
7178121.913938255
