4036134.585957255
4035853.840095299
1956665.1501759554
2538842.69876559
4035853.840095299
4036061.8157700845
2236123.4643975105
1543742.4340053764
4036061.8157700845
4036078.3108249456
4897372.074069869
4622329.700596152
4036078.3108249456
4034454.1946837353
7082171.007541533
6894716.876852928
4034454.1946837353
4031205.9188100295
6351613.802112803
6554590.138345529
4031205.9188100295
4028318.2829456576
3570366.87821224
3919881.6644384777
4028318.2829456576
4028049.6308167595
1539159.6441296404
1951610.1581625012
4028049.6308167595
4030597.817821717
3391200.244939338
2980355.8769946573
4030597.817821717
4033967.430468073
6188307.97232976
5972919.127122248
4033967.430468073
4035926.840855634
7092475.001036006
7274846.822172681
4035926.840855634
4036134.585957255
5142368.080200797
5390974.648750056
6406288.388036733
4035907.305098922
1543742.4340053764
1956667.2003586225
4035907.305098922
4036200.1594931195
3396807.2902354207
2986768.5160793713
4036200.1594931195
4035522.4222189
6195458.422864932
5980338.384829969
4035522.4222189
4032932.470044448
7088977.988715735
7271441.031269427
4032932.470044448
4029555.940658381
5134386.910258386
5383376.14939531
4029555.940658381
4027785.788352582
1951610.1581625012
2534991.6623195666
4027785.788352582
4029047.9174606595
2233010.9224329405
1539160.1654601588
4029047.9174606595
4032345.1619279943
4889932.589857501
4614429.138646358
4032345.1619279943
4035205.8914844245
7077491.362273469
6889904.769215096
4035205.8914844245
4036197.677904965
6358334.436293175
6561094.392560746
4036197.677904965
4035946.804211784
3577465.6142601627
3926324.3255575066
7680919.885599013
4035854.770265917
1956667.2003586225
2538843.967248843
4035854.770265917
4036061.786101951
2236122.6292465283
1543742.1074055529
4036061.786101951
4036078.216200513
4897371.874914133
4622329.376320822
4036078.216200513
4034454.397805258
7082170.699284175
6894717.02674128
4034454.397805258
4031206.069887576
6351613.474574536
6554590.151846963
4031206.069887576
4028317.35917096
3570365.922793795
3919881.3577379524
4028317.35917096
4028049.051065323
1539160.1654601588
1951609.872639757
4028049.051065323
4030598.755311422
3391198.9266217486
2980355.716771521
4030598.755311422
4033968.5967981056
6188307.863033485
5972919.828344795
4033968.5967981056
4035924.5253210263
7092473.6703893095
7274846.642808919
4035924.5253210263
4036134.5557541656
5142369.89947561
5390976.078995667
6623783.598014476
4035906.4904736127
1543742.1074055529
1956666.8432460516
4035906.4904736127
4036201.506914596
3396807.961705045
2986769.0333333337
4036201.506914596
4035523.031772504
6195458.268494854
5980338.872289684
4035523.031772504
4032930.429650477
7088977.359745172
7271440.899239505
4032930.429650477
4029557.6397525403
5134388.846852296
5383377.471145797
4029557.6397525403
4027786.5072796615
1951609.872639757
2534991.181144134
4027786.5072796615
4029046.644338954
2233011.7669274677
1539161.3318975552
4029046.644338954
4032346.8052961435
4889932.778516137
4614428.914821716
4032346.8052961435
4035205.1079881093
7077491.329894137
6889905.11952031
4035205.1079881093
4036198.7321764324
6358334.159704065
6561094.983185355
4036198.7321764324
4035946.46436831
3577465.371858753
3926323.089979395
7346609.210637966
4035854.071383857
1956666.8432460516
2538843.9810089073
4035854.071383857
4036061.5091245067
2236122.063081607
1543741.6652834013
4036061.5091245067
4036079.2733823466
4897371.631347855
4622328.548592681
4036079.2733823466
4034453.1149171423
7082171.1824848
6894715.652088641
4034453.1149171423
4031206.840174488
6351614.120935642
6554589.5859279
4031206.840174488
4028317.2976655876
3570366.751260497
3919881.353224048
4028317.2976655876
4028048.7752754744
1539161.3318975552
1951610.6412502998
4028048.7752754744
4030599.626839295
3391198.4493681304
2980353.86543101
4030599.626839295
4033968.3091953946
6188307.646515667
5972918.281253363
4033968.3091953946
4035924.052544628
7092473.810682598
7274845.1065867245
4035924.052544628
4036135.042735404
5142369.240554162
5390975.48390869
5832646.121823083
4035908.07179095
1543741.6652834013
1956665.1501759554
4035908.07179095
4036200.6158161485
3396807.397122156
2986769.9813063736
4036200.6158161485
4035522.2457686043
6195457.203350362
5980338.968758068
4035522.2457686043
4032932.0543240206
7088976.369337246
7271441.059143556
4032932.0543240206
4029556.1013256083
5134386.865735968
5383377.553596249
4029556.1013256083
4027785.6348460955
1951610.6412502998
2534991.959290496
4027785.6348460955
4029047.627933116
2233010.649708287
1539159.6441296404
4029047.627933116
4032346.412269753
4889930.644539971
4614429.51105395
4032346.412269753
4035204.271508708
7077489.91763658
6889905.465087871
4035204.271508708
4036199.1134933187
6358333.435940413
6561095.280029219
4036199.1134933187
4035945.836086401
3577464.980509383
3926323.150501079
