4036180.1921038344
4035872.1261429084
2457768.2406575177
2942441.330765938
4035872.1261429084
4036001.9666057792
2136135.6228385144
1394988.4035811238
4036001.9666057792
4036159.2089236137
4411553.971221642
4104118.1061069053
4036159.2089236137
4034860.182114462
6844156.806468139
6650013.434036569
4034860.182114462
4031783.4659744506
6651246.236249399
6845360.80010405
4031783.4659744506
4028655.507233066
4110331.273353737
4417355.121466164
4028655.507233066
4027874.08243313
1390545.2404140232
2133286.8685455127
4027874.08243313
4030054.132032003
2926234.802270408
2438301.8369070087
4030054.132032003
4033466.0465364805
5799736.40993177
5569365.174446984
4033466.0465364805
4035740.984989037
7215147.707562215
7210541.217959284
4035740.984989037
4036180.1921038344
5588253.2478792425
5817863.270640435
6723101.427052984
4035871.539834701
1394988.4035811238
2136133.8957714224
4035871.539834701
4036176.101395873
2930951.734990536
2444004.85378306
4036176.101395873
4035760.1277639368
5807237.65729814
5577189.852020049
4035760.1277639368
4033466.6531511466
7212996.514667476
7212730.731293805
4033466.6531511466
4030067.119380105
5580437.630507679
5810370.004581297
4030067.119380105
4027876.463645127
2452052.947258544
2937703.2505524247
4027876.463645127
4028644.9714841484
2133286.8685455127
1390544.7997607584
4028644.9714841484
4031770.470585761
4404513.035006115
4096527.2848720844
4031770.470585761
4034851.5731026414
6838455.391616745
6644138.871220941
4034851.5731026414
4036158.986306732
6657091.64737307
6851034.338227946
4036158.986306732
4036004.1988560334
4117926.0874365224
4424402.57730393
8542771.847472753
4035873.318480497
2457769.847693999
2942441.304412896
4035873.318480497
4036001.9871855048
2136133.8957714224
1394989.8792697834
4036001.9871855048
4036158.7500676075
4411553.979992609
4104118.185382161
4036158.7500676075
4034860.7296539214
6844155.959719296
6650013.188660615
4034860.7296539214
4031783.6887391573
6651246.155363059
6845361.216479549
4031783.6887391573
4028656.0408268212
4110330.6798083587
4417355.007461747
4028656.0408268212
4027873.1322654756
1390544.7997607584
2133286.3800715436
4027873.1322654756
4030054.1410479853
2926234.2026085467
2438301.934139281
4030054.1410479853
4033467.7235113923
5799735.614637068
5569365.425936748
4033467.7235113923
4035740.523389507
7215146.699972623
7210541.614798312
4035740.523389507
4036178.06416485
5588251.067877155
5817862.03937631
7778809.000119202
4035873.7835850716
1394989.8792697834
2136136.137231017
4035873.7835850716
4036176.211562413
2930952.8026173715
2444004.2744746273
4036176.211562413
4035760.1077808673
5807237.540627544
5577191.078336664
4035760.1077808673
4033465.7525808876
7212996.438006217
7212731.390715664
4033465.7525808876
4030067.8357225307
5580437.700855283
5810369.974214843
4030067.8357225307
4027876.487766406
2452052.794787729
2937703.518524275
4027876.487766406
4028645.148023829
2133286.3800715436
1390544.9108635546
4028645.148023829
4031770.2275818232
4404514.179626311
4096527.705238948
4031770.2275818232
4034850.368886249
6838455.493470443
6644139.470901259
4034850.368886249
4036159.238501733
6657091.595705698
6851034.785974865
4036159.238501733
4036003.2533699297
4117925.7188477605
4424403.250333626
8243454.55812562
4035874.412218834
2457770.675685323
2942441.908598797
4035874.412218834
4036000.0361723606
2136136.137231017
1394990.2027496577
4036000.0361723606
4036159.98931832
4411553.109383254
4104116.094326661
4036159.98931832
4034861.0155841443
6844156.260256612
6650011.669251084
4034861.0155841443
4031783.9646840896
6651246.4891524445
6845360.074893517
4031783.9646840896
4028655.34345541
4110329.8594390415
4417353.360872833
4028655.34345541
4027872.8172313664
1390544.9108635546
2133286.8200297826
4027872.8172313664
4030053.566570886
2926233.7632346903
2438300.584277686
4030053.566570886
4033468.2995759523
5799734.86368904
5569363.346596677
4033468.2995759523
4035740.342044722
7215146.515123434
7210540.228014065
4035740.342044722
4036178.0956877386
5588251.368575868
5817860.458342397
6178890.413848623
4035873.4927141354
1394990.2027496577
2136135.6228385144
4035873.4927141354
4036175.9716034615
2930952.781393354
2444005.0749969655
4036175.9716034615
4035759.9694811706
5807235.421013214
5577189.894759636
4035759.9694811706
4033466.600971712
7212995.070081896
7212731.466089139
4033466.600971712
4030067.0963835185
5580437.159423265
5810369.789959481
4030067.0963835185
4027876.860341104
2452052.425825006
2937703.7764493832
4027876.860341104
4028644.5506894593
2133286.8200297826
1390545.2404140232
4028644.5506894593
4031771.299871962
4404512.165950373
4096527.885061228
4031771.299871962
4034850.6004465795
6838454.0878686905
6644140.026388632
4034850.6004465795
4036159.282256648
6657090.2469005035
6851035.191819694
4036159.282256648
4036002.765652453
4117924.518075755
4424403.592095588
