4035925.6591936876
4035939.63853128
1783964.6277785944
1673030.8524220535
4035939.63853128
4036190.013166809
3730025.7456366965
3360864.9121564534
4036190.013166809
4035329.7440506313
6433079.564136919
6226159.435911365
4035329.7440506313
4032566.956633305
6970918.933560737
7156386.697151726
4032566.956633305
4029235.3001502967
4810165.67355207
5075066.345139142
4029235.3001502967
4027763.7511944943
1668317.3849716065
2323924.1200229423
4027763.7511944943
4029365.456058765
2404708.2122760755
1779117.1617233977
4029365.456058765
4032727.358916652
5205876.682284544
4947976.56367362
4032727.358916652
4035417.30502017
7207788.1747972425
7023673.1596500985
4035417.30502017
4036186.601104183
6125980.263283652
6336165.634074669
4036186.601104183
4035925.6591936876
3204167.988007349
3589471.2990774447
5571265.813491749
4036112.984673752
2408251.3261664636
1783964.699962164
4036112.984673752
4035995.7868388873
5213452.640022586
4955962.162504535
4035995.7868388873
4034151.97010205
7211681.913021363
7027673.723140279
4034151.97010205
4030807.544710966
6118791.130293668
6329224.579233791
4030807.544710966
4028142.521245179
3197487.8512767595
3583537.564885051
4028142.521245179
4028214.5402623443
1779117.1617233977
1668318.15363647
4028214.5402623443
4030967.504265105
3723867.288497432
3353999.0251038154
4030967.504265105
4034283.9179339227
6426303.151826465
6219148.982952826
4034283.9179339227
4036033.151375975
6975263.966412198
7160616.242223643
4036033.151375975
4036100.1191312545
4818124.948328264
5082593.578191259
4036100.1191312545
4035838.551293387
1673030.8524220535
2327261.9711074308
4251172.35496175
4035937.903842295
1783964.699962164
1673033.3469379896
4035937.903842295
4036190.1322646225
3730024.952238754
3360865.170982452
4036190.1322646225
4035330.186463138
6433079.1652122885
6226159.6490898635
4035330.186463138
4032566.2251850944
6970918.333703138
7156386.770633602
4032566.2251850944
4029235.235164027
4810165.536651432
5075065.931509819
4029235.235164027
4027764.4710514005
1668318.15363647
2323924.2314228294
4027764.4710514005
4029365.7040962665
2404708.233011888
1779118.0116064006
4029365.7040962665
4032727.396156791
5205877.359108865
4947976.9171015145
4032727.396156791
4035415.7428421397
7207787.729793852
7023673.521923746
4035415.7428421397
4036189.036517773
6125980.612613585
6336166.223268554
4036189.036517773
4035925.9760860545
3204164.8262576894
3589469.188779347
1968931.4622554397
4036113.0210597035
2408250.6620820225
1783964.008894991
4036113.0210597035
4035994.568648093
5213453.9537774315
4955963.629112512
4035994.568648093
4034153.870975242
7211681.6170033375
7027673.330482409
4034153.870975242
4030805.340200598
6118790.309995695
6329223.805767791
4030805.340200598
4028143.083300426
3197487.2947205845
3583537.371282172
4028143.083300426
4028214.1290972
1779118.0116064006
1668318.7596297264
4028214.1290972
4030968.5594591866
3723866.6481578974
3353999.766673083
4030968.5594591866
4034283.918579224
6426303.771698893
6219149.77282393
4034283.918579224
4036031.9719629483
6975263.726322023
7160615.818423159
4036031.9719629483
4036099.124487177
4818125.163681446
5082594.415010049
4036099.124487177
4035840.256799974
1673033.3469379896
2327264.329024598
3612503.8127571056
4035936.1504724883
1783964.008894991
1673032.8106818749
4035936.1504724883
4036191.2690188275
3730024.911426602
3360862.871062574
4036191.2690188275
4035328.852725008
6433078.560283675
6226158.4797236705
4035328.852725008
4032566.5799799417
6970919.269383856
7156385.699789299
4032566.5799799417
4029235.5805705525
4810165.799701552
5075065.89023328
4029235.5805705525
4027764.350880139
1668318.7596297264
2323924.2246073238
4027764.350880139
4029366.2106597098
2404707.4888117434
1779117.334092808
4029366.2106597098
4032727.513367132
5205877.548724062
4947976.942691695
4032727.513367132
4035415.585207915
7207787.9212328885
7023672.320763452
4035415.585207915
4036189.3697781055
6125980.963782359
6336165.151615903
4036189.3697781055
4035926.8922354635
3204165.7594285365
3589467.9375147866
4900988.318010441
4036112.9874638612
2408250.1812060364
1783964.6277785944
4036112.9874638612
4035995.800796626
5213450.868900799
4955963.181384711
4035995.800796626
4034152.0268730973
7211680.406438185
7027674.138797767
4034152.0268730973
4030806.783434242
6118790.41167435
6329224.832082944
4030806.783434242
4028142.2289271965
3197487.302123204
3583537.148930838
4028142.2289271965
4028215.359484935
1779117.334092808
1668317.3849716065
4028215.359484935
4030967.9379816456
3723866.38653642
3353998.971113708
4030967.9379816456
4034283.8343007592
6426302.0627249805
6219150.061854124
4034283.8343007592
4036032.2835283107
6975262.679406828
7160615.93618696
4036032.2835283107
4036099.2792971027
4818124.18126046
5082594.476704765
4036099.2792971027
4035839.6162828375
1673032.8106818749
2327262.400542259
