4033921.726133271
4035922.656669565
7107185.510782987
7271505.009110009
4035922.656669565
4036127.350666172
5187908.637709512
5434433.220861594
4036127.350666172
4035855.770023038
2002460.4882664352
2574305.6802519527
4035855.770023038
4036067.721680608
2217607.677567364
1516808.0001228114
4036067.721680608
4036087.3561362172
4850610.234794418
4572759.798402379
4036087.3561362172
4034485.7892954103
7061264.052324055
6873240.339684446
4034485.7892954103
4031261.4580233637
6383376.646453981
6585377.462446373
4031261.4580233637
4028358.5437262356
3624056.441854965
3968848.922719175
4028358.5437262356
4028031.476780714
1512253.1038715977
1997346.2645823176
4028031.476780714
4030527.8332206765
3343866.908426301
2926385.261020646
4030527.8332206765
4033921.726133271
6152085.780990435
5935387.1633947035
9005347.368277969
4036194.5024212636
6390020.291259276
6591809.3671201095
4036194.5024212636
4035964.3396484526
3631212.1780117573
3975359.5577877723
4035964.3396484526
4035903.2065347643
1516808.0001228114
2002460.3864182464
4035903.2065347643
4036187.1477350225
3349387.8370370157
2932728.9347677105
4036187.1477350225
4035548.1391123002
6159283.414314818
5942856.677730987
4035548.1391123002
4032996.9166767984
7103816.076164363
7272419.667676433
4032996.9166767984
4029591.366320004
5179933.533256421
5426834.507660405
4029591.366320004
4027793.159936577
1997346.2645823176
2570373.82847808
4027793.159936577
4029017.039773252
2214545.596368467
1512252.437644041
4029017.039773252
4032291.541346584
4843199.618176498
4564880.10344496
4032291.541346584
4035160.5676941443
7056476.869595418
6868317.394936049
12412360.716801532
4035922.9362257654
7107185.168479549
7271505.2706310535
4035922.9362257654
4036126.7094399873
5187908.096313308
5434433.548270353
4036126.7094399873
4035857.314944183
2002460.3864182464
2574306.5796769187
4035857.314944183
4036067.0841555023
2217609.0488935937
1516808.5403233783
4036067.0841555023
4036087.9557095957
4850609.701432304
4572760.19280863
4036087.9557095957
4034485.5673779217
7061264.122259712
6873240.554107007
4034485.5673779217
4031261.157543637
6383376.803812655
6585376.873007395
4031261.157543637
4028358.644667643
3624056.7238352047
3968849.164492551
4028358.644667643
4028031.4069677386
1512252.437644041
1997345.1629860448
4028031.4069677386
4030529.1288860613
3343866.0267646927
2926384.4132484784
4030529.1288860613
4033920.055114837
6152085.658893583
5935387.800897308
14288745.476468723
4036194.743642287
6390020.379169105
6591809.986797334
4036194.743642287
4035964.3070354946
3631211.8093249835
3975359.3966603237
4035964.3070354946
4035904.8319589803
1516808.5403233783
2002460.5111287464
4035904.8319589803
4036186.207156864
3349389.505744792
2932730.7573994817
4036186.207156864
4035547.466313423
6159283.557862285
5942857.390882899
4035547.466313423
4032996.3793060086
7103815.812856474
7272419.961220162
4032996.3793060086
4029592.77620314
5179933.822706311
5426835.269948728
4029592.77620314
4027794.01098882
1997345.1629860448
2570373.056657286
4027794.01098882
4029017.027382544
2214547.4932009317
1512254.1486026228
4029017.027382544
4032289.599577434
4843199.986191026
4564880.907795556
4032289.599577434
4035161.0061664823
7056477.091735261
6868317.306047453
12208136.251441583
4035923.351391963
7107185.697440386
7271503.907090722
4035923.351391963
4036126.662709427
5187908.596212339
5434432.647102941
4036126.662709427
4035856.4092192184
2002460.5111287464
2574305.6878215666
4035856.4092192184
4036068.108583617
2217607.9346837676
1516808.7824891196
4036068.108583617
4036086.8384422096
4850610.33346467
4572759.4253670275
4036086.8384422096
4034486.339206231
7061264.023220098
6873238.559897719
4034486.339206231
4031260.6396630476
6383377.0764323585
6585375.905281495
4031260.6396630476
4028359.2617582357
3624056.923323003
3968849.7383074355
4028359.2617582357
4028031.5203240677
1512254.1486026228
1997346.5803208218
4028031.5203240677
4030529.476877158
3343865.933520553
2926383.597549366
4030529.476877158
4033919.9365551136
6152086.499835546
5935386.899356201
8606291.271547431
4036194.844940916
6390019.101549805
6591810.157757776
4036194.844940916
4035964.7342528123
3631211.386057611
3975359.687167341
4035964.7342528123
4035903.5295858975
1516808.7824891196
2002460.4882664352
4035903.5295858975
4036186.985487277
3349387.331324053
2932729.3483744315
4036186.985487277
4035548.241053553
6159282.35591385
5942857.342147116
4035548.241053553
4032996.3460908565
7103814.610936277
7272419.772553104
4032996.3460908565
4029591.384818212
5179933.006543019
5426835.183430821
4029591.384818212
4027793.723241174
1997346.5803208218
2570373.543416301
4027793.723241174
4029017.5018036384
2214546.282892312
1512253.1038715977
4029017.5018036384
4032290.43148046
4843199.30920379
4564880.67646419
4032290.43148046
4035160.7669715746
7056475.82665076
6868317.6739977235
