4034880.4784041387
4036162.9416778767
6635419.480410383
6829976.257863491
4036162.9416778767
4035999.0722052637
4075833.4862828557
4385249.863891941
4035999.0722052637
4035875.99727546
1395671.1197636246
2136579.0526736677
4035875.99727546
4036178.039162124
2966066.5622155424
2486005.779448054
4036178.039162124
4035743.366546525
5839506.544033984
5610781.483947839
4035743.366546525
4033426.3136895145
7205387.915926969
7219972.414196478
4033426.3136895145
4030023.7168651377
5546639.927896097
5777914.281017659
4030023.7168651377
4027867.3597249016
2410278.1214120095
2902922.3995498
4027867.3597249016
4028689.2034364794
2133732.0357625745
1391227.02492795
4028689.2034364794
4031801.551096362
4443586.044281033
4138503.795500283
4031801.551096362
4034880.4784041387
6859363.427402409
6665654.696255548
8954251.823209694
4036176.1622148748
5554475.996484343
5785426.109743092
4036176.1622148748
4035870.818877306
2415938.902842925
2907588.365118188
4035870.818877306
4036019.481626482
2136579.0526736677
1395669.6557574633
4036019.481626482
4036141.169831282
4450664.515865576
4146124.5632125814
4036141.169831282
4034830.474683269
6864989.732514736
6671451.186679648
4034830.474683269
4031736.5420192387
6629496.8492503995
6824229.517996782
4031736.5420192387
4028624.478619711
4068269.291995361
4378241.810105031
4028624.478619711
4027888.1603942206
1391227.02492795
2133732.0578783653
4027888.1603942206
4030094.546923281
2961278.6717677014
2480246.439806225
4030094.546923281
4033508.888020523
5832022.915914016
5602981.016881599
4033508.888020523
4035757.2046058113
7207648.10725248
7217893.105064639
12661611.938626295
4036161.6972527895
6635419.389718738
6829976.136732
4036161.6972527895
4035999.4396801246
4075831.94534433
4385249.075552196
4035999.4396801246
4035875.4453184707
1395669.6557574633
2136577.9543990507
4035875.4453184707
4036178.49075766
2966067.4630536367
2486005.5115924734
4036178.49075766
4035743.7986171693
5839506.297561092
5610781.7604373405
4035743.7986171693
4033425.6899051857
7205387.533178585
7219972.511297061
4033425.6899051857
4030023.8800586644
5546640.461259447
5777914.353438088
4030023.8800586644
4027867.7526797755
2410278.792180637
2902923.410645659
4027867.7526797755
4028689.19533275
2133732.0578783653
1391226.2423655705
4028689.19533275
4031800.5549910935
4443586.255008495
4138503.1236479995
4031800.5549910935
4034882.5387831843
6859362.914820064
6665654.602791138
14158376.094248146
4036174.9630397665
5554475.660588653
5785424.710895192
4036174.9630397665
4035869.935326661
2415938.9066840103
2907588.1791999983
4035869.935326661
4036021.910348922
2136577.9543990507
1395668.6677717422
4036021.910348922
4036138.8348842873
4450665.437997383
4146125.572097393
4036138.8348842873
4034830.98976436
6864989.481243393
6671450.72256378
4034830.98976436
4031737.2645112616
6629497.322821653
6824229.134687375
4031737.2645112616
4028625.2086253283
4068269.846643783
4378241.753716971
4028625.2086253283
4027887.7601393443
1391226.2423655705
2133731.658814691
4027887.7601393443
4030093.0690216776
2961279.1674595047
2480247.5035979147
4030093.0690216776
4033509.252982563
5832021.368791355
5602979.824823674
4033509.252982563
4035759.026944376
7207648.513656143
7217892.654376823
12461471.147022462
4036161.383558726
6635418.8676872095
6829975.203564356
4036161.383558726
4035999.079351171
4075831.9287673305
4385247.464233187
4035999.079351171
4035876.150958782
1395668.6677717422
2136578.723652489
4035876.150958782
4036178.0935408147
2966068.9648134923
2486007.1650399812
4036178.0935408147
4035742.433567773
5839506.5587232
5610780.772834108
4035742.433567773
4033426.266626903
7205387.348973323
7219970.916269469
4033426.266626903
4030023.7769456655
5546639.97366129
5777914.267225624
4030023.7769456655
4027868.5787573066
2410278.938606063
2902923.787186644
4027868.5787573066
4028688.339237932
2133731.658814691
1391227.4099325251
4028688.339237932
4031800.565128881
4443585.728325021
4138502.6541997236
4031800.565128881
4034882.8997682976
6859362.733925755
6665653.467175893
8552853.051892849
4036175.948349707
5554475.285079194
5785425.294457316
4036175.948349707
4035871.2943614246
2415937.971298195
2907588.3015196794
4035871.2943614246
4036018.7374547124
2136578.723652489
1395671.1197636246
4036018.7374547124
4036141.3162350394
4450663.7444440015
4146124.8727268004
4036141.3162350394
4034830.9144227207
6864988.758741335
6671451.576159486
4034830.9144227207
4031736.0446136585
6629496.036067974
6824229.502139392
4031736.0446136585
4028624.261365651
4068269.261230795
4378241.954183996
4028624.261365651
4027888.404085741
1391227.4099325251
2133732.0357625745
4027888.404085741
4030094.0653683296
2961278.115968324
2480247.07973347
4030094.0653683296
4033508.269408283
5832021.253513989
5602980.069375234
4033508.269408283
4035758.8875095723
7207646.8708714545
7217893.223099585
