4033503.437221717
4035770.8119665165
7208678.184114723
7216926.597369683
4035770.8119665165
4036160.6656262497
5559023.491795917
5789790.259577008
4036160.6656262497
4035873.403754729
2421549.3913767342
2912256.1087430245
4035873.403754729
4036017.914994385
2136431.1541162007
1395449.0081776546
4036017.914994385
4036154.173779004
4445413.268014139
4140489.5539635355
4036154.173779004
4034822.9941361006
6862214.631972987
6668595.334098148
4034822.9941361006
4031743.746170938
6632440.1825644765
6827089.3659985075
4031743.746170938
4028640.1394857406
4073929.9086886817
4383502.772206236
4028640.1394857406
4027886.2501254496
1391006.9369093967
2133586.009861984
4027886.2501254496
4030074.96314107
2956558.963016598
2474606.2209728123
4030074.96314107
4033503.437221717
5827697.487527074
5598477.141377551
8961179.488481525
4036160.1489847396
6638352.096833498
6832826.555876811
4036160.1489847396
4036013.633422915
4081498.172818105
4390517.477576321
4036013.633422915
4035873.8751980034
1395449.0081776546
2136431.400997387
4035873.8751980034
4036166.559467446
2961337.17019891
2480358.176209726
4036166.559467446
4035745.5065838285
5835184.339907023
5606282.9822807675
4035745.5065838285
4033441.2223113375
7206432.148114972
7219019.938333323
4033441.2223113375
4030018.340172621
5551192.7570557585
5782284.697893564
4030018.340172621
4027871.5549741536
2415880.433925539
2907580.1115887803
4027871.5549741536
4028681.358267664
2133586.009861984
1391006.5791786243
4028681.358267664
4031809.69267356
4438338.1250318885
4132871.4455922847
4031809.69267356
4034865.8653985667
6856578.756210438
6662788.084689578
12185408.496833296
4035769.2195419073
7208678.784246653
7216925.7834847635
4035769.2195419073
4036162.70360302
5559025.073628671
5789791.245698478
4036162.70360302
4035872.6329782563
2421546.8856844865
2912253.684504923
4035872.6329782563
4036017.711682678
2136431.400997387
1395450.8311566822
4036017.711682678
4036153.749011977
4445413.14696606
4140489.7262134985
4036153.749011977
4034823.8883858207
6862214.44949696
6668594.924721415
4034823.8883858207
4031742.2184991953
6632439.622221756
6827088.962100685
4031742.2184991953
4028641.294015701
4073930.1159649994
4383502.723595495
4028641.294015701
4027886.0231557027
1391006.5791786243
2133584.6808643355
4027886.0231557027
4030075.842000845
2956559.4894804433
2474607.89848224
4030075.842000845
4033501.994788645
5827698.31946742
5598477.74990352
14177856.234256191
4036161.8048890675
6638351.655206568
6832827.074942116
4036161.8048890675
4036011.7546010185
4081497.5549616166
4390516.301763267
4036011.7546010185
4035874.6848334693
1395450.8311566822
2136432.2330300463
4035874.6848334693
4036166.1030100784
2961336.549094703
2480357.140739477
4036166.1030100784
4035747.4081127965
5835183.674355083
5606282.823191429
4035747.4081127965
4033440.479029174
7206432.045836385
7219021.114891957
4033440.479029174
4030017.5559890554
5551191.849767228
5782284.5815003915
4030017.5559890554
4027871.255720655
2415880.2634849013
2907580.6663860325
4027871.255720655
4028681.011685536
2133584.6808643355
1391006.2652223771
4028681.011685536
4031810.9910292756
4438337.952081151
4132870.765060438
4031810.9910292756
4034864.6831093202
6856578.639440126
6662788.708113738
11977319.883222053
4035769.1810394395
7208678.449320539
7216924.184679319
4035769.1810394395
4036162.8810944543
5559024.803116491
5789791.016744938
4036162.8810944543
4035873.388200289
2421548.522666643
2912253.4753418667
4035873.388200289
4036016.81205514
2136432.2330300463
1395451.0128642437
4036016.81205514
4036154.0212627724
4445412.954925532
4140488.5899246787
4036154.0212627724
4034824.022267019
6862214.54327509
6668593.14778071
4034824.022267019
4031743.075588552
6632439.9536594795
6827087.865913761
4031743.075588552
4028641.0786945713
4073930.068995689
4383501.710164281
4028641.0786945713
4027886.112944698
1391006.2652223771
2133584.8609514427
4027886.112944698
4030076.0172823123
2956559.1321037314
2474607.3352592983
4030076.0172823123
4033501.532359043
5827698.348065912
5598477.218725475
8560056.417845992
4036161.4864135995
6638350.819077841
6832826.392472863
4036161.4864135995
4036012.623315608
4081497.5786855835
4390516.539594181
4036012.623315608
4035874.6498263604
1395451.0128642437
2136431.1541162007
4035874.6498263604
4036166.3745864695
2961337.161494879
2480357.866928685
4036166.3745864695
4035745.4458345165
5835182.688897192
5606283.392452278
4035745.4458345165
4033441.5971055874
7206431.206145727
7219020.164837018
4033441.5971055874
4030017.468156174
5551191.034442565
5782284.608322978
4030017.468156174
4027871.4892279604
2415880.0973164616
2907580.3507318106
4027871.4892279604
4028680.948742265
2133584.8609514427
1391006.9369093967
4028680.948742265
4031811.0321393954
4438336.910653827
4132871.3140999274
4031811.0321393954
4034864.427806079
6856577.718224685
6662788.9620877635
