4035625.8021488786
4036192.171956381
5825775.087646206
6046386.332875086
4036192.171956381
4035879.605537067
2768684.0693428596
3206717.533180303
4035879.605537067
4035982.2166669355
2147389.066949745
1449940.4024983773
4035982.2166669355
4036184.6965572517
4124789.6785107288
3794209.203808108
4036184.6965572517
4035071.163355409
6682428.112449959
6483454.809396159
4035071.163355409
4032104.878679276
6799088.729776259
6989107.141574136
4032104.878679276
4028891.901421919
4412047.288584347
4699418.999998251
4028891.901421919
4027812.5014778026
1445449.3038796578
2169472.3041960066
4027812.5014778026
4029757.0145256394
2684394.8929485776
2142081.499209487
4029757.0145256394
4033146.2514560516
5557296.1084764255
5316446.941413067
4033146.2514560516
4035625.8021488786
7258172.329632249
7145472.624110037
8633318.546048598
4036050.7533379085
4419844.816711772
4706723.543086075
4036050.7533379085
4035860.805635715
1449940.4024983773
2172416.844446137
4035860.805635715
4036152.9005914545
2688591.7330091
2147388.84317244
4036152.9005914545
4035859.593538601
5564884.790367398
5324393.885187385
4035859.593538601
4033772.464039641
7256833.066831413
7148448.880144008
4033772.464039641
4030375.9386141715
5818170.9240212925
6039069.459255895
4030375.9386141715
4027957.7891766457
2762556.3767506853
3201462.053551534
4027957.7891766457
4028457.2074024156
2142081.499209487
1445449.5890884823
4028457.2074024156
4031434.522615339
4118078.0906006023
3786887.2193087144
4031434.522615339
4034624.3800072186
6676225.041755458
6477054.390223892
4034624.3800072186
4036101.9542985912
6804339.989916413
6994209.854945411
12344679.088733591
4036193.834856798
5825776.927109794
6046387.263310635
4036193.834856798
4035879.863250678
2768684.7461171886
3206718.1242130706
4035879.863250678
4035982.31056747
2147388.84317244
1449939.5760366188
4035982.31056747
4036183.7839298616
4124790.073195919
3794209.2750312327
4036183.7839298616
4035071.2727738386
6682427.224855095
6483454.615829398
4035071.2727738386
4032105.8100407813
6799088.60306181
6989107.029884314
4032105.8100407813
4028890.4700590414
4412046.13685256
4699418.623683489
4028890.4700590414
4027813.201289151
1445449.5890884823
2169474.074300771
4027813.201289151
4029756.7184498413
2684394.4894799134
2142081.370597521
4029756.7184498413
4033146.197696329
5557295.97531704
5316446.405468681
4033146.197696329
4035624.566257322
7258171.746896538
7145472.767119777
13336250.330781115
4036051.0773182893
4419845.229352202
4706722.806697313
4036051.0773182893
4035859.921608552
1449939.5760366188
2172417.681779831
4035859.921608552
4036152.7831728724
2688591.8004267877
2147387.2621004023
4036152.7831728724
4035860.278090011
5564884.3599144425
5324393.068335006
4035860.278090011
4033769.8585815555
7256832.4379390925
7148449.465059535
4033769.8585815555
4030378.2800932904
5818172.084262677
6039071.257631306
4030378.2800932904
4027957.7854035916
2762554.7306627193
3201460.7979315524
4027957.7854035916
4028455.6861956264
2142081.370597521
1445449.7071214442
4028455.6861956264
4031434.769396925
4118078.2597437194
3786886.714878261
4031434.769396925
4034625.4670490674
6676224.474077062
6477054.121189009
4034625.4670490674
4036102.157879787
6804339.299579225
6994209.701072479
12139333.028432526
4036194.003955575
5825776.258669799
6046386.888296266
4036194.003955575
4035880.322499181
2768684.1416097153
3206718.3127619736
4035880.322499181
4035980.8324856446
2147387.2621004023
1449939.7288366742
4035980.8324856446
4036184.6501036496
4124788.9663722096
3794208.4695362803
4036184.6501036496
4035072.0631166687
6682427.597322324
6483453.522991201
4035072.0631166687
4032104.760108623
6799088.177353054
6989104.765802004
4032104.760108623
4028891.0697885766
4412046.445823077
4699417.377771189
4028891.0697885766
4027813.8379608183
1445449.7071214442
2169473.682316988
4027813.8379608183
4029755.8418215653
2684395.4976487374
2142081.872076081
4029755.8418215653
4033146.1552301743
5557295.901228081
5316445.608391317
4033146.1552301743
4035624.730779308
7258172.15208282
7145470.929814594
8216330.847344634
4036050.953355392
4419845.100257018
4706723.286006164
4036050.953355392
4035860.4176111566
1449939.7288366742
2172416.571685529
4035860.4176111566
4036153.112459981
2688592.240728614
2147389.066949745
4036153.112459981
4035859.281150479
5564883.768615144
5324393.747508618
4035859.281150479
4033772.0276488382
7256831.134532447
7148449.590915272
4033772.0276488382
4030376.855656351
5818169.566355544
6039070.869200233
4030376.855656351
4027957.988668264
2762555.1204457046
3201460.790439128
4027957.988668264
4028456.210222402
2142081.872076081
1445449.3038796578
4028456.210222402
4031433.945662348
4118078.0610482264
3786887.514261568
4031433.945662348
4034625.2961211046
6676223.04922511
6477054.358013178
4034625.2961211046
4036102.331817968
6804338.284465861
6994210.339729702
