4035883.1645788937
4035999.196315056
2143742.555351002
1406618.9788963818
4035999.196315056
4036159.6692955527
4284409.31702758
3967139.464422149
4036159.6692955527
4034957.3032633387
6774390.871302517
6578193.602984658
4034957.3032633387
4031931.878358841
6719296.322937444
6911505.504674795
4031931.878358841
4028764.3986050137
4245547.592650099
4543451.228046583
4028764.3986050137
4027832.1891455227
1402165.8047648778
2140876.881132895
4027832.1891455227
4029918.8831556872
2815564.404470587
2304324.400804747
4029918.8831556872
4033332.1857993044
5693475.7005954385
5458630.426639978
4033332.1857993044
4035698.452524548
7236800.513676689
7184104.217869013
4035698.452524548
4036170.9094911665
5695732.940981166
5921180.551467721
4036170.9094911665
4035883.1645788937
2594858.420018476
3057886.6509262878
5497113.865017396
4036166.5919826776
2820047.729301148
2309846.818790994
4036166.5919826776
4035811.607430542
5701026.261371804
5466519.540671443
4035811.607430542
4033610.9701362657
7235007.860313394
7186647.178281532
4033610.9701362657
4030191.08249555
5688001.356238521
5913757.087348731
4030191.08249555
4027916.254125307
2588956.2132608215
3052915.486199616
4027916.254125307
4028563.804148382
2140876.881132895
1402166.453138377
4028563.804148382
4031608.368985922
4277506.757710767
3959661.5524977557
4031608.368985922
4034753.4110742095
6768457.957735877
6572077.610930964
4034753.4110742095
4036138.6833559545
6724884.073089941
6916932.78998672
4036138.6833559545
4036032.6694234204
4253243.015565608
4550624.130744418
4036032.6694234204
4035854.45635309
1406618.9788963818
2143743.605808999
3356435.73077119
4035998.6834427286
2143743.605808999
1406617.9053432674
4035998.6834427286
4036159.3990753684
4284408.817166804
3967138.574008168
4036159.3990753684
4034957.3629335756
6774390.784291112
6578193.566372482
4034957.3629335756
4031931.196653519
6719296.005386186
6911504.903594906
4031931.196653519
4028764.8005032046
4245548.917289738
4543452.1212598635
4028764.8005032046
4027832.886396387
1402166.453138377
2140878.0314998534
4027832.886396387
4029917.578904695
2815564.2949956236
2304324.7215716476
4029917.578904695
4033331.8212909587
5693474.621509512
5458630.167900112
4033331.8212909587
4035701.0934244464
7236800.509712131
7184103.870927095
4035701.0934244464
4036171.0482374453
5695730.909814014
5921180.7458779765
4036171.0482374453
4035882.153043519
2594857.3747096
3057886.5196130434
771047.2567891632
4036169.318607113
2820046.4715318857
2309845.0406546216
4036169.318607113
4035808.6749353167
5701027.220099988
5466519.953542742
4035808.6749353167
4033613.344496668
7235008.500702818
7186646.098504066
4033613.344496668
4030190.4748365916
5687999.7585722115
5913755.998234033
4030190.4748365916
4027916.775923396
2588956.046445567
3052914.127942703
4027916.775923396
4028562.237530535
2140878.0314998534
1402167.7858546833
4028562.237530535
4031607.947950362
4277506.607131681
3959661.2998266737
4031607.947950362
4034754.402268549
6768458.006867954
6572076.972649944
4034754.402268549
4036138.894128442
6724884.424540743
6916932.788308183
4036138.894128442
4036033.4903786145
4253243.224845086
4550623.598289298
4036033.4903786145
4035852.340418924
1406617.9053432674
2143743.833002026
2498728.7779155825
4035998.788770389
2143743.833002026
1406618.0733641551
4035998.788770389
4036159.1971968072
4284409.999518246
3967138.967621323
4036159.1971968072
4034958.0568538588
6774389.998477876
6578192.688778724
4034958.0568538588
4031930.835213703
6719296.103394799
6911503.30587462
4031930.835213703
4028764.103215206
4245547.60230671
4543451.266824761
4028764.103215206
4027833.239869336
1402167.7858546833
2140877.534201148
4027833.239869336
4029918.1516572856
2815564.1489848443
2304324.0023087165
4029918.1516572856
4033331.1879819096
5693474.765229199
5458629.928945515
4033331.1879819096
4035701.15339151
7236800.544126495
7184102.848396183
4035701.15339151
4036171.265870037
5695730.70856555
5921178.567647251
4036171.265870037
4035882.2222669567
2594856.5240728026
3057885.727702082
4816540.507528026
4036166.3568316516
2820048.2400559797
2309847.3722138074
4036166.3568316516
4035811.810929862
5701025.350869909
5466520.177328932
4035811.810929862
4033610.607400005
7235006.545041601
7186647.276321851
4033610.607400005
4030191.8266432043
5688000.24027116
5913756.920416542
4030191.8266432043
4027915.9242078396
2588956.4101204043
3052915.272191381
4027915.9242078396
4028563.2943828437
2140877.534201148
1402165.8047648778
4028563.2943828437
4031608.1265829736
4277506.132459006
3959661.3496573004
4031608.1265829736
4034754.0734515265
6768457.1998385135
6572077.537231123
4034754.0734515265
4036139.2290592506
6724883.342778673
6916933.372182615
4036139.2290592506
4036033.4178730096
4253241.756668388
4550625.07969954
4036033.4178730096
4035853.66844593
1406618.0733641551
2143742.555351002
