4036199.5011910684
4035900.77446946
2909310.5098810946
3328897.0365234246
4035900.77446946
4035954.2130982755
2022603.4587256825
1505871.1063103767
4035954.2130982755
4036194.4597874847
3996625.042908051
3654478.759257181
4036194.4597874847
4035157.9105747873
6604978.65197392
6403604.0580975665
4035157.9105747873
4032263.9804858365
6858779.269207715
7047192.293751669
4032263.9804858365
4028987.7742247027
4543293.517856008
4822858.150360109
4028987.7742247027
4027792.969011034
1501328.2079126115
2207102.0171307568
4027792.969011034
4029626.6768982923
2586028.9301373893
2017457.690627086
4029626.6768982923
4033022.0948341233
5445586.644320116
5199572.0439240085
4033022.0948341233
4035547.79243692
7270727.011358686
7110071.836385631
4035547.79243692
4036199.5011910684
5926457.751347888
6143462.945457958
6996851.026404951
4035856.9082135805
1505871.1063103767
2210144.761878973
4035856.9082135805
4036140.2144165263
2590003.808046923
2022603.1577946541
4036140.2144165263
4035915.9022527575
5453188.364060865
5207548.588023241
4035915.9022527575
4033885.573720129
7269754.5464351345
7113388.218642692
4033885.573720129
4030520.2583776326
5918972.400912397
6136250.6999300225
4030520.2583776326
4028018.743863814
2902998.2574206684
3323414.6365007726
4028018.743863814
4028359.891117968
2017457.690627086
1501327.3338671227
4028359.891117968
4031290.0087774964
3990080.4683979237
3647294.012400313
4031290.0087774964
4034512.7679923098
6598574.736716146
6396991.7239826685
4034512.7679923098
4036094.8508242266
6863748.994004491
7052023.659135853
4036094.8508242266
4036053.064274033
4551158.849578698
4830250.423886246
9216235.586198198
4035901.276197616
2909310.67024932
3328898.4815753056
4035901.276197616
4035954.470769279
2022603.1577946541
1505870.3606497701
4035954.470769279
4036193.7646061033
3996625.0469202567
3654478.830186067
4036193.7646061033
4035158.497451231
6604977.573273305
6403604.119353881
4035158.497451231
4032263.957715729
6858779.699564748
7047192.577945277
4032263.957715729
4028988.3326510494
4543293.5386966765
4822858.025533906
4028988.3326510494
4027792.796524675
1501327.3338671227
2207102.0348597886
4027792.796524675
4029625.804272329
2586029.6688433895
2017458.05655453
4029625.804272329
4033024.0138906767
5445586.0503891315
5199572.413359026
4033024.0138906767
4035545.2686821194
7270726.303283778
7110072.515531781
4035545.2686821194
4036199.5126483506
5926459.31634592
6143463.309617435
8690877.849719033
4035856.7404927057
1505870.3606497701
2210144.759495051
4035856.7404927057
4036140.0915711108
2590004.0600993214
2022603.3267122055
4036140.0915711108
4035916.6260399106
5453188.434141486
5207547.931802519
4035916.6260399106
4033883.88752196
7269754.682002301
7113388.349084444
4033883.88752196
4030521.9060737886
5918973.000843596
6136251.603530947
4030521.9060737886
4028019.1248722714
2902997.9033149667
3323415.0684929453
4028019.1248722714
4028358.506988311
2017458.05655453
1501327.5780346976
4028358.506988311
4031289.868129035
3990080.818010181
3647293.746356618
4031289.868129035
4034514.4617542485
6598574.745781538
6396991.483038345
4034514.4617542485
4036093.883705292
6863748.190748854
7052023.509782735
4036093.883705292
4036053.3127560783
4551158.967560224
4830250.064866434
8939469.301042682
4035900.980924744
2909309.598033258
3328896.55936276
4035900.980924744
4035954.884630123
2022603.3267122055
1505869.9009377332
4035954.884630123
4036194.8766395743
3996625.264112129
3654478.7933601486
4036194.8766395743
4035157.339804362
6604978.261524626
6403603.634739211
4035157.339804362
4032263.8885560567
6858779.251763219
7047190.721908137
4032263.8885560567
4028988.4326081155
4543294.383630518
4822857.729661839
4028988.4326081155
4027793.0990050286
1501327.5780346976
2207101.5990038696
4027793.0990050286
4029625.753254447
2586029.8992333063
2017458.4485683187
4029625.753254447
4033023.693427194
5445586.015307194
5199571.243262194
4033023.693427194
4035545.229442911
7270726.287070809
7110071.501636796
4035545.229442911
4036199.8555282787
5926459.267325926
6143463.0648887865
6475647.616298885
4035855.9051420246
1505869.9009377332
2210143.713402331
4035855.9051420246
4036140.2412699023
2590004.191261498
2022603.4587256825
4036140.2412699023
4035916.084759535
5453188.11738972
5207548.863965403
4035916.084759535
4033885.448397426
7269752.8360138675
7113389.1971357325
4033885.448397426
4030520.0686013144
5918971.023675671
6136250.855959854
4030520.0686013144
4028019.1043120124
2902997.8158082496
3323415.0093310317
4028019.1043120124
4028359.447785537
2017458.4485683187
1501328.2079126115
4028359.447785537
4031289.590893457
3990080.123508886
3647294.592084385
4031289.590893457
4034514.233269888
6598573.579691274
6396991.759010175
4034514.233269888
4036093.959652807
6863747.284292843
7052023.609001714
4036093.959652807
4036054.0110426545
4551159.023073045
4830250.0004990585
