4033673.6899423683
4035833.6626722375
7173137.511569564
7243876.780089354
4035833.6626722375
4036150.073014301
5414049.608340135
5650729.255894813
4036150.073014301
4035864.9506012844
2248564.863545232
2770074.6971079307
4035864.9506012844
4036037.8283551414
2151974.808257493
1419131.814349545
4036037.8283551414
4036130.9761833115
4609017.583395839
4315658.108293913
4036130.9761833115
4034692.709820585
6946391.538209986
6755179.063939289
4034692.709820585
4031550.1260267473
6537318.476191983
6734710.974628862
4031550.1260267473
4028522.023694441
3895497.0924890838
4218174.7649450265
4028522.023694441
4027937.335512344
1414667.5711213483
2149086.669646906
4027937.335512344
4030254.689540387
3107729.05845156
2653367.9588468196
4030254.689540387
4033673.6899423683
5960960.50322707
5737059.428882315
8982961.533706807
4036176.203896679
6543539.092439477
6740743.011543163
4036176.203896679
4035993.0619745306
3902914.2093839394
4225004.9290222395
4035993.0619745306
4035885.5540887723
1419131.814349545
2151974.9541129
4035885.5540887723
4036176.332320557
3112809.9686803683
2659356.5561870704
4036176.332320557
4035671.2202076125
5968351.512656293
5744750.376266592
4035671.2202076125
4033265.8660711297
7170434.214296762
7245503.499013405
4033265.8660711297
4029844.212587178
5406138.835008379
5643165.018569275
4029844.212587178
4027833.1098887986
2243127.531934528
2765702.6362477154
4027833.1098887986
4028809.9542518347
2149086.669646906
1414667.7777899946
4028809.9542518347
4032003.074156542
4601789.334412903
4307916.670649823
4032003.074156542
4034989.262361611
6941080.126963766
6749711.185728203
12284767.302213738
4035835.341775782
7173137.361083004
7243876.5210128995
4035835.341775782
4036149.495283831
5414049.048600779
5650729.557460281
4036149.495283831
4035864.56873729
2248564.5127311815
2770075.247699651
4035864.56873729
4036038.0559443557
2151974.9541129
1419130.8549683567
4036038.0559443557
4036131.440118627
4609017.336493211
4315657.007520223
4036131.440118627
4034692.402742618
6946391.899963046
6755179.33372115
4034692.402742618
4031549.552906588
6537317.360000254
6734710.60129437
4031549.552906588
4028522.3583903606
3895497.177402123
4218175.064920792
4028522.3583903606
4027937.0214225515
1414667.7777899946
2149085.87093326
4027937.0214225515
4030254.9468869735
3107729.0863419264
2653368.656896314
4030254.9468869735
4033672.2629549894
5960960.535509734
5737059.2842853265
14232632.23354033
4036177.7937650755
6543538.806952248
6740744.078077326
4036177.7937650755
4035992.4285146785
3902914.0711510773
4225003.673465385
4035992.4285146785
4035883.514778839
1419130.8549683567
2151973.85550355
4035883.514778839
4036177.0455536884
3112808.309185925
2659356.7224834654
4036177.0455536884
4035671.2741948483
5968350.577793238
5744748.916131798
4035671.2741948483
4033267.6089158696
7170434.567989379
7245503.48889322
4033267.6089158696
4029843.7616431
5406138.403201185
5643164.999002046
4029843.7616431
4027832.9598947032
2243128.1163045713
2765703.065362625
4027832.9598947032
4028810.1204718505
2149085.87093326
1414667.4009257772
4028810.1204718505
4032003.7694218145
4601789.488826247
4307917.43479259
4032003.7694218145
4034987.786026761
6941080.194516026
6749711.788166086
12078388.28893934
4035835.436042123
7173137.861382397
7243875.226149062
4035835.436042123
4036149.468658634
5414048.31257243
5650728.065595776
4036149.468658634
4035864.1723224106
2248564.2870700294
2770074.63440314
4035864.1723224106
4036039.5022045244
2151973.85550355
1419131.2171368594
4036039.5022045244
4036130.0186296687
4609017.863694771
4315658.130765993
4036130.0186296687
4034693.2634147294
6946391.411222455
6755177.6536172535
4034693.2634147294
4031549.8940665866
6537317.70315875
6734709.287388742
4031549.8940665866
4028522.4153815047
3895497.0150122712
4218174.664550592
4028522.4153815047
4027936.6721132714
1414667.4009257772
2149086.1058036317
4027936.6721132714
4030254.7822754914
3107728.673748553
2653367.454760931
4030254.7822754914
4033672.7447284316
5960960.6230836995
5737057.817483695
8582858.743220389
4036178.2903966997
6543537.760131842
6740744.105369203
4036178.2903966997
4035992.553203719
3902913.049123981
4225004.225246249
4035992.553203719
4035884.7615268733
1419131.2171368594
2151974.808257493
4035884.7615268733
4036176.7311911583
3112808.4597601853
2659356.395778894
4036176.7311911583
4035671.1828270582
5968351.4322687825
5744750.659404178
4035671.1828270582
4033266.663934738
7170432.82099341
7245503.372818264
4033266.663934738
4029843.158880361
5406137.107264552
5643165.405322467
4029843.158880361
4027833.3964440795
2243128.164773175
2765703.2497825488
4027833.3964440795
4028809.9702452924
2149086.1058036317
1414667.5711213483
4028809.9702452924
4032003.5349253323
4601787.6212120475
4307917.226932193
4032003.5349253323
4034987.6480548237
6941078.766474974
6749711.703515904
