4036141.12510928
4035857.5800102768
2035001.3808388666
2599700.47841181
4035857.5800102768
4036051.8303628615
2205744.889097275
1499403.1463312118
4036051.8303628615
4036094.751570293
4817790.067988834
4537933.2180797765
4036094.751570293
4034525.4625371275
7046328.533616183
6857897.637178715
4034525.4625371275
4031303.159941132
6405271.037021768
6606602.036318784
4031303.159941132
4028368.7696054387
3661497.1273078034
4003067.3752604583
4028368.7696054387
4028013.6839294545
1494865.657874009
2029844.4520882245
4028013.6839294545
4030506.310070532
3310943.963356372
2888712.772742953
4030506.310070532
4033887.1343702404
6126525.776268415
5908889.984374856
4033887.1343702404
4035897.992686804
7117119.720661679
7268629.8099883245
4035897.992686804
4036141.12510928
5219515.048053845
5464617.940260443
6457683.847602526
4035899.7011655825
1499403.1463312118
2035000.4003422288
4035899.7011655825
4036198.136027331
3316407.597830115
2895011.2357676825
4036198.136027331
4035565.73466973
6133752.503269379
5916393.417976239
4035565.73466973
4033023.068944948
7113840.579850873
7269641.788320165
4033023.068944948
4029638.106755292
5211545.128528787
5457020.220737441
4029638.106755292
4027795.275925214
2029844.4520882245
2595704.97072961
4027795.275925214
4028975.582288699
2202711.139558157
1494866.6413637872
4028975.582288699
4032252.1832896275
4810400.278077907
4530067.884133048
4032252.1832896275
4035149.12866126
7041466.398107421
6852896.811922762
4035149.12866126
4036194.072704492
6411860.2382678995
6612983.125295109
4036194.072704492
4035957.197790985
3668690.2077794354
4009625.499363245
7828137.412211918
4035856.9022795404
2035000.4003422288
2599697.780193504
4035856.9022795404
4036051.886672052
2205744.114814502
1499405.3855056802
4036051.886672052
4036094.2850396456
4817790.427713952
4537932.485742936
4036094.2850396456
4034525.8153902283
7046327.89874924
6857897.33117685
4034525.8153902283
4031302.3439477114
6405271.387446407
6606602.374434456
4031302.3439477114
4028368.6862535193
3661497.6327133416
4003067.998389743
4028368.6862535193
4028013.8828845117
1494866.6413637872
2029843.8688350054
4028013.8828845117
4030506.1085218634
3310942.0387508813
2888713.0363385333
4030506.1085218634
4033887.694770945
6126525.442482019
5908889.285608323
4033887.694770945
4035897.640882545
7117119.656233917
7268629.908262236
4035897.640882545
4036142.74983875
5219516.39150265
5464618.770023038
6820450.632659557
4035900.309694991
1499405.3855056802
2035001.2557845712
4035900.309694991
4036198.449281193
3316405.7712134826
2895010.834685619
4036198.449281193
4035565.053202738
6133751.601174312
5916391.816634674
4035565.053202738
4033023.6715812786
7113841.11803454
7269642.52024641
4033023.6715812786
4029639.3686746918
5211545.030900266
5457020.643120977
4029639.3686746918
4027794.9306120495
2029843.8688350054
2595704.7449597204
4027794.9306120495
4028975.940625693
2202711.896194389
1494866.4916356558
4028975.940625693
4032251.2158787013
4810401.519885848
4530069.07689333
4032251.2158787013
4035148.8966286746
7041466.336349211
6852896.958781317
4035148.8966286746
4036195.009210113
6411860.295461258
6612983.205247396
4036195.009210113
4035955.309257652
3668690.562288028
4009624.8576697647
7500385.711123322
4035855.89398097
2035001.2557845712
2599698.5086015924
4035855.89398097
4036053.47146589
2205743.1604700573
1499403.7914692021
4036053.47146589
4036092.861749898
4817790.222803451
4537933.457808681
4036092.861749898
4034527.406605082
7046327.961773054
6857895.169209907
4034527.406605082
4031301.5599938123
6405271.065862284
6606600.39311277
4031301.5599938123
4028368.4338305625
3661497.0256140046
4003066.961880568
4028368.4338305625
4028014.3825115114
1494866.4916356558
2029843.3562533217
4028014.3825115114
4030505.9795744666
3310942.5384066193
2888711.7650986095
4030505.9795744666
4033887.6705153957
6126525.685851288
5908888.752349297
4033887.6705153957
4035897.5966176116
7117119.539282132
7268628.892202014
4035897.5966176116
4036142.7327413424
5219515.66574705
5464618.180005108
5889040.362466186
4035900.7255388694
1499403.7914692021
2035001.3808388666
4035900.7255388694
4036198.119934274
3316405.9468466765
2895010.174125063
4036198.119934274
4035565.775291087
6133751.76320105
5916393.132289991
4035565.775291087
4033023.308675564
7113839.214672093
7269642.478718829
4033023.308675564
4029638.3481567567
5211543.989456667
5457020.183153607
4029638.3481567567
4027794.916760263
2029843.3562533217
2595705.1971313837
4027794.916760263
4028976.161398738
2202712.2315250775
1494865.657874009
4028976.161398738
4032251.5705881296
4810400.3661676515
4530068.883016581
4032251.5705881296
4035148.8683968186
7041465.644201466
6852897.280186181
4035148.8683968186
4036194.825643029
6411858.951330763
6612983.2773123
4036194.825643029
4035955.4750236887
3668690.4127386985
4009625.1541320463
