4035914.3426986434
4035952.8068523593
1903899.4649276717
1578407.8556841305
4035952.8068523593
4036185.648811426
3868466.7706640027
3513871.0884437426
4036185.648811426
4035243.3829908418
6524209.513543397
6320268.253195098
4035243.3829908418
4032409.545374197
6914686.837587423
7101620.880802827
4032409.545374197
4029111.4932523
4672563.835208444
4944831.825025015
4029111.4932523
4027770.93219624
1573795.2986761115
2257022.7699666866
4027770.93219624
4029499.332951947
2494640.4208800877
1898905.2776191947
4029499.332951947
4032881.578857534
5331644.578057544
5080123.482249414
4032881.578857534
4035492.826938191
7253641.4054590585
7070717.717797039
4035492.826938191
4036186.2033684915
6023987.425793452
6237605.336922338
4036186.2033684915
4035914.3426986434
3050688.9392494964
3453151.7414456634
5543575.808954066
4036128.1303313337
2498398.940553861
1903898.9772504754
4036128.1303313337
4035955.9423069847
5339241.802525673
5088112.710335873
4035955.9423069847
4034021.830156398
7257194.457529137
7074366.418063846
4034021.830156398
4030650.0979825123
6016636.288647716
6230514.806053565
4030650.0979825123
4028077.172027213
3044196.757899477
3447446.8816391863
4028077.172027213
4028292.9459857065
1898905.2776191947
1573795.3028260716
4028292.9459857065
4031127.2911925446
3862101.7276156894
3506835.0453126156
4031127.2911925446
4034406.225318761
6517618.598108272
6313457.604168951
4034406.225318761
4036065.9196644705
6919361.871333552
7106168.3088768115
4036065.9196644705
4036083.02646524
4680481.520359671
4952297.814651304
4036083.02646524
4035839.960117658
1578407.8556841305
2260191.1174179288
4011312.3852569787
4035952.601445425
1903898.9772504754
1578408.6142211005
4035952.601445425
4036186.2462582486
3868466.716567407
3513871.1901553553
4036186.2462582486
4035243.183107618
6524209.628070414
6320268.25670444
4035243.183107618
4032409.287053329
6914686.696700342
7101620.274134475
4032409.287053329
4029111.3342042584
4672564.437268632
4944832.0079780575
4029111.3342042584
4027771.3381740614
1573795.3028260716
2257022.27463627
4027771.3381740614
4029498.444285373
2494640.822894964
1898905.948218926
4029498.444285373
4032881.4929122482
5331643.12192404
5080123.078368353
4032881.4929122482
4035493.5685343374
7253640.790264101
7070717.519945531
4035493.5685343374
4036187.6773624225
6023987.710606074
6237604.428195913
4036187.6773624225
4035913.3982473146
3050686.1198930186
3453149.407120382
1626628.547369595
4036128.6228291253
2498398.384324627
1903897.336602976
4036128.6228291253
4035956.454846693
5339242.159243251
5088111.875599199
4035956.454846693
4034020.2542684157
7257194.171293525
7074366.001813653
4034020.2542684157
4030651.35390528
6016636.109739182
6230514.117614131
4030651.35390528
4028075.661075312
3044196.4992295434
3447446.7870142637
4028075.661075312
4028292.814669812
1898905.948218926
1573794.9057716848
4028292.814669812
4031127.7747449013
3862101.074578051
3506834.895012052
4031127.7747449013
4034407.3643594696
6517619.098037467
6313456.553394585
4034407.3643594696
4036064.1568493256
6919361.2099107895
7106167.485150261
4036064.1568493256
4036082.8681291305
4680481.9705278585
4952298.5255010845
4036082.8681291305
4035840.0736305355
1578408.6142211005
2260192.656336298
3326924.0180397118
4035952.4811664713
1903897.336602976
1578408.0878753185
4035952.4811664713
4036186.4420084786
3868467.2334161345
3513871.6561392033
4036186.4420084786
4035242.970022499
6524209.383585363
6320267.795512297
4035242.970022499
4032408.512684934
6914685.825808552
7101618.943169128
4032408.512684934
4029111.5371948066
4672564.095881414
4944831.642887286
4029111.5371948066
4027770.512943602
1573794.9057716848
2257022.241124852
4027770.512943602
4029499.288122591
2494640.3516332894
1898905.4527131955
4029499.288122591
4032881.1464351816
5331643.031161715
5080122.448676923
4032881.1464351816
4035493.2511429135
7253640.43810254
7070716.008326352
4035493.2511429135
4036187.898012717
6023988.07218871
6237604.602469938
4036187.898012717
4035913.701495684
3050687.0484779123
3453148.7873511594
4869492.834528414
4036127.9936213456
2498399.288766528
1903899.4649276717
4036127.9936213456
4035955.824655959
5339241.395642565
5088112.693240672
4035955.824655959
4034021.5648402795
7257192.767057226
7074366.534796204
4034021.5648402795
4030650.6065397174
6016634.852539285
6230514.886327633
4030650.6065397174
4028076.5906798807
3044195.786815586
3447446.9426011927
4028076.5906798807
4028292.904068224
1898905.4527131955
1573795.2986761115
4028292.904068224
4031127.045625539
3862100.407672654
3506835.265665148
4031127.045625539
4034407.7065397096
6517617.910741613
6313457.420641195
4034407.7065397096
4036063.63304217
6919359.630661882
7106168.126533025
4036063.63304217
4036083.833591256
4680482.463700964
4952299.211512271
4036083.833591256
4035840.519961409
1578408.0878753185
2260190.8831179985
