4035691.7306089858
4036186.880103372
5713280.86585568
5938063.6609778665
4036186.880103372
4035869.282259535
2617792.7175100865
3077371.5468311994
4035869.282259535
4035997.9745689756
2146338.5440805857
1410570.2590773238
4035997.9745689756
4036172.962679429
4263246.88313295
3944278.776863383
4036172.962679429
4034972.197485516
6762485.450089188
6565933.671655605
4034972.197485516
4031945.6607295726
6730227.390984738
6922131.41575669
4031945.6607295726
4028779.754662171
4267822.88161042
4564276.644592636
4028779.754662171
4027838.9372071703
1406114.4057279131
2143465.011112002
4027838.9372071703
4029898.1211041682
2797669.1848373194
2282421.5648351084
4029898.1211041682
4033294.5237425053
5675609.73866208
5439993.457070206
4033294.5237425053
4035691.7306089858
7240005.080837271
7179328.426893224
8579421.32525443
4036035.127185541
4275533.417850128
4571467.754146566
4036035.127185541
4035865.4127379972
1410570.2590773238
2146338.5481258035
4035865.4127379972
4036165.063685372
2802115.073788208
2287916.2821198246
4036165.063685372
4035808.0616314313
5683167.181802428
5447891.70460662
4035808.0616314313
4033632.1288388767
7238271.849246443
7181930.369660797
4033632.1288388767
4030225.9669116335
5705564.50218015
5930652.450331893
4030225.9669116335
4027910.5985556776
2611864.5587072107
3072364.257921602
4027910.5985556776
4028550.473198663
2143465.011112002
1406114.4407252318
4028550.473198663
4031595.6082170065
4256369.107488181
3936819.9749555043
4031595.6082170065
4034737.555557138
6756515.813154456
6559778.302775667
4034737.555557138
4036122.9746006313
6735770.800104004
6927515.885522997
12268972.086144898
4036186.7391406763
5713279.909162704
5938064.62156888
4036186.7391406763
4035870.3595853397
2617793.9027434047
3077372.5903738155
4035870.3595853397
4035997.8216448147
2146338.5481258035
1410570.4073014664
4035997.8216448147
4036172.8400959168
4263246.956981095
3944277.958391521
4036172.8400959168
4034972.5748778717
6762485.280199414
6565933.104424075
4034972.5748778717
4031945.1870984836
6730226.388910512
6922131.433585526
4031945.1870984836
4028779.3510317854
4267822.337004666
4564276.465381507
4028779.3510317854
4027839.8039923566
1406114.4407252318
2143464.650761013
4027839.8039923566
4029898.409095163
2797669.9428763455
2282422.500827352
4029898.409095163
4033294.5959603637
5675609.423298281
5439993.736041988
4033294.5959603637
4035690.048233632
7240004.311029152
7179329.179600963
13196309.2250084
4036034.4777252316
4275533.048897379
4571467.294168081
4036034.4777252316
4035864.1821403047
1410570.4073014664
2146337.3484416353
4035864.1821403047
4036166.071060111
2802113.729285866
2287916.078972481
4036166.071060111
4035807.278716397
5683166.179425875
5447892.0221288
4035807.278716397
4033633.98571996
7238272.146744234
7181930.482310868
4033633.98571996
4030224.2868930227
5705564.271402375
5930652.316095377
4030224.2868930227
4027910.405090961
2611864.508455986
3072365.256849365
4027910.405090961
4028552.0075274874
2143464.650761013
1406113.5990804695
4028552.0075274874
4031593.990087334
4256368.885299631
3936819.8244249523
4031593.990087334
4034737.8042377275
6756515.676066276
6559777.796172074
4034737.8042377275
4036124.1878697616
6735770.844018248
6927516.411596755
12062341.170444965
4036186.7937779427
5713279.503235652
5938062.550231141
4036186.7937779427
4035869.133069496
2617793.5521030934
3077372.200898068
4035869.133069496
4035998.384279415
2146337.3484416353
1410570.1114822
4035998.384279415
4036173.612221946
4263246.682638839
3944277.0897899396
4036173.612221946
4034972.2649949375
6762485.886271795
6565931.892502662
4034972.2649949375
4031945.227783434
6730226.920608212
6922129.949994437
4031945.227783434
4028780.116087113
4267823.253305922
4564275.630032866
4028780.116087113
4027839.363963335
1406113.5990804695
2143465.050426273
4027839.363963335
4029898.2958200774
2797669.702879501
2282422.4580971804
4029898.2958200774
4033294.5421824744
5675609.609293864
5439992.359777547
4033294.5421824744
4035689.9035530314
7240004.220870055
7179327.6945219645
8159692.464949031
4036034.130604448
4275531.438631087
4571467.811441731
4036034.130604448
4035865.2325487
1410570.1114822
2146338.5440805857
4035865.2325487
4036165.1041161534
2802114.330382149
2287916.179808673
4036165.1041161534
4035808.052263661
5683165.199922057
5447891.4973429805
4035808.052263661
4033632.18017763
7238270.024603777
7181930.70609064
4033632.18017763
4030225.512400662
5705563.159697531
5930652.472404725
4030225.512400662
4027910.3956834082
2611863.374610692
3072363.8208432165
4027910.3956834082
4028550.892362278
2143465.050426273
1406114.4057279131
4028550.892362278
4031595.0623626546
4256368.404369232
3936820.2491657687
4031595.0623626546
4034737.338807935
6756514.262016408
6559777.981410999
4034737.338807935
4036124.4557682048
6735769.329369558
6927516.930949587
