4036205.9373436878
4035914.8380947
3093113.261079548
3490688.332197699
4035914.8380947
4035936.3104618574
1869748.2397399624
1603040.6960437912
4035936.3104618574
4036200.7038826556
3830113.243406898
3471607.127618071
4036200.7038826556
4035266.473028241
6499383.990971903
6294639.87563264
4035266.473028241
4032453.0550828255
6930689.332406953
7117202.408915562
4032453.0550828255
4029134.063985291
4710875.10748274
4981052.287011253
4029134.063985291
4027778.3338820413
1598399.7249413729
2274250.4808806926
4027778.3338820413
4029464.3651142977
2468774.1224069716
1864796.6538979106
4029464.3651142977
4032837.876006462
5297101.571700051
5043859.6528770905
4032837.876006462
4035455.683388839
7241404.772304588
7058164.847781422
4035455.683388839
4036205.9373436878
6052585.580866758
6265230.5129871145
7107040.674305423
4035853.346430483
1603040.6960437912
2277466.6902538952
4035853.346430483
4036123.49827718
2472472.228691375
1869748.4307358789
4036123.49827718
4035967.87725422
5304694.293341626
5051849.521929589
4035967.87725422
4034046.1543832375
7245053.519242795
7061912.225837053
4034046.1543832375
4030705.3555245143
6045274.468035279
6258176.863291033
4030705.3555245143
4028091.9863163424
3086571.440722097
3484921.507410582
4028091.9863163424
4028259.6951552886
1864796.6538979106
1598399.948411135
4028259.6951552886
4031098.3968533473
3823803.2934209625
3464616.45177163
4031098.3968533473
4034368.7477508746
6492740.682856513
6287772.609712201
4034368.7477508746
4036059.218809634
6935274.277812034
7121663.567076972
4036059.218809634
4036073.689496403
4718805.363161371
4988536.826663342
9472630.23210916
4035915.7928666477
3093113.5030196896
3490688.4011999695
4035915.7928666477
4035936.4070050707
1869748.4307358789
1603041.2120558145
4035936.4070050707
4036200.660663836
3830113.286337923
3471606.931373284
4036200.660663836
4035266.634905818
6499383.471156172
6294639.85122833
4035266.634905818
4032453.193033786
6930688.263630825
7117201.976905774
4032453.193033786
4029133.557895745
4710874.687315038
4981051.788084304
4029133.557895745
4027778.2265435276
1598399.948411135
2274251.0472656777
4027778.2265435276
4029463.2254465194
2468773.679129181
1864796.3363749506
4029463.2254465194
4032840.511737451
5297100.758443136
5043859.50042506
4032840.511737451
4035456.068827385
7241405.255635248
7058165.70903431
4035456.068827385
4036203.4406014327
6052585.173792949
6265230.002621963
9041401.955805434
4035852.611935515
1603041.2120558145
2277468.154044873
4035852.611935515
4036124.020675154
2472471.0765778497
1869746.2079379417
4036124.020675154
4035968.2141938577
5304693.884946938
5051848.445693229
4035968.2141938577
4034046.979277142
7245053.772379311
7061913.274265243
4034046.979277142
4030704.767460687
6045273.410258625
6258177.062100004
4030704.767460687
4028092.5985932536
3086571.5429117354
3484921.8607944604
4028092.5985932536
4028259.462760568
1864796.3363749506
1598399.6047169534
4028259.462760568
4031097.3796337917
3823804.439632833
3464616.8544639335
4031097.3796337917
4034370.0390562913
6492740.593285151
6287771.602115935
4034370.0390562913
4036059.4059611885
6935274.089686194
7121663.080601763
4036059.4059611885
4036072.6924542394
4718805.321158347
4988535.831918006
9203567.10827087
4035916.340810539
3093113.8894795706
3490687.990718896
4035916.340810539
4035935.717121079
1869746.2079379417
1603040.8375504857
4035935.717121079
4036199.25988181
3830113.196923799
3471607.222339786
4036199.25988181
4035266.646845001
6499383.295271191
6294637.550427353
4035266.646845001
4032454.4880246515
6930689.911531118
7117200.8938712785
4032454.4880246515
4029134.3613833925
4710874.284534309
4981051.127707555
4029134.3613833925
4027778.1734101246
1598399.6047169534
2274250.617602649
4027778.1734101246
4029463.015043215
2468773.948715922
1864796.469016944
4029463.015043215
4032840.215729751
5297099.904891803
5043859.052091225
4032840.215729751
4035455.7276188848
7241404.959069059
7058164.787808961
4035455.7276188848
4036203.8679487677
6052584.858734856
6265229.656405547
6594531.834686186
4035853.4317901866
1603040.8375504857
2277466.803877638
4035853.4317901866
4036123.1836448023
2472472.220291881
1869748.2397399624
4036123.1836448023
4035967.8719024514
5304693.661662949
5051849.356065478
4035967.8719024514
4034045.7507637143
7245051.62565518
7061912.720936978
4034045.7507637143
4030706.0300302375
6045273.298335416
6258177.721129419
4030706.0300302375
4028092.4866316374
3086570.705965504
3484921.882817356
4028092.4866316374
4028259.533669985
1864796.469016944
1598399.7249413729
4028259.533669985
4031097.7584047127
3823803.4637446557
3464616.813790253
4031097.7584047127
4034370.2319600484
6492740.109688773
6287772.413071834
4034370.2319600484
4036058.765431476
6935272.725823833
7121663.499235824
4036058.765431476
4036073.531014998
4718805.296891742
4988536.4178392105
