4036195.479967328
4035893.0118229217
2787421.7845901186
3222909.04837958
4035893.0118229217
4035966.500042888
2130403.32929647
1456381.393011685
4035966.500042888
4036187.5085300775
4107668.623504364
3775590.901659066
4036187.5085300775
4035082.0034522437
6672270.724504679
6472985.363780886
4035082.0034522437
4032136.3467594245
6807285.444473865
6997081.601892796
4032136.3467594245
4028895.4134426843
4429693.3044115165
4715990.212455625
4028895.4134426843
4027810.0304033044
1451883.932753633
2173769.762783883
4027810.0304033044
4029735.8146709353
2670874.9418097585
2125118.298596516
4029735.8146709353
4033144.034136264
5542496.946088812
5300975.416711316
4033144.034136264
4035601.8843338247
7260082.232874189
7140973.626194742
4035601.8843338247
4036195.479967328
5839412.201074392
6059529.426536237
6923458.339456388
4035860.4565025573
1456381.393011685
2176724.4665394607
4035860.4565025573
4036150.9070342975
2675041.0577669763
2130403.4412404513
4036150.9070342975
4035878.1608176753
5550089.586197379
5308929.030100486
4035878.1608176753
4033776.8047269764
7258792.0720540015
7143996.114496997
4033776.8047269764
4030397.4226611056
5831822.48326955
6052224.921408678
4030397.4226611056
4027974.8866694593
2781266.445483744
3217620.6123082773
4027974.8866694593
4028430.7987136994
2125118.298596516
1451883.5486035135
4028430.7987136994
4031418.1639335477
4100978.4667537003
3768286.782064526
4031418.1639335477
4034607.4506022674
6666039.922408716
6466556.7045829175
4034607.4506022674
4036113.6019525505
6812498.880812208
7002148.789914892
4036113.6019525505
4036039.635460645
4437500.332738504
4723305.587659935
9041051.109102063
4035892.7263751733
2787421.991849817
3222910.240831804
4035892.7263751733
4035966.7375729857
2130403.4412404513
1456380.3625583616
4035966.7375729857
4036187.5637528137
4107668.7524267947
3775590.973825174
4036187.5637528137
4035082.027249229
6672270.619891983
6472985.795995339
4035082.027249229
4032136.8911113217
6807285.008229111
6997081.213252705
4032136.8911113217
4028895.306180952
4429692.220527721
4715989.586803167
4028895.306180952
4027809.048446411
1451883.5486035135
2173769.4843106926
4027809.048446411
4029737.503385666
2670874.4571310175
2125117.868770511
4029737.503385666
4033143.9355704878
5542497.671337573
5300975.732185389
4033143.9355704878
4035601.2003240744
7260081.996436973
7140973.775463118
4035601.2003240744
4036195.596058875
5839412.845734264
6059529.156605857
8452529.62365759
4035860.142284832
1456380.3625583616
2176725.6663124347
4035860.142284832
4036152.0350587093
2675041.3943264857
2130402.677613378
4036152.0350587093
4035877.8037994993
5550090.4879325675
5308928.822045103
4035877.8037994993
4033775.674214784
7258791.9465707885
7143995.906528589
4033775.674214784
4030397.543839538
5831822.394606137
6052225.18046813
4030397.543839538
4027975.484020551
2781266.6583107193
3217620.97885536
4027975.484020551
4028429.711224547
2125117.868770511
1451884.19142407
4028429.711224547
4031417.928255003
4100977.904636106
3768286.4029189134
4031417.928255003
4034607.6976537225
6666039.446787251
6466555.439984309
4034607.6976537225
4036114.0940528642
6812499.443089962
7002149.334774404
4036114.0940528642
4036040.1503603365
4437500.156844777
4723305.48425953
8758758.519177537
4035893.6985434527
2787420.632518384
3222909.062465733
4035893.6985434527
4035966.282664581
2130402.677613378
1456380.7132087857
4035966.282664581
4036187.293693397
4107668.6180568566
3775591.4937471678
4036187.293693397
4035081.961734189
6672270.335853198
6472984.597013265
4035081.961734189
4032136.201466792
6807284.771636054
6997079.617966324
4032136.201466792
4028895.429381818
4429693.251106584
4715989.344018421
4028895.429381818
4027808.9730131854
1451884.19142407
2173769.3321313225
4027808.9730131854
4029737.476475251
2670873.816123269
2125117.493610978
4029737.476475251
4033144.011496645
5542496.718304145
5300974.854922989
4033144.011496645
4035601.267291359
7260082.013669775
7140972.455415826
4035601.267291359
4036195.725536211
5839413.2378263185
6059529.215247267
6396289.463845091
4035859.585859173
1456380.7132087857
2176724.0235041063
4035859.585859173
4036151.2093019374
2675041.2058354295
2130403.32929647
4036151.2093019374
4035877.854232274
5550089.569629933
5308929.04836963
4035877.854232274
4033776.749641505
7258790.919768691
7143996.268151015
4033776.749641505
4030397.2321601557
5831821.316291704
6052225.661760997
4030397.2321601557
4027975.503148794
2781266.89524395
3217621.477517523
4027975.503148794
4028429.907967561
2125117.493610978
1451883.932753633
4028429.907967561
4031417.749026312
4100976.928105927
3768286.581065881
4031417.749026312
4034607.328520979
6666038.6403513765
6466555.998775251
4034607.328520979
4036114.3987765093
6812498.22631682
7002149.399802511
4036114.3987765093
4036040.1831728662
4437500.221250434
4723305.159215069
