4036043.2468564664
4036093.7579876506
4779146.341856821
5045654.742295583
4036093.7579876506
4035840.2547089793
1644517.9900445468
2306849.0012987684
4035840.2547089793
4036117.7660240345
2432919.5737110856
1817125.6782436136
4036117.7660240345
4035984.8811002867
5249560.746406257
4993930.119590901
4035984.8811002867
4034115.394863501
7225110.900395639
7041453.593738778
4034115.394863501
4030762.8164694174
6090054.185353823
6301444.497603836
4030762.8164694174
4028121.7607787014
3153768.0451212493
3544579.3606318217
4028121.7607787014
4028237.258329574
1812236.920910591
1639835.2739163982
4028237.258329574
4031029.5518575995
3763216.6002447587
3397631.7445716416
4031029.5518575995
4034301.9298642455
6452729.045739443
6246448.668335494
4034301.9298642455
4036043.2468564664
6959787.766740204
7145539.701248288
8088082.536842167
4035922.19519926
3160392.8402500656
3550448.0430119373
4035922.19519926
4035942.155108047
1817125.6782436136
1644519.3499124125
4035942.155108047
4036201.8063151473
3769435.183806061
3404547.6736911535
4036201.8063151473
4035292.5947805042
6459451.7187287845
6253401.133701491
4035292.5947805042
4032522.3507948318
6955345.373701029
7141217.933813672
4032522.3507948318
4029198.1299908096
4771195.060159924
5038142.986104692
4029198.1299908096
4027763.9936854425
1639835.2739163982
2303560.1018456463
4027763.9936854425
4029406.160842425
2429314.937658268
1812237.996518833
4029406.160842425
4032769.198895233
5241977.12328941
4985942.081368008
4032769.198895233
4035439.8606743533
7221311.967658763
7037551.477982376
4035439.8606743533
4036189.0682834755
6097291.646703862
6308430.905246906
11467187.232696058
4036092.817729537
4779144.898848526
5045654.70620076
4036092.817729537
4035840.513771624
1644519.3499124125
2306849.1920091053
4035840.513771624
4036117.667104166
2432918.4374298546
1817125.8766674555
4036117.667104166
4035985.561924567
5249559.863727336
4993931.062753419
4035985.561924567
4034114.540729957
7225111.129956893
7041453.81128791
4034114.540729957
4030763.200609734
6090054.395382532
6301445.190629237
4030763.200609734
4028121.5311290454
3153767.9653566135
3544579.33128976
4028121.5311290454
4028238.0853143027
1812237.996518833
1639835.337964989
4028238.0853143027
4031027.845759191
3763217.4852056536
3397631.9808456576
4031027.845759191
4034303.23356882
6452728.191775727
6246447.569944547
4034303.23356882
4036043.7720140037
6959786.270620801
7145538.3603399
11890134.528826298
4035922.6148302276
3160392.816688645
3550447.289164696
4035922.6148302276
4035942.7484284495
1817125.8766674555
1644520.4417803215
4035942.7484284495
4036200.7227797466
3769436.496154784
3404548.0308099817
4036200.7227797466
4035293.4150174297
6459452.731591612
6253402.368538756
4035293.4150174297
4032521.5928189903
6955345.071435594
7141216.8591625225
4032521.5928189903
4029198.062922358
4771194.76198463
5038142.024124765
4029198.062922358
4027762.9979177453
1639835.337964989
2303559.9957181695
4027762.9979177453
4029406.235451282
2429313.808656636
1812236.8654558687
4029406.235451282
4032770.27740137
5241976.028575804
4985941.639619372
4032770.27740137
4035438.16096208
7221311.659790076
7037552.83263565
4035438.16096208
4036190.5848413086
6097291.575224111
6308431.501836976
11245870.579929179
4036092.402826363
4779144.065649769
5045652.950660251
4036092.402826363
4035841.1466640113
1644520.4417803215
2306850.0673476537
4035841.1466640113
4036116.3806766956
2432917.9970307196
1817125.2104015409
4036116.3806766956
4035985.8482973874
5249560.59159211
4993928.250968729
4035985.8482973874
4034113.5410427745
7225110.375432175
7041452.235522663
4034113.5410427745
4030764.1732920953
6090053.74789024
6301444.974956157
4030764.1732920953
4028120.904504053
3153767.6215100423
3544578.4700769363
4028120.904504053
4028238.937345574
1812236.8654558687
1639834.9971689414
4028238.937345574
4031027.2564962776
3763217.74784833
3397632.536250315
4031027.2564962776
4034303.5589651656
6452728.8372993795
6246446.9327325495
4034303.5589651656
4036043.9529316407
6959786.565118262
7145537.124986715
7641505.182467529
4035921.1800719206
3160391.708274155
3550447.638995575
4035921.1800719206
4035942.6354951104
1817125.2104015409
1644517.9900445468
4035942.6354951104
4036201.562378883
3769435.448947984
3404547.5532807196
4036201.562378883
4035292.817916335
6459449.775236829
6253402.218812542
4035292.817916335
4032522.222110235
6955344.7238761615
7141218.430037396
4032522.222110235
4029198.347481914
4771194.572694139
5038142.547024091
4029198.347481914
4027763.4915283555
1639834.9971689414
2303560.687028921
4027763.4915283555
4029406.9738733964
2429314.582042973
1812236.920910591
4029406.9738733964
4032769.3953774883
5241976.965355011
4985942.2523832
4032769.3953774883
4035439.1356152464
7221310.404087887
7037552.590135139
4035439.1356152464
4036190.59468152
6097290.142504668
6308432.466523603
