4035922.3737158547
4035941.098613177
1807135.313734074
1652907.547994159
4035941.098613177
4036189.2261942895
3757664.8589789984
3391511.982569173
4036189.2261942895
4035313.179834987
6451606.445146467
6245298.960392141
4035313.179834987
4032534.3964264197
6960033.425451003
7145783.287384095
4032534.3964264197
4029210.9863429526
4782851.343970018
5049182.735725954
4029210.9863429526
4027764.345572216
1648215.6380026932
2309534.1402510838
4027764.345572216
4029393.2942740275
2421881.076524325
1802260.4304551044
4029393.2942740275
4032757.875508064
5231220.602473047
4974632.442726978
4032757.875508064
4035430.6602539145
7217314.657355199
7033448.609938786
4035430.6602539145
4036190.3472222146
6105888.534956179
6316740.565961501
4036190.3472222146
4035922.3737158547
3173458.465580523
3562084.6965214633
5565251.549971744
4036115.865373323
2425465.6212155046
1807135.6526440796
4036115.865373323
4035988.4563755025
5238801.694220808
4982620.326928873
4035988.4563755025
4034125.926410043
7221140.875999229
7037379.230660315
4034125.926410043
4030775.2311912966
6098665.056791309
6309767.778751138
4030775.2311912966
4028128.9802590264
3166818.6971268333
3556197.7368808133
4028128.9802590264
4028230.6202812274
1802260.4304551044
1648215.4218430175
4028230.6202812274
4031000.6569239087
3751463.61416813
3384610.73283031
4031000.6569239087
4034308.274202795
6444865.592319292
6238328.303851231
4034308.274202795
4036037.8020903994
6964444.452241406
7150076.603387219
4036037.8020903994
4036097.931943178
4790803.846980986
5056700.694119282
4036097.931943178
4035838.9134159153
1652907.547994159
2312836.15200626
4202575.974973977
4035940.8075346067
1807135.6526440796
1652908.5710569415
4035940.8075346067
4036189.0821195585
3757664.4047484845
3391511.791138729
4036189.0821195585
4035313.519953019
6451605.528577605
6245299.030812265
4035313.519953019
4032535.3650202886
6960032.949040512
7145783.457570927
4032535.3650202886
4029210.251129591
4782850.985368305
5049182.604355432
4029210.251129591
4027764.5954501433
1648215.4218430175
2309533.795290817
4027764.5954501433
4029392.4178210283
2421881.671564798
1802260.7538066686
4029392.4178210283
4032757.8623162545
5231220.53840798
4974633.079682524
4032757.8623162545
4035431.8467780044
7217314.471401176
7033448.792851832
4035431.8467780044
4036188.9922037725
6105888.820341735
6316740.640213618
4036188.9922037725
4035923.1025521345
3173459.0471249362
3562084.845510467
1899717.0892928948
4036114.189520945
2425466.741426644
1807136.3442385856
4036114.189520945
4035990.4333429807
5238800.97595882
4982620.139689938
4035990.4333429807
4034123.7655086457
7221141.886481303
7037379.601898681
4034123.7655086457
4030777.069583462
6098665.7970518
6309768.845776729
4030777.069583462
4028127.230611279
3166818.4856635146
3556196.683703928
4028127.230611279
4028230.6221839665
1802260.7538066686
1648215.4010424425
4028230.6221839665
4031000.472581706
3751464.6633923594
3384610.974622397
4031000.472581706
4034308.031923365
6444866.357746134
6238327.971582377
4034308.031923365
4036038.893970435
6964445.279074316
7150076.6441394985
4036038.893970435
4036096.387318673
4790803.343963993
5056700.007982018
4036096.387318673
4035840.917718593
1652908.5710569415
2312837.4813202736
3555191.559525916
4035940.2580277976
1807136.3442385856
1652909.0261452023
4035940.2580277976
4036190.566724746
3757664.0279484307
3391511.064182131
4036190.566724746
4035313.170725942
6451606.059007529
6245298.98957384
4035313.170725942
4032534.523551295
6960032.275618259
7145781.528120148
4032534.523551295
4029209.5561685506
4782850.798256865
5049181.592033701
4029209.5561685506
4027765.9461203488
1648215.4010424425
2309534.485975312
4027765.9461203488
4029391.0894348077
2421882.917821528
1802261.5501359154
4029391.0894348077
4032758.547663567
5231219.8850665465
4974631.84140163
4032758.547663567
4035431.5647602365
7217313.9783325335
7033447.07557578
4035431.5647602365
4036189.2513711727
6105888.53734338
6316740.543070547
4036189.2513711727
4035923.334847523
3173459.1385558923
3562084.4241482094
4894152.088047546
4036116.090884456
2425465.181819691
1807135.313734074
4036116.090884456
4035988.393749197
5238800.823468979
4982620.632396908
4035988.393749197
4034126.1452621864
7221140.277589881
7037380.047780958
4034126.1452621864
4030775.643286107
6098663.224825279
6309768.415927552
4030775.643286107
4028128.438375592
3166818.3274954474
3556197.608985511
4028128.438375592
4028230.321566857
1802261.5501359154
1648215.6380026932
4028230.321566857
4030999.2428044593
3751463.882235165
3384611.0599342
4030999.2428044593
4034308.9251920986
6444863.984633209
6238327.874090633
4034308.9251920986
4036039.044624073
6964444.016555619
7150077.266017663
4036039.044624073
4036096.108420251
4790803.223757359
5056699.726046917
4036096.108420251
4035839.933389757
1652909.0261452023
2312837.500762983
