4035872.1316731647
4036015.382524373
2136113.81007927
1394961.3834270085
4036015.382524373
4036144.067181802
4422073.059154764
4115421.1381140496
4036144.067181802
4034854.2534479443
6849784.014182082
6655804.758405862
4034854.2534479443
4031770.8281372506
6645439.073282669
6839718.773109124
4031770.8281372506
4028658.52970427
4099048.5503387703
4406858.497317718
4028658.52970427
4027867.871465587
1390521.1428697223
2133267.844580337
4027867.871465587
4030063.1360697807
2935609.207443379
2449544.787044466
4030063.1360697807
4033476.211628547
5808431.71950298
5578421.164756408
4033476.211628547
4035762.3627242814
7213171.248548989
7212553.2764293635
4035762.3627242814
4036163.735941818
5579199.957454342
5809165.583011831
4036163.735941818
4035872.1316731647
2446509.4871012215
2933045.7371359407
5494139.1080767745
4036176.9043626855
2940345.0470394786
2455260.9409696534
4036176.9043626855
4035755.169912298
5815928.789632855
5586240.174698039
4035755.169912298
4033468.005061835
7210990.951372841
7214713.374776781
4033468.005061835
4030044.1833709776
5571380.99735412
5801670.103924604
4030044.1833709776
4027875.516279263
2440809.362007534
2928326.6297092517
4027875.516279263
4028663.785900167
2133267.844580337
1390520.3404027505
4028663.785900167
4031768.4315709947
4415022.511534316
4107821.927947969
4031768.4315709947
4034862.1110664625
6844102.712802085
6649950.93078008
4034862.1110664625
4036156.6931933323
6651304.236634155
6845412.03438398
4036156.6931933323
4036017.9618562018
4106636.6401445614
4413896.886077248
4036017.9618562018
4035859.9057574575
1394961.3834270085
2136112.0703974003
3169446.180851741
4036015.999199586
2136112.0703974003
1394962.2387803863
4036015.999199586
4036143.984001794
4422073.871927903
4115420.456604157
4036143.984001794
4034853.558878671
6849783.809175695
6655804.256559007
4034853.558878671
4031770.6000389815
6645438.6084448695
6839718.709001047
4031770.6000389815
4028659.360236654
4099047.4796084524
4406857.866005147
4028659.360236654
4027866.5906703016
1390520.3404027505
2133266.544903357
4027866.5906703016
4030063.2664618036
2935608.8047185643
2449543.8897574157
4030063.2664618036
4033477.15873623
5808430.8391456595
5578421.289178764
4033477.15873623
4035761.2944232444
7213171.000659317
7212553.543440664
4035761.2944232444
4036162.383856821
5579199.595320598
5809166.354274758
4036162.383856821
4035873.496068068
2446512.1637841295
2933046.4168300335
681082.679878974
4036178.613268364
2940343.36538761
2455258.8172604507
4036178.613268364
4035754.7330802367
5815928.283269262
5586240.6343502505
4035754.7330802367
4033467.671647724
7210990.377585074
7214713.531049327
4033467.671647724
4030044.7679598113
5571381.39454569
5801670.430903129
4030044.7679598113
4027874.740477659
2440809.364128187
2928326.637262333
4027874.740477659
4028664.3756508147
2133266.544903357
1390519.9818699006
4028664.3756508147
4031768.574656432
4415021.645384969
4107821.5461738543
4031768.574656432
4034862.440653236
6844102.866274353
6649951.063403761
4034862.440653236
4036156.921027829
6651304.005086336
6845412.526925674
4036156.921027829
4036016.91377277
4106636.3527632835
4413896.39423926
4036016.91377277
4035859.0125706005
1394962.2387803863
2136113.871150395
2241300.629097011
4036013.1825417923
2136113.871150395
1394962.9676800563
4036013.1825417923
4036145.256800498
4422072.800063796
4115418.7733796854
4036145.256800498
4034853.7560425815
6849784.15578253
6655803.248296759
4034853.7560425815
4031771.5615248904
6645438.829149528
6839718.190034389
4031771.5615248904
4028658.0513618537
4099047.787147126
4406856.154775326
4028658.0513618537
4027867.6702672034
1390519.9818699006
2133268.140333856
4027867.6702672034
4030062.5601274287
2935609.904587317
2449544.522532939
4030062.5601274287
4033477.4019170054
5808430.693516333
5578419.292739673
4033477.4019170054
4035761.294627973
7213170.8415442025
7212552.085101927
4035761.294627973
4036162.577250296
5579199.441209453
5809164.799268415
4036162.577250296
4035874.3401388605
2446512.2294030576
2933047.071489046
4813146.573640029
4036177.2183026155
2940344.5288544684
2455260.756346382
4036177.2183026155
4035755.2386116865
5815926.6722423425
5586239.4784307815
4035755.2386116865
4033467.8756602933
7210989.390687316
7214713.724359718
4033467.8756602933
4030043.609254928
5571379.711765867
5801670.098366008
4030043.609254928
4027876.3381844712
2440809.072638441
2928327.582230665
4027876.3381844712
4028663.147649668
2133268.140333856
1390521.1428697223
4028663.147649668
4031769.030202724
4415021.176873667
4107821.8009036356
4031769.030202724
4034861.4635670036
6844101.477891476
6649951.7816826
4034861.4635670036
4036157.02467601
6651303.164808702
6845412.3023824915
4036157.02467601
4036016.547231824
4106635.3343869564
4413896.63813195
4036016.547231824
4035860.8688106122
1394962.9676800563
2136113.81007927
