4035715.3143124455
4036184.0568260564
5667293.144960696
5893829.151039836
4036184.0568260564
4035864.9478011485
2557991.108215604
3026660.53859653
4035864.9478011485
4036004.1831332655
2140356.0936324503
1401451.1835138514
4036004.1831332655
4036167.711465481
4318460.845362391
4003889.724000798
4036167.711465481
4034931.9860656494
6793381.97912454
6597747.765298374
4034931.9860656494
4031881.6084828493
6701464.39840541
6894168.215258892
4031881.6084828493
4028736.088855644
4209565.0369484415
4509846.835246479
4028736.088855644
4027850.62865785
1397001.7620724617
2137497.2978966106
4027850.62865785
4029956.7480766233
2844702.528254064
2339832.0735784518
4029956.7480766233
4033354.9400251266
5722130.283490835
5488509.333824554
4033354.9400251266
4035715.3143124455
7231410.046687848
7191561.108883019
8556962.550452428
4036027.184637446
4217236.138868283
4516987.900190179
4036027.184637446
4035868.220846418
1401451.1835138514
2140355.206112929
4035868.220846418
4036169.466424706
2849249.49623663
2345403.771908681
4036169.466424706
4035786.2545940243
5729669.7310617
5496381.594271254
4035786.2545940243
4033575.591531058
7229520.765031821
7194009.696440526
4033575.591531058
4030165.535368949
5659539.249147907
5886385.424277805
4030165.535368949
4027892.814535082
2552144.3086791006
3021755.4036165955
4027892.814535082
4028590.114203066
2137497.2978966106
1397001.4601011295
4028590.114203066
4031659.9327675155
4311520.717109245
3996379.359800113
4031659.9327675155
4034780.0413680333
6787509.651396796
6591695.616759129
4034780.0413680333
4036132.837617788
6707123.107566654
6899662.864437909
12236465.376059249
4036183.401599445
5667293.931309392
5893829.228922244
4036183.401599445
4035866.1413739733
2557994.922587202
3026663.273107155
4035866.1413739733
4036004.6893518115
2140355.206112929
1401449.9258804254
4036004.6893518115
4036167.4409602825
4318460.866909066
4003890.1034132144
4036167.4409602825
4034931.611080346
6793381.0259595355
6597748.0943194525
4034931.611080346
4031881.356214196
6701464.853728227
6894168.082471578
4031881.356214196
4028736.7906921674
4209566.468816388
4509846.848332809
4028736.7906921674
4027851.5218297327
1397001.4601011295
2137497.343771968
4027851.5218297327
4029957.2019914417
2844703.560471641
2339832.4866606602
4029957.2019914417
4033353.0260666283
5722130.739325655
5488509.536643746
4033353.0260666283
4035715.205939856
7231409.818848703
7191560.41187585
13137822.44579871
4036027.698920271
4217235.914207582
4516987.571377408
4036027.698920271
4035867.16180014
1401449.9258804254
2140357.025076161
4035867.16180014
4036169.252076187
2849248.9781741113
2345401.7801314513
4036169.252076187
4035785.541009992
5729669.321178396
5496381.084801303
4035785.541009992
4033578.1132665533
7229521.058291619
7194009.213235667
4033578.1132665533
4030165.055532198
5659537.932761917
5886384.507423534
4030165.055532198
4027891.8190267775
2552143.6529193516
3021754.8198540662
4027891.8190267775
4028591.154312855
2137497.343771968
1397001.5846767698
4028591.154312855
4031659.16532046
4311521.667357897
3996380.0177310426
4031659.16532046
4034781.1739856787
6787508.8355136635
6591694.920344435
4034781.1739856787
4036131.8853788576
6707121.892199015
6899662.346751035
12029277.162924167
4036183.404923456
5667293.542266104
5893828.3899636995
4036183.404923456
4035867.2813553116
2557993.6598912887
3026663.7925723027
4035867.2813553116
4036004.1136701987
2140357.025076161
1401449.8508511418
4036004.1136701987
4036167.324538518
4318460.80486713
4003889.8378465525
4036167.324538518
4034932.143632942
6793381.64996725
6597746.661254856
4034932.143632942
4031880.198753272
6701464.850743665
6894167.085864508
4031880.198753272
4028736.1741699874
4209566.122364662
4509847.114906383
4028736.1741699874
4027853.021848589
1397001.5846767698
2137498.236807277
4027853.021848589
4029956.340892964
2844704.6328674443
2339833.8739533946
4029956.340892964
4033352.7226468027
5722130.415243333
5488508.475488036
4033352.7226468027
4035715.3523101932
7231410.145864665
7191559.080707395
8136077.710920164
4036027.487902732
4217235.424883211
4516987.71877342
4036027.487902732
4035867.954301129
1401449.8508511418
2140356.0936324503
4035867.954301129
4036169.289806636
2849250.68697241
2345403.977418932
4036169.289806636
4035785.9532921156
5729669.00706236
5496381.880917522
4035785.9532921156
4033575.8147707027
7229519.639053937
7194010.681986297
4033575.8147707027
4030165.6087245075
5659538.869457196
5886384.616534049
4030165.6087245075
4027893.1217903486
2552143.991924715
3021755.3253650153
4027893.1217903486
4028590.090571495
2137498.236807277
1397001.7620724617
4028590.090571495
4031658.975854907
4311520.300682167
3996380.183951949
4031658.975854907
4034781.502767351
6787507.9250448
6591695.370672276
4034781.502767351
4036132.006055008
6707120.778383756
6899662.577926205
