4035968.50026066
4035899.9866028335
1488638.0503582272
2056550.858251231
4035899.9866028335
4036184.741981806
3294891.240475198
2870335.6497053397
4036184.741981806
4035578.099998639
6116905.389033289
5898927.301899937
4035578.099998639
4033059.903372318
7120259.094465077
7267661.56983503
4033059.903372318
4029660.9461909835
5232153.114488348
5476703.974697008
4029660.9461909835
4027786.8850245015
2051368.3170502621
2612572.120532184
4027786.8850245015
4028969.6124279443
2195422.801860427
1484110.378818465
4028969.6124279443
4032223.8467601417
4788863.792812031
4507192.904815175
4032223.8467601417
4035138.061078096
7031495.810641158
6842651.143240237
4035138.061078096
4036177.809618146
6426029.866777297
6626724.027815402
4036177.809618146
4035968.50026066
3693218.2959250542
4032084.130324621
5698225.707476536
4036062.206970482
2198436.3156659426
1488637.112012213
4036062.206970482
4036097.88072845
4796237.654121571
4515045.091305824
4036097.88072845
4034545.017629846
7036405.611439955
6847702.130583364
4034545.017629846
4031316.504362715
6419479.380581071
6620378.963324958
4031316.504362715
4028393.844005496
3686000.527333742
4025495.8361490155
4028393.844005496
4028005.5908473604
1484110.378818465
2051367.861092561
4028005.5908473604
4030466.6866839263
3289465.971130425
2864070.981147282
4030466.6866839263
4033866.8302237405
6109657.992223996
5891401.06177732
4033866.8302237405
4035902.3064554674
7123479.693805858
7266585.258845636
4035902.3064554674
4036148.239884305
5240119.387216556
5484302.141288508
4036148.239884305
4035843.1881005787
2056550.858251231
2616602.036564675
5057894.158962379
4035897.942628323
1488637.112012213
2056552.0693022218
4035897.942628323
4036185.8799105436
3294890.396738671
2870336.2629051027
4036185.8799105436
4035577.511036563
6116906.063337244
5898927.308987637
4035577.511036563
4033059.503909013
7120258.934160685
7267661.808284209
4033059.503909013
4029660.512786115
5232151.918055221
5476703.330131703
4029660.512786115
4027787.7903705793
2051367.861092561
2612572.297674004
4027787.7903705793
4028968.77268914
2195423.9420200684
1484111.2482032913
4028968.77268914
4032223.931939228
4788863.93925119
4507192.734590688
4032223.931939228
4035137.234320964
7031495.073151034
6842650.47801971
4035137.234320964
4036177.3791270964
6426031.309921637
6626724.760667584
4036177.3791270964
4035971.72589485
3693218.2787620802
4032083.8834929736
3098155.6008892865
4036061.2221251675
2198435.7740731034
1488638.3118954403
4036061.2221251675
4036097.4318751665
4796238.719965306
4515045.928631077
4036097.4318751665
4034544.519344365
7036405.407232112
6847700.875890825
4034544.519344365
4031316.6417152993
6419479.767425453
6620379.293267207
4031316.6417152993
4028394.432452009
3685999.8646645346
4025495.9187917416
4028394.432452009
4028004.525504611
1484111.2482032913
2051368.5543124315
4028004.525504611
4030468.3914447157
3289464.018828464
2864069.711000922
4030468.3914447157
4033865.1814418444
6109658.468565945
5891402.664321656
4033865.1814418444
4035903.4815752027
7123479.236476564
7266585.007817502
4035903.4815752027
4036146.4306870694
5240119.413248996
5484301.533341888
4036146.4306870694
4035845.167728901
2056552.0693022218
2616603.051544902
4534284.366870246
4035898.700834061
1488638.3118954403
2056552.3527009576
4035898.700834061
4036185.07140388
3294890.738127243
2870335.517645754
4036185.07140388
4035577.851720108
6116904.737288262
5898926.183603222
4035577.851720108
4033059.5187836424
7120258.3249809025
7267660.373012986
4033059.5187836424
4029660.3723666747
5232152.796371524
5476702.097395832
4029660.3723666747
4027787.9767318703
2051368.5543124315
2612571.941047988
4027787.9767318703
4028969.0802185754
2195423.376767772
1484111.58012978
4028969.0802185754
4032223.97621489
4788864.152111193
4507192.514690364
4032223.97621489
4035137.2405428095
7031495.616020404
6842649.612606771
4035137.2405428095
4036177.434071818
6426030.933279371
6626724.0989045
4036177.434071818
4035971.4408414466
3693219.954115937
4032083.941369827
5044825.340393499
4036061.931933764
2198435.2667285884
1488638.0503582272
4036061.931933764
4036098.1798516633
4796236.641371207
4515046.217867098
4036098.1798516633
4034545.255104209
7036404.483530482
6847701.951372982
4034545.255104209
4031315.764736373
6419478.125195951
6620379.469944003
4031315.764736373
4028394.2265737825
3685999.7968718256
4025496.6325202812
4028394.2265737825
4028004.750810164
1484111.58012978
2051368.3170502621
4028004.750810164
4030468.177486612
3289464.5876184157
2864069.262927755
4030468.177486612
4033865.666092266
6109657.717397332
5891402.376889155
4033865.666092266
4035902.8838833263
7123477.873943721
7266585.506831776
4035902.8838833263
4036146.3783976967
5240119.013691614
5484300.769984977
4036146.3783976967
4035844.76694085
2056552.3527009576
2616603.0575358043
