4036047.324754703
4035861.956680502
1444255.882090497
2168627.4743914353
4035861.956680502
4036141.8674385324
2701296.6792275542
2163273.8003821895
4036141.8674385324
4035866.6717525027
5578610.029532771
5338737.001549981
4035866.6717525027
4033754.574256149
7254941.951335352
7152534.091956625
4033754.574256149
4030362.065352934
5805414.539942323
6026780.566165869
4030362.065352934
4027952.8074929235
2745155.351774348
3186457.970981499
4027952.8074929235
4028463.8638441716
2157944.7199280704
1439769.3543886857
4028463.8638441716
4031452.924143424
4133989.4529243065
3804182.4316458055
4031452.924143424
4034640.3335853014
6685652.948214569
6486768.683239659
4034640.3335853014
4036103.7886011004
6796684.324279337
6986761.86534307
4036103.7886011004
4036047.324754703
4403373.902626755
4691256.539533262
5984205.232218297
4035982.876213252
2163273.8003821895
1444254.4207331727
4035982.876213252
4036183.7349397033
4140720.164987487
3811520.7185704806
4036183.7349397033
4035060.4349763077
6691829.7145013595
6493143.308717984
4035060.4349763077
4032085.677988599
6791398.952109826
6981626.257653977
4032085.677988599
4028879.9777569347
4395583.692531343
4683965.22940589
4028879.9777569347
4027813.8648343603
1439769.3543886857
2165693.9939163267
4027813.8648343603
4029758.5475798417
2697070.614382679
2157944.0998543976
4029758.5475798417
4033178.4189373204
5571021.12506349
5330793.982338729
4033178.4189373204
4035631.002459583
7256326.903704071
7149599.88277782
4035631.002459583
4036195.188338165
5813033.885280639
6034110.259164872
4036195.188338165
4035878.554468895
2751261.631981107
3191687.5145566217
6308193.573899088
4035860.5584185356
1444254.4207331727
2168626.288651391
4035860.5584185356
4036142.214746035
2701296.8092918987
2163274.287601826
4036142.214746035
4035866.6067046477
5578610.67550382
5338736.716601067
4035866.6067046477
4033755.3683397034
7254941.5539133735
7152534.17002978
4033755.3683397034
4030361.1365723945
5805414.728180669
6026780.684782932
4030361.1365723945
4027953.317164244
2745155.4299546615
3186457.593562766
4027953.317164244
4028463.351440918
2157944.0998543976
1439769.6718001678
4028463.351440918
4031454.2761939927
4133988.6815669867
3804182.4797264035
4031454.2761939927
4034638.174233177
6685653.365543897
6486769.2152336575
4034638.174233177
4036103.5198201034
6796684.53447047
6986762.317524088
4036103.5198201034
4036049.494207797
4403374.1864868095
4691257.908908198
4791588.228159747
4035982.596087704
2163274.287601826
1444255.3426678595
4035982.596087704
4036181.9937299346
4140721.1395913158
3811520.8268322092
4036181.9937299346
4035062.0993632684
6691828.318500016
6493141.7590904385
4035062.0993632684
4032084.4979465026
6791398.441922865
6981625.446620751
4032084.4979465026
4028880.9783577
4395584.802523408
4683965.436027119
4028880.9783577
4027814.04124216
1439769.6718001678
2165693.9457730837
4027814.04124216
4029757.1968475054
2697070.6624703263
2157943.9281643257
4029757.1968475054
4033179.7440971783
5571021.420883416
5330793.355636766
4033179.7440971783
4035630.3911686055
7256326.137654799
7149599.700469572
4035630.3911686055
4036195.891948638
5813033.94830935
6034109.989160402
4036195.891948638
4035878.62120316
2751262.0626757825
3191686.4202204295
5896625.676953541
4035861.4305442353
1444255.3426678595
2168625.842788477
4035861.4305442353
4036140.269944782
2701296.857829558
2163275.1736784508
4036140.269944782
4035866.3122530286
5578609.847065662
5338735.661239409
4035866.3122530286
4033755.2170791547
7254941.924881475
7152532.378426158
4033755.2170791547
4030361.3460374624
5805414.258785218
6026780.78297134
4030361.3460374624
4027954.4399031852
2745157.1382883987
3186458.997705491
4027954.4399031852
4028463.2130907136
2157943.9281643257
1439769.6324133442
4028463.2130907136
4031453.8354116087
4133988.94058559
3804181.71505517
4031453.8354116087
4034637.943922145
6685652.535286706
6486767.572306743
4034637.943922145
4036103.982461467
6796683.992889805
6986761.0162951555
4036103.982461467
4036049.5512902797
4403373.170995607
4691255.775518777
5365698.144477092
4035982.779518128
2163275.1736784508
1444255.882090497
4035982.779518128
4036183.7121639033
4140720.5598031958
3811521.426793327
4036183.7121639033
4035060.1130607496
6691828.390128154
6493142.7399530215
4035060.1130607496
4032085.9238934056
6791398.039402114
6981626.313701283
4032085.9238934056
4028879.7893475126
4395583.8430056935
4683965.726517073
4028879.7893475126
4027814.604627668
1439769.6324133442
2165694.0685617104
4027814.604627668
4029757.622576434
2697071.1689224457
2157944.7199280704
4029757.622576434
4033180.3906339924
5571020.25051829
5330794.272572604
4033180.3906339924
4035630.194463104
7256324.7129627755
7149600.789963372
4035630.194463104
4036195.791685633
5813032.557939358
6034109.946806336
4036195.791685633
4035877.836333476
2751260.997727366
3191687.0939897816
