4036054.1509872186
4035859.41853652
1465297.7186822607
2182697.9733829056
4035859.41853652
4036136.4457859346
2657468.367018946
2108293.3426445164
4036136.4457859346
4035886.3932711645
5530637.382629906
5288592.379040677
4035886.3932711645
4033811.1190971495
7261255.696113036
7138046.912464243
4033811.1190971495
4030421.949214119
5849623.4760760665
6069380.446689869
4030421.949214119
4027972.8546646917
2805809.630431234
3238859.638854348
4027972.8546646917
4028427.40355574
2103036.5618217387
1460793.9963699428
4028427.40355574
4031389.0526384134
4078575.8814325896
3743894.2050731955
4031389.0526384134
4034593.039436912
6652606.955249284
6452707.401877813
4034593.039436912
4036096.2087512156
6823084.687567006
7012448.797807085
4036096.2087512156
4036054.1509872186
4460594.608835628
4745013.323476292
6012375.0467304615
4035976.914766714
2108293.3426445164
1465297.1567870202
4035976.914766714
4036187.680419246
4085236.871570167
3751175.839175319
4036187.680419246
4035098.3422987894
6658873.801972478
6459175.909774372
4035098.3422987894
4032150.3129213434
6817919.53213998
7007428.473783488
4032150.3129213434
4028924.737584567
4452776.176011226
4737680.921746442
4028924.737584567
4027806.065845369
1460793.9963699428
2179728.398188479
4027806.065845369
4029701.6167592593
2653340.354435512
2103036.866274898
4029701.6167592593
4033119.468242796
5523040.64430158
5280634.416647716
4033119.468242796
4035603.430991328
7262482.280748593
7134964.591149338
4035603.430991328
4036197.24092396
5857194.776409455
6076666.822530712
4036197.24092396
4035881.9832701725
2811994.543624129
3244188.1957016373
6412060.384075819
4035858.7525545135
1465297.1567870202
2182697.9197554383
4035858.7525545135
4036136.8456043964
2657468.255061126
2108293.5306427698
4036136.8456043964
4035886.1243673847
5530637.93460141
5288592.785394665
4035886.1243673847
4033810.4724617703
7261255.379462007
7138046.814022114
4033810.4724617703
4030421.8492013183
5849623.754607254
6069380.456125655
4030421.8492013183
4027974.488011495
2805810.345422947
3238860.7952542654
4027974.488011495
4028426.790229015
2103036.866274898
1460794.1601308216
4028426.790229015
4031390.0583220813
4078575.826526539
3743894.1808448844
4031390.0583220813
4034592.1514835847
6652607.655812512
6452707.953534377
4034592.1514835847
4036094.237325429
6823084.049475187
7012448.221208241
4036094.237325429
4036056.1190087125
4460597.025505842
4745013.7995838495
4930600.772360907
4035976.473851569
2108293.5306427698
1465298.207615241
4035976.473851569
4036187.1389957177
4085237.542443317
3751175.1826613992
4036187.1389957177
4035097.209507168
6658874.05381242
6459174.676921874
4035097.209507168
4032150.3302022745
6817919.784151048
7007428.984541432
4032150.3302022745
4028925.9637091984
4452775.888479132
4737681.178860531
4028925.9637091984
4027804.965025891
1460794.1601308216
2179728.479015692
4027804.965025891
4029701.631870459
2653339.138341594
2103035.7915482707
4029701.631870459
4033120.0650090897
5523040.645769828
5280633.804027837
4033120.0650090897
4035603.2547951457
7262482.032853994
7134965.272534465
4035603.2547951457
4036197.7298597307
5857194.6745565375
6076666.605722864
4036197.7298597307
4035882.98741074
2811994.370123232
3244187.889128813
6007608.058222993
4035859.405463983
1465298.207615241
2182697.2518434473
4035859.405463983
4036136.549739988
2657468.1626316924
2108294.2386637176
4036136.549739988
4035884.62954176
5530636.869255532
5288592.682809879
4035884.62954176
4033812.3048702627
7261255.747377267
7138045.574115381
4033812.3048702627
4030420.7754954225
5849623.819819187
6069378.908542305
4030420.7754954225
4027974.797273782
2805809.8282427024
3238860.431031352
4027974.797273782
4028427.098252958
2103035.7915482707
1460793.710225487
4028427.098252958
4031389.574153995
4078576.1822919855
3743894.0112054995
4031389.574153995
4034592.658566173
6652607.666628022
6452706.5068100495
4034592.658566173
4036094.3654865585
6823084.378383701
7012447.094673307
4036094.3654865585
4036056.1084595937
4460596.740496896
4745014.5341631
5397092.409139781
4035976.5124933016
2108294.2386637176
1465297.7186822607
4035976.5124933016
4036187.8247083775
4085236.55823068
3751175.539974794
4036187.8247083775
4035098.6699992083
6658873.30543158
6459175.525239041
4035098.6699992083
4032149.873274393
6817918.16785018
7007428.488944559
4032149.873274393
4028926.003496473
4452775.687654676
4737680.836000491
4028926.003496473
4027805.024525734
1460793.710225487
2179727.0701584765
4027805.024525734
4029701.7129077655
2653339.90612217
2103036.5618217387
4029701.7129077655
4033119.559168986
5523040.26075248
5280633.915293468
4033119.559168986
4035603.228324794
7262480.436937636
7134965.059615606
4035603.228324794
4036197.6345862714
5857193.6279593995
6076667.045703302
4036197.6345862714
4035881.9466030477
2811994.996699302
3244187.7285544453
