4036154.4787868317
4035862.2692580824
2170947.6161119784
2707444.3659675345
4035862.2692580824
4036035.128096766
2166881.7548635486
1441629.1946173478
4036035.128096766
4036119.9727110537
4683794.756570241
4395423.859654045
4036119.9727110537
4034640.8149815868
6983158.80857838
6792979.5284250295
4034640.8149815868
4031461.9210438104
6491430.777462232
6690174.618723546
4031461.9210438104
4028459.4103516676
3812508.017411314
4141652.244570219
4028459.4103516676
4027961.6137886588
1437145.4620354848
2163952.8621882284
4027961.6137886588
4030351.2032392104
3179246.6873035002
2736783.978502448
4030351.2032392104
4033753.8593879
6020844.346273079
5799250.7379360255
4033753.8593879
4035848.1517476323
7154476.750475415
7254007.841630703
4035848.1517476323
4036154.4787868317
5345638.943474105
5585217.399054446
6544752.378705687
4035889.092814835
1441629.1946173478
2166882.381785047
4035889.092814835
4036192.1448947554
3184466.4552727863
2742882.985023855
4036192.1448947554
4035635.0845350614
6028182.748889816
5806880.50242303
4035635.0845350614
4033172.534947969
7151566.456974201
7255415.530717215
4033172.534947969
4029779.2344104284
5337701.716997719
5577634.644154929
4029779.2344104284
4027814.7839612775
2165609.5116186184
2703205.041710655
4027814.7839612775
4028861.238374598
2163952.8621882284
1437145.4829696587
4028861.238374598
4032091.916012803
4676504.824015152
4387634.525390618
4032091.916012803
4035053.7543772506
6978003.604372379
6787674.79765891
4035053.7543772506
4036185.952649367
6497788.1239513885
6696335.731322593
4036185.952649367
4035972.0578484326
3819847.9579124385
4148386.807268817
8070479.981445095
4035860.6094293455
2170944.5420656907
2707441.538213187
4035860.6094293455
4036035.6392270853
2166882.381785047
1441630.5126357034
4036035.6392270853
4036119.1876567984
4683795.256620466
4395424.5439189235
4036119.1876567984
4034641.3762385915
6983157.811873906
6792979.570376401
4034641.3762385915
4031462.522779512
6491431.15979548
6690174.364739217
4031462.522779512
4028459.2440314493
3812507.106949208
4141651.509177276
4028459.2440314493
4027959.9810062507
1437145.4829696587
2163952.3207507296
4027959.9810062507
4030353.28593013
3179245.651754027
2736782.6545760497
4030353.28593013
4033750.6364613534
6020845.562294185
5799251.723198473
4033750.6364613534
4035849.515827884
7154476.671488415
7254007.558134858
4035849.515827884
4036155.8602177077
5345638.225758396
5585216.598374707
7144659.409773197
4035891.4459440834
1441630.5126357034
2166882.7049632915
4035891.4459440834
4036189.8309789603
3184468.029379726
2742884.181668096
4036189.8309789603
4035635.664872992
6028181.833789561
5806879.624358089
4035635.664872992
4033174.559470124
7151566.765044745
7255415.342544622
4033174.559470124
4029776.853898527
5337701.025424259
5577633.918377409
4029776.853898527
4027816.4768650667
2165611.5548905074
2703206.1419052817
4027816.4768650667
4028861.3269857187
2163952.3207507296
1437146.3034198515
4028861.3269857187
4032091.5837048613
4676506.093587077
4387634.789913058
4032091.5837048613
4035053.5172253894
6978003.139710352
6787673.986363245
4035053.5172253894
4036185.8452229863
6497787.689069089
6696335.761164541
4036185.8452229863
4035970.849456547
3819847.974149446
4148387.4176981035
7752970.216211051
4035860.9857563656
2170945.426595044
2707440.900907805
4035860.9857563656
4036035.5551521913
2166882.7049632915
1441631.0897332793
4036035.5551521913
4036119.659843685
4683794.4180238815
4395423.558180921
4036119.659843685
4034640.1601227354
6983158.802285623
6792978.462444358
4034640.1601227354
4031463.750165445
6491431.0265298495
6690174.167167601
4031463.750165445
4028458.0184338638
3812507.4037165283
4141650.5175641007
4028458.0184338638
4027961.6848227186
1437146.3034198515
2163952.5403443105
4027961.6848227186
4030352.5036200155
3179247.1917361435
2736783.649794122
4030352.5036200155
4033750.6086948486
6020844.6106549
5799250.7249506
4033750.6086948486
4035849.274297256
7154476.720654908
7254005.922292713
4035849.274297256
4036155.7181081898
5345638.3333848305
5585215.597603502
5984375.575097158
4035889.617761002
1441631.0897332793
2166881.7548635486
4035889.617761002
4036192.4313621293
3184466.014731284
2742883.3541609463
4036192.4313621293
4035635.0117864734
6028181.800850011
5806880.452695464
4035635.0117864734
4033173.110983132
7151565.631656836
7255416.290990073
4033173.110983132
4029778.3344899868
5337700.466966195
5577634.314498658
4029778.3344899868
4027815.3547883127
2165610.6766525535
2703206.2454565237
4027815.3547883127
4028861.029004456
2163952.5403443105
1437145.4620354848
4028861.029004456
4032091.5708177593
4676504.566000848
4387635.159314604
4032091.5708177593
4035054.183651116
6978001.558803835
6787674.559105312
4035054.183651116
4036185.772193935
6497786.063245667
6696336.221017517
4036185.772193935
4035971.2788439593
3819847.246298662
4148387.6244625906
