4036129.92864921
4035854.2398489197
1906027.1294800607
2500022.5090410747
4035854.2398489197
4036068.05289063
2259174.137839105
1576944.732952815
4036068.05289063
4036067.108496672
4950057.941448942
4678111.337131501
4036067.108496672
4034405.2650795905
7105200.986494773
6918369.2472331785
4034405.2650795905
4031142.483588235
6315034.972169883
6519148.15359447
4031142.483588235
4028283.90023844
3509431.752751365
3864458.561318026
4028283.90023844
4028073.99081711
1572328.2566591336
1901034.8182875786
4028073.99081711
4030661.2385248784
3445133.141347783
3041579.2534217164
4030661.2385248784
4034021.3801809363
6228804.970975377
6014863.746267274
4034021.3801809363
4035940.555743752
7075118.418633577
7257924.960110158
4035940.555743752
4036129.92864921
5090342.079680506
5341367.179636042
6372422.251389888
4035912.252531243
1576944.732952815
1906028.3910736023
4035912.252531243
4036201.3973035766
3450836.468599502
3048069.94363119
4036201.3973035766
4035492.2326367293
6235900.690657352
6022222.029831986
4035492.2326367293
4032871.5840780176
7071478.298011361
7254381.206444543
4032871.5840780176
4029501.2601652043
5082355.008190473
5333770.402503535
4029501.2601652043
4027781.9419880854
1901034.8182875786
2496261.946866661
4027781.9419880854
4029095.831070347
2256003.2560695074
1572328.646817933
4029095.831070347
4032409.409843169
4942588.123093888
4670189.605206808
4032409.409843169
4035239.243403705
7100645.262927222
6913686.34064328
4035239.243403705
4036202.2940246826
6321839.839837858
6525732.608575476
4036202.2940246826
4035940.599293967
3516465.3642940456
3870821.325170199
7582064.419773546
4035853.3341445276
1906028.3910736023
2500022.277431068
4035853.3341445276
4036068.1838007234
2259172.665787183
1576943.998403102
4036068.1838007234
4036066.84569959
4950057.231544841
4678111.036373572
4036066.84569959
4034406.074622826
7105200.709058093
6918369.49912518
4034406.074622826
4031142.4860651167
6315034.704179367
6519147.723050081
4031142.4860651167
4028284.379978812
3509431.480975618
3864458.2835585806
4028284.379978812
4028074.104644842
1572328.646817933
1901034.1315348272
4028074.104644842
4030660.5556214666
3445134.025023698
3041579.567445921
4030660.5556214666
4034021.653338021
6228804.134398856
6014862.981968577
4034021.653338021
4035941.768363035
7075118.034374031
7257924.927107649
4035941.768363035
4036128.8445191495
5090340.699576722
5341366.273712506
6491815.641436522
4035912.6013076566
1576943.998403102
1906027.6810190873
4035912.6013076566
4036201.2793326476
3450837.807908157
3048071.6589210443
4036201.2793326476
4035492.7239093934
6235900.815664591
6022223.07011444
4035492.7239093934
4032871.5751527706
7071478.23028282
7254380.266678406
4032871.5751527706
4029501.674733513
5082354.761654877
5333770.638167319
4029501.674733513
4027780.3639167068
1901034.1315348272
2496260.944756546
4027780.3639167068
4029096.6840668884
2256002.245639348
1572328.0504651773
4029096.6840668884
4032409.2853464712
4942587.943987697
4670188.926457657
4032409.2853464712
4035240.0493901265
7100644.905593084
6913686.038209864
4035240.0493901265
4036201.4669855624
6321839.294040508
6525731.895410894
4036201.4669855624
4035940.469254208
3516465.26500165
3870821.0809909287
7243196.527759006
4035853.211370978
1906027.6810190873
2500022.800286898
4035853.211370978
4036067.727468542
2259172.957796074
1576943.3172067609
4036067.727468542
4036066.3612496397
4950057.752832009
4678109.7095110705
4036066.3612496397
4034406.4731364585
7105200.856246495
6918367.454420162
4034406.4731364585
4031142.527231166
6315035.121561637
6519147.146071523
4031142.527231166
4028284.6347448505
3509431.634274267
3864457.782279854
4028284.6347448505
4028074.2540092436
1572328.0504651773
1901034.8637504242
4028074.2540092436
4030660.765210797
3445134.0995140206
3041580.451293877
4030660.765210797
4034021.5460324683
6228804.309638669
6014862.421021074
4034021.5460324683
4035941.3823684384
7075117.857606919
7257923.497545988
4035941.3823684384
4036129.0106071816
5090340.474417133
5341364.903182498
5795433.706800903
4035912.127427855
1576943.3172067609
1906027.1294800607
4035912.127427855
4036201.740822524
3450835.760768132
3048071.100820264
4036201.740822524
4035492.434256497
6235899.54011539
6022222.852113211
4035492.434256497
4032871.0105828512
7071477.391433503
7254380.80112778
4032871.0105828512
4029501.861730558
5082354.416348747
5333771.103364749
4029501.861730558
4027780.934423631
1901034.8637504242
2496261.376057616
4027780.934423631
4029096.338006378
2256001.9563104673
1572328.2566591336
4029096.338006378
4032409.835582463
4942587.786469468
4670189.834608556
4032409.835582463
4035240.749671147
7100644.012656786
6913686.771917055
4035240.749671147
4036200.9860033295
6321837.749050499
6525732.180004291
4036200.9860033295
4035939.9498310643
3516464.2260878948
3870821.3666492347
