4035807.792852806
4036167.7132783122
5477870.408776463
5711911.47838126
4036167.7132783122
4035855.8001895878
2323304.803867045
2831083.596932862
4035855.8001895878
4036030.65399303
2142342.8446703507
1404481.5903767103
4036030.65399303
4036141.4082293143
4537871.5016654525
4239596.673710123
4036141.4082293143
4034762.277659107
6910413.010566905
6718179.657122379
4034762.277659107
4031623.198179135
6579551.702223687
6775715.879805422
4031623.198179135
4028573.121763756
3973607.303219238
4290420.147731692
4028573.121763756
4027912.5714543234
1400030.060814421
2139477.80581771
4027912.5714543234
4030190.418210569
3041065.458680739
2574973.6099896613
4030190.418210569
4033584.008784732
5903399.24888151
5677231.519032592
4033584.008784732
4035807.792852806
7189474.716759904
7232958.647319511
8462140.325038677
4036002.572169532
3981092.824517395
4297334.652209455
4036002.572169532
4035879.6146308677
1404481.5903767103
2142342.400537508
4035879.6146308677
4036184.907271353
3046015.4862666437
2580857.1925256792
4036184.907271353
4035692.291242328
5910835.316675617
5684975.138757482
4035692.291242328
4033344.697820966
7186968.883304365
7234789.677630032
4033344.697820966
4029930.0358237065
5469989.82171088
5704366.886283728
4029930.0358237065
4027833.7827332625
2317767.590015552
2826577.8653848036
4027833.7827332625
4028756.5930015533
2139477.80581771
1400030.641843666
4028756.5930015533
4031916.1405060645
4530707.439777393
4231906.737844367
4031916.1405060645
4034949.3483716096
6904955.624915501
6712560.737740565
4034949.3483716096
4036158.374745698
6585640.286900524
6781623.049646803
12093834.066081388
4036167.448275039
5477870.800866026
5711911.592640335
4036167.448275039
4035854.452390221
2323303.5648384425
2831081.5449524485
4035854.452390221
4036031.248205404
2142342.400537508
1404481.7809460897
4036031.248205404
4036140.623776939
4537871.773616846
4239596.247587326
4036140.623776939
4034761.5766024436
6910412.218864737
6718179.352831563
4034761.5766024436
4031624.4708286636
6579551.680539189
6775716.332429638
4031624.4708286636
4028571.6091422336
3973607.0006367406
4290420.40243198
4028571.6091422336
4027912.6665299083
1400030.641843666
2139478.391560436
4027912.6665299083
4030192.187061393
3041065.468221292
2574972.5331895137
4030192.187061393
4033583.455450671
5903400.388204086
5677231.882750501
4033583.455450671
4035808.0913663087
7189474.15942109
7232958.6151730325
12889701.909362877
4036001.178230889
3981093.4258121713
4297333.169013193
4036001.178230889
4035879.8705155747
1404481.7809460897
2142343.189372919
4035879.8705155747
4036185.8186223214
3046016.593452581
2580857.3032869995
4036185.8186223214
4035690.188444436
5910834.978645554
5684975.13119994
4035690.188444436
4033344.4819149775
7186968.926575068
7234789.382555062
4033344.4819149775
4029932.3548347517
5469991.290403392
5704368.094774399
4029932.3548347517
4027833.4646735606
2317767.9697855595
2826577.6786470176
4027833.4646735606
4028757.0473917495
2139478.391560436
1400030.400770116
4028757.0473917495
4031915.2278396976
4530707.812965381
4231907.6650605
4031915.2278396976
4034950.1342306207
6904955.589473382
6712561.202435269
4034950.1342306207
4036158.3238495644
6585639.795017741
6781622.166337535
11884166.2899456
4036167.819059548
5477869.6228752015
5711910.888166512
4036167.819059548
4035855.173423336
2323303.9693983826
2831081.8064853703
4035855.173423336
4036029.5715826843
2142343.189372919
1404482.9837896088
4036029.5715826843
4036141.967940389
4537871.045283954
4239595.539188111
4036141.967940389
4034760.468606622
6910412.275953488
6718178.619086295
4034760.468606622
4031624.300678637
6579551.708283572
6775715.719561869
4031624.300678637
4028572.33946499
3973606.952939982
4290420.559064652
4028572.33946499
4027912.0416444596
1400030.400770116
2139478.3321692506
4027912.0416444596
4030192.634137069
3041065.111032569
2574972.5466895336
4030192.634137069
4033583.244280651
5903400.70946971
5677231.261920198
4033583.244280651
4035808.201037216
7189473.689431191
7232956.511859544
8036309.309969327
4036001.318270431
3981093.1707546026
4297334.008859057
4036001.318270431
4035880.435923055
1404482.9837896088
2142342.8446703507
4035880.435923055
4036184.678486053
3046015.669960553
2580858.4444387243
4036184.678486053
4035692.120839202
5910833.812541456
5684974.975064987
4035692.120839202
4033344.5330712204
7186967.457460797
7234790.5066412715
4033344.5330712204
4029930.808163622
5469989.5776309315
5704367.747267089
4029930.808163622
4027833.894207717
2317767.7241626433
2826578.5032647355
4027833.894207717
4028756.4557891265
2139478.3321692506
1400030.060814421
4028756.4557891265
4031916.0103883767
4530707.023096392
4231906.999104124
4031916.0103883767
4034949.8174114726
6904954.366513242
6712561.004337821
4034949.8174114726
4036157.516953772
6585638.207155375
6781622.4965764135
