4036038.747959544
4036095.1932582026
4806509.2555724075
5071583.748294526
4036095.1932582026
4035839.714479968
1664400.599088584
2321065.0346114417
4035839.714479968
4036115.505961847
2415523.7265275023
1793770.7527728425
4036115.505961847
4035991.744227321
5224251.80033923
4967320.647414874
4035991.744227321
4034140.772284677
7215727.107382185
7031825.729728945
4034140.772284677
4030794.6171204336
6110245.284640231
6320962.744997796
4030794.6171204336
4028135.203725187
3184436.6673181234
3571896.014448012
4028135.203725187
4028221.9801225075
1788910.4468356832
1659695.3885960614
4028221.9801225075
4030996.805464081
3735607.2187615004
3367028.587416354
4030996.805464081
4034277.984750334
6434229.368567272
6227337.104331318
4034277.984750334
4036038.747959544
6970682.666909524
7156152.924367778
8103283.877617718
4035924.5760311172
3191098.6998658837
3577809.2006375366
4035924.5760311172
4035939.4921502015
1793770.7527728425
1664401.498018657
4035939.4921502015
4036202.160354099
3741783.525512136
3373907.9379191026
4036202.160354099
4035309.60028728
6440988.404658902
6234328.930819133
4035309.60028728
4032554.256624097
6966308.275438366
7151896.130656829
4032554.256624097
4029222.910414946
4798554.351186476
5064060.910337109
4029222.910414946
4027762.5629231525
1659695.3885960614
2317740.9498284706
4027762.5629231525
4029380.226167343
2411961.9405461447
1788910.4945802207
4029380.226167343
4032739.9609097484
5216673.967519355
4959334.238044349
4032739.9609097484
4035422.1753727067
7211861.211921763
7027855.243328884
4035422.1753727067
4036189.89973099
6117450.026412914
6327917.877053435
11494286.741784751
4036096.013830779
4806511.137446337
5071584.880999452
4036096.013830779
4035839.9134363746
1664401.498018657
2321064.9558976423
4035839.9134363746
4036114.9816330727
2415523.287404292
1793771.060007328
4036114.9816330727
4035992.6353525785
5224250.900015759
4967320.704006952
4035992.6353525785
4034140.979944553
7215727.265413826
7031825.76816053
4034140.979944553
4030794.468882693
6110245.324795972
6320962.536378383
4030794.468882693
4028134.9017007938
3184435.9326106817
3571896.076208405
4028134.9017007938
4028222.9469411895
1788910.4945802207
1659694.866405428
4028222.9469411895
4030996.3327953727
3735606.9405713626
3367028.1048865933
4030996.3327953727
4034278.2837001593
6434228.95913303
6227336.57478881
4034278.2837001593
4036037.1345444904
6970682.555197946
7156152.324426256
11931469.389171291
4035923.317907595
3191098.227870677
3577808.2419454134
4035923.317907595
4035940.706911486
1793771.060007328
1664400.8682831451
4035940.706911486
4036201.450567097
3741785.2540067146
3373908.545775957
4036201.450567097
4035309.342876729
6440988.460070032
6234329.7590621775
4035309.342876729
4032555.508961997
6966308.652261381
7151895.968605001
4032555.508961997
4029222.791819534
4798554.321562211
5064060.360730923
4029222.791819534
4027762.1471544416
1659694.866405428
2317740.201528602
4027762.1471544416
4029379.776011279
2411962.1682205456
1788910.7678083575
4029379.776011279
4032739.1908170804
5216672.794041886
4959333.784317333
4032739.1908170804
4035422.4359183963
7211861.06764174
7027854.768552265
4035422.4359183963
4036191.007015181
6117449.62168616
6327918.013237235
11273501.285904424
4036095.7633327874
4806510.302984615
5071584.571203427
4036095.7633327874
4035840.8239611606
1664400.8682831451
2321065.6249293396
4035840.8239611606
4036112.9871981484
2415524.9847277636
1793771.4207561659
4036112.9871981484
4035993.8017341336
5224251.531662179
4967318.453868227
4035993.8017341336
4034139.906768381
7215727.074114632
7031824.759794341
4034139.906768381
4030794.729284326
6110245.559721269
6320962.517495335
4030794.729284326
4028134.6918195896
3184435.771457348
3571895.381597587
4028134.6918195896
4028222.966647258
1788910.7678083575
1659694.956983003
4028222.966647258
4030996.7046386655
3735607.4102270044
3367027.589675759
4030996.7046386655
4034277.846033522
6434229.602045332
6227336.058213632
4034277.846033522
4036037.046826689
6970682.35002249
7156151.4226878
7657588.883178848
4035924.3956170455
3191098.6001480203
3577808.40686939
4035924.3956170455
4035939.407753564
1793771.4207561659
1664400.599088584
4035939.407753564
4036202.032573773
3741783.933828071
3373909.448276431
4036202.032573773
4035309.997895153
6440986.569457009
6234329.733964359
4035309.997895153
4032553.567455874
6966307.2851557145
7151896.06798264
4032553.567455874
4029223.7085580435
4798554.783761283
5064061.2221051445
4029223.7085580435
4027762.442036393
1659694.956983003
2317740.982827332
4027762.442036393
4029380.228946177
2411962.1634813608
1788910.4468356832
4029380.228946177
4032738.586232616
5216672.603575221
4959334.300900346
4032738.586232616
4035422.5955671375
7211859.525963047
7027854.952974096
4035422.5955671375
4036190.5092728916
6117448.8714815155
6327918.0182389645
