4036199.806317254
4035949.829142887
3461202.4565694155
3820685.6690390585
4035949.829142887
4035902.5258499687
1609281.7867282636
1861458.5599638913
4035902.5258499687
4036202.9690811047
3499945.3674014327
3103556.8942912803
4036202.9690811047
4035464.57396051
6271983.292451548
6059575.424294575
4035464.57396051
4032827.318553499
7055021.820525843
7238338.559330611
4032827.318553499
4029442.034992589
5034900.084710895
5288568.12919879
4029442.034992589
4027778.387047435
1856519.828095535
2462529.6896031527
4027778.387047435
4029153.2879035324
2278633.3760859272
1604633.5763548948
4029153.2879035324
4032466.4687412544
4989946.302761765
4720275.102082114
4032466.4687412544
4035261.0529788723
7120989.075131051
6934575.964756373
4035261.0529788723
4036199.806317254
6288284.69961594
6493231.096725672
7326212.368770685
4035852.6917460198
1861458.5599638913
2466210.6918994486
4035852.6917460198
4036086.194802367
2281859.780666892
1609282.2755654538
4036086.194802367
4036054.9295600485
4997439.165085101
4728214.970583435
4036054.9295600485
4034350.2797760773
7125430.346454473
6939141.250901596
4034350.2797760773
4031084.536594952
6281406.859765685
6486578.173703511
4031084.536594952
4028264.9371532504
3454228.6130363597
3814393.6282863
4028264.9371532504
4028085.951665222
1604633.5763548948
1856520.0969431188
4028085.951665222
4030717.6020960934
3494158.6047355565
3096996.4392070463
4030717.6020960934
4034065.748204447
6264937.859264814
6052272.680272243
4034065.748204447
4035974.4779940355
7058790.76152521
7242008.81244495
4035974.4779940355
4036110.4207337936
5042884.669561099
5296155.009358556
9961129.01812467
4035947.89341985
3461201.549940233
3820684.149484839
4035947.89341985
4035904.286769451
1609282.2755654538
1861458.2752845113
4035904.286769451
4036203.2897169744
3499946.04372079
3103556.4389927476
4036203.2897169744
4035464.2544919243
6271983.298412201
6059576.074895564
4035464.2544919243
4032827.216355187
7055021.168890389
7238338.985608041
4032827.216355187
4029442.045145352
5034899.870787979
5288567.260589163
4029442.045145352
4027778.0051068133
1856520.0969431188
2462530.721048534
4027778.0051068133
4029153.9645249792
2278632.7877288335
1604632.0986241675
4029153.9645249792
4032466.811021797
4989946.090487169
4720274.870234201
4032466.811021797
4035259.111050986
7120988.430522512
6934576.258730119
4035259.111050986
4036201.606814293
6288285.295706237
6493231.517488466
9715934.320777755
4035853.6162730223
1861458.2752845113
2466210.250301443
4035853.6162730223
4036086.7764348723
2281861.2511308133
1609283.6883764756
4036086.7764348723
4036054.8729527253
4997438.773195641
4728214.24678824
4036054.8729527253
4034349.0822407035
7125430.425088583
6939141.474133295
4034349.0822407035
4031085.3497470985
6281407.104044185
6486578.325505849
4031085.3497470985
4028265.0796820554
3454227.7714843517
3814393.4329917096
4028265.0796820554
4028084.659628708
1604632.0986241675
1856518.764656388
4028084.659628708
4030718.9127889303
3494158.1202637823
3096996.3735544435
4030718.9127889303
4034066.3513012934
6264937.734194267
6052273.491390939
4034066.3513012934
4035972.7896022615
7058790.20195657
7242008.532603186
4035972.7896022615
4036110.35480434
5042885.3412850555
5296155.790234339
9705598.36577995
4035947.233351368
3461202.7751383125
3820684.5175540615
4035947.233351368
4035904.5088913543
1609283.6883764756
1861459.1571322565
4035904.5088913543
4036203.168261444
3499944.626133449
3103556.1515795323
4036203.168261444
4035463.7498968006
6271983.1506548375
6059574.212549944
4035463.7498968006
4032828.8819099194
7055021.40795224
7238338.1304277405
4032828.8819099194
4029441.998566543
5034899.717023567
5288566.2255102815
4029441.998566543
4027777.57609109
1856518.764656388
2462529.343464605
4027777.57609109
4029153.400316576
2278633.3103883304
1604633.1093703222
4029153.400316576
4032467.38807813
4989945.915103108
4720273.741083194
4032467.38807813
4035259.0997451064
7120989.247611193
6934574.683628748
4035259.0997451064
4036201.1692718174
6288285.399881908
6493230.214037875
6830133.010061762
4035853.48285667
1861459.1571322565
2466211.992024909
4035853.48285667
4036086.420889267
2281860.6719459645
1609281.7867282636
4036086.420889267
4036054.5468810266
4997438.66430881
4728213.673010698
4036054.5468810266
4034350.3805862246
7125428.449275815
6939141.387157848
4034350.3805862246
4031084.578140965
6281405.913694487
6486578.489168308
4031084.578140965
4028265.3379172776
3454227.8059687777
3814393.3014288293
4028265.3379172776
4028085.426921331
1604633.1093703222
1856519.828095535
4028085.426921331
4030718.6914468957
3494157.566082524
3096996.5506595965
4030718.6914468957
4034066.3457580474
6264935.958426533
6052273.609510324
4034066.3457580474
4035972.6595841954
7058788.566032537
7242009.2506981725
4035972.6595841954
4036110.2874593874
5042884.616104169
5296155.759427136
