4036197.0536211785
4035895.4011902944
2817823.9732348435
3249243.696022319
4035895.4011902944
4035963.249610463
2103073.9225230343
1467502.9897304191
4035963.249610463
4036189.6020278772
4079918.192620771
3745383.132262523
4036189.6020278772
4035101.3754066695
6655683.453447091
6455887.02068466
4035101.3754066695
4032168.4181428202
6820423.315010053
7009864.424992218
4032168.4181428202
4028918.055610747
4458228.0364115555
4742804.506498651
4028918.055610747
4027804.068982048
1462995.9586141633
2181207.597104089
4027804.068982048
4029708.837863541
2649206.8229618156
2097823.0673328885
4029708.837863541
4033115.8944137217
5518430.116639327
5275809.0720958905
4033115.8944137217
4035586.22511169
7263028.366754998
7133527.874439389
4035586.22511169
4036197.0536211785
5861394.120943007
6080715.986074076
6941794.224201871
4035858.8982608654
1467502.9897304191
2184182.3795148293
4035858.8982608654
4036148.1596316476
2653325.567693835
2103073.5724797975
4036148.1596316476
4035887.6674175872
5526026.939820569
5283769.596716463
4035887.6674175872
4033803.8080881704
7261818.023512443
7136623.613727608
4033803.8080881704
4030428.102554829
5853827.420955095
6073433.324289426
4030428.102554829
4027985.576797492
2811630.6400453146
3243904.956032014
4027985.576797492
4028412.9100471754
2097823.0673328885
1462995.8673221811
4028412.9100471754
4031385.2924600192
4073264.0794070563
3738108.1920296825
4031385.2924600192
4034583.9392622216
6649408.090516749
6449411.0738961985
4034583.9392622216
4036109.8302410063
6825577.313478434
7014874.790889687
4036109.8302410063
4036043.488441196
4466051.28302507
4750140.855807813
9085159.366463052
4035895.007536651
2817824.006123356
3249243.1547888387
4035895.007536651
4035963.3145466335
2103073.5724797975
1467502.9095412598
4035963.3145466335
4036189.5396290394
4079918.440109005
3745383.156744151
4036189.5396290394
4035101.49114326
6655683.307808349
6455887.511661069
4035101.49114326
4032168.4149922435
6820423.365545852
7009864.721784691
4032168.4149922435
4028918.0657409597
4458227.735305126
4742804.524358798
4028918.0657409597
4027804.594505187
1462995.8673221811
2181207.13530646
4027804.594505187
4029709.673401373
2649207.548178659
2097823.628879158
4029709.673401373
4033114.061794151
5518431.071819172
5275809.87790542
4033114.061794151
4035587.475394415
7263028.57996804
7133527.341917636
4035587.475394415
4036196.807409435
5861393.571037101
6080715.376057003
8512459.946352275
4035858.5803098134
1467502.9095412598
2184181.4879233437
4035858.5803098134
4036149.0893818773
2653325.3088707207
2103073.9146164493
4036149.0893818773
4035886.4846253498
5526027.3394620735
5283769.345680798
4035886.4846253498
4033805.6991773755
7261818.299128704
7136623.815634001
4033805.6991773755
4030427.136355781
5853827.208508736
6073433.829654079
4030427.136355781
4027985.552911902
2811631.425961936
3243905.1340808207
4027985.552911902
4028413.050975882
2097823.628879158
1462995.9520042788
4028413.050975882
4031385.327198832
4073263.972655429
3738107.8190547028
4031385.327198832
4034584.338591512
6649408.067495192
6449411.548954447
4034584.338591512
4036109.2289533927
6825576.864809896
7014874.671972589
4036109.2289533927
4036043.5532404673
4466051.005331402
4750140.3393819
8804279.162714908
4035894.4118308756
2817824.1276722387
3249243.428943445
4035894.4118308756
4035964.317041905
2103073.9146164493
1467503.398578124
4035964.317041905
4036187.871474363
4079918.61475982
3745383.553769022
4036187.871474363
4035102.3945334633
6655682.976901007
6455885.478563048
4035102.3945334633
4032168.6127523133
6820423.630596764
7009863.426858432
4032168.6127523133
4028917.250421533
4458228.093557516
4742803.549523968
4028917.250421533
4027805.3298730464
1462995.9520042788
2181207.8225916415
4027805.3298730464
4029708.72500183
2649208.1794390175
2097823.9363263575
4029708.72500183
4033114.7560229967
5518430.916637372
5275808.424464672
4033114.7560229967
4035587.3098601303
7263028.386507729
7133526.058616318
4035587.3098601303
4036196.9403366814
5861393.664850829
6080714.562455484
6416126.305971862
4035859.272131184
1467503.398578124
2184182.595532358
4035859.272131184
4036148.307131725
2653325.084502851
2103073.9225230343
4036148.307131725
4035887.5242985785
5526026.854341286
5283769.54640105
4035887.5242985785
4033804.111442588
7261816.452806656
7136623.80685535
4033804.111442588
4030427.773849021
5853826.149004518
6073433.585298972
4030427.773849021
4027985.9931970946
2811631.061554457
3243905.6038390715
4027985.9931970946
4028412.0403525126
2097823.9363263575
1462995.9586141633
4028412.0403525126
4031385.5561790727
4073263.133238682
3738107.6730494895
4031385.5561790727
4034584.1131054405
6649406.797139835
6449410.85107486
4034584.1131054405
4036110.017017391
6825576.280212898
7014874.631215608
4036110.017017391
4036042.8622376793
4466050.0639669625
4750140.596052402
