4036153.333490828
4036020.086523662
4153002.13244526
4457069.690914196
4036020.086523662
4035858.217733892
1395962.8597566516
2136767.0342201046
4035858.217733892
4036174.822966883
2901901.724682734
2409091.358783509
4036174.822966883
4035772.916979639
5780072.922931524
5548901.7014378505
4035772.916979639
4033513.3804272222
7219062.678754287
7206382.408016836
4033513.3804272222
4030090.338509598
5608472.081774937
5837299.942071198
4030090.338509598
4027887.392049999
2487164.9967148905
2967078.348764372
4027887.392049999
4028632.0025182012
2133920.4439053163
1391520.2728124373
4028632.0025182012
4031734.297469809
4371812.552585416
4061348.671959299
4031734.297469809
4034811.620689787
6820731.205529818
6625893.885687142
4034811.620689787
4036153.333490828
6674938.9484660365
6868380.839087815
7732023.437109188
4035875.498657126
2492929.7781728003
2971876.2163789333
4035875.498657126
4036010.35283149
2136767.0342201046
1395963.8847812847
4036010.35283149
4036161.9981413577
4378819.161866376
4068910.053330982
4036161.9981413577
4034873.5607130784
6826490.583595028
6631829.688880623
4034873.5607130784
4031822.994772301
6669159.239746233
6862769.462386716
4031822.994772301
4028689.6580911702
4145377.9445484257
4449986.382622339
4028689.6580911702
4027853.3195494935
1391520.2728124373
2133919.437838871
4027853.3195494935
4030021.0337737617
2897243.0196754835
2403434.8612548443
4030021.0337737617
4033430.2078246297
5772556.617523146
5541059.785079707
4033430.2078246297
4035742.0439050486
7221121.725287436
7204101.062665839
4035742.0439050486
4036167.1272312184
5616264.795799664
5844776.237036847
10798857.909030028
4036019.738261755
4153001.9172731475
4457069.575541651
4036019.738261755
4035858.583549598
1395963.8847812847
2136766.8845640733
4035858.583549598
4036174.504497626
2901900.5955736255
2409092.1462811595
4036174.504497626
4035773.7193837906
5780071.694970931
5548902.15795335
4035773.7193837906
4033512.6832459415
7219062.52952299
7206382.404340245
4033512.6832459415
4030090.984778744
5608471.549611074
5837300.096227603
4030090.984778744
4027886.499575933
2487164.17812379
2967077.76706407
4027886.499575933
4028632.4526002267
2133919.437838871
1391520.6796849424
4028632.4526002267
4031732.922099514
4371813.2716847025
4061348.0786475437
4031732.922099514
4034811.8854163685
6820730.005932107
6625893.936316943
4034811.8854163685
4036153.843210103
6674939.847026483
6868381.035878334
10901467.131979186
4035875.0362771936
2492929.6855685744
2971876.2902807607
4035875.0362771936
4036011.7019597646
2136766.8845640733
1395963.5761158848
4036011.7019597646
4036160.3014120017
4378821.415196977
4068911.3502778756
4036160.3014120017
4034875.8136070427
6826490.735859931
6631830.06610213
4034875.8136070427
4031820.4730068394
6669158.823451177
6862768.222152938
4031820.4730068394
4028690.3427087814
4145379.2998467167
4449987.442271101
4028690.3427087814
4027853.6373764523
1391520.6796849424
2133919.956488923
4027853.6373764523
4030019.9358602646
2897242.3641958013
2403434.551755291
4030019.9358602646
4033430.9399964977
5772555.961429701
5541058.761197834
4033430.9399964977
4035742.3980350797
7221121.879588494
7204100.484800605
4035742.3980350797
4036167.0433083577
5616265.030171637
5844775.834542056
10563577.680448566
4036019.891216868
4153001.87331666
4457068.822599283
4036019.891216868
4035859.4035850344
1395963.5761158848
2136767.324130682
4035859.4035850344
4036173.639244097
2901901.555141834
2409091.8227253286
4036173.639244097
4035773.66887338
5780072.6566313105
5548900.631236354
4035773.66887338
4033512.076016507
7219062.502453202
7206380.990255211
4033512.076016507
4030090.7077547857
5608472.040539424
5837299.492386406
4030090.7077547857
4027887.374530599
2487165.254314971
2967078.52924105
4027887.374530599
4028632.8887270144
2133919.956488923
1391520.4225153776
4028632.8887270144
4031732.3131989664
4371813.813833056
4061348.880112862
4031732.3131989664
4034811.9722656454
6820729.611917335
6625892.244948013
4034811.9722656454
4036153.5631757085
6674939.145919548
6868380.309070168
7263648.8354511475
4035874.961385387
2492929.2660298184
2971876.261988875
4035874.961385387
4036010.73919754
2136767.324130682
1395962.8597566516
4036010.73919754
4036162.2285555685
4378819.024690132
4068911.135046399
4036162.2285555685
4034873.852475687
6826489.175758678
6631830.979349221
4034873.852475687
4031822.345326384
6669158.21836912
6862769.6942856675
4031822.345326384
4028689.870752946
4145378.121172377
4449988.1699719755
4028689.870752946
4027853.8297963
1391520.4225153776
2133920.4439053163
4027853.8297963
4030020.438449568
2897243.27900765
2403434.283988617
4030020.438449568
4033429.961949112
5772555.269113857
5541059.992550134
4033429.961949112
4035742.846647659
7221120.313484017
7204100.972095631
4035742.846647659
4036167.443677042
5616264.63765444
5844775.8619770445
