4036198.8161214646
4035957.2030720143
3552824.112390047
3903883.959975141
4035957.2030720143
4035895.695032493
1556819.35638
1936041.2371748197
4035895.695032493
4036201.89858295
3418607.2171397363
3011537.5053812163
4036201.89858295
4035509.7550167455
6211873.044041527
5997341.282482607
4035509.7550167455
4032920.712960351
7081994.295107899
7264632.079650595
4032920.712960351
4029521.4790012366
5113404.9629633725
5363365.126385352
4029521.4790012366
4027784.619525094
1931009.0373928375
2519167.6704688035
4027784.619525094
4029080.3761288305
2242034.472368093
1552225.6759467195
4029080.3761288305
4032371.917053322
4911262.849658127
4637023.646436672
4032371.917053322
4035205.2861612453
7086939.469603033
6899609.097147253
4035205.2861612453
4036198.8161214646
6343660.757654751
6546874.6405281
7380461.753442249
4035855.8157610022
1936041.2371748197
2522984.0353599275
4035855.8157610022
4036076.623551546
2245167.277928209
1556820.0943143286
4036076.623551546
4036072.9153001984
4918713.403107793
4644931.882396164
4036072.9153001984
4034422.902282819
7091567.995628448
6904367.721622684
4034422.902282819
4031180.5480354247
6336905.396670649
6540338.864025075
4031180.5480354247
4028313.828200338
3545751.8691721745
3897474.219625637
4028313.828200338
4028047.331975398
1552225.6759467195
1931008.565276325
4028047.331975398
4030624.3979517287
3412959.505136021
3005091.3511474496
4030624.3979517287
4033989.178153973
6204742.838143854
5989945.502507845
4033989.178153973
4035945.6999513865
7085547.940541414
7268094.323100091
4035945.6999513865
4036118.9977415903
5121388.355474515
5370963.711457401
10077952.686820539
4035957.026097421
3552826.883319482
3903885.5289348345
4035957.026097421
4035896.2490699636
1556820.0943143286
1936040.5930904122
4035896.2490699636
4036202.371844518
3418606.3326031705
3011537.2168488656
4036202.371844518
4035510.1048310716
6211872.972788169
5997341.889468891
4035510.1048310716
4032919.4333636505
7081993.532660102
7264632.084924866
4032919.4333636505
4029522.9135472146
5113405.968777443
5363366.3459266685
4029522.9135472146
4027784.1811815593
1931008.565276325
2519167.3147168467
4027784.1811815593
4029079.88921466
2242034.567252421
1552225.368500244
4029079.88921466
4032372.174338062
4911261.902905789
4637023.044849465
4032372.174338062
4035206.0877632904
7086938.887864107
6899608.500808997
4035206.0877632904
4036198.430075164
6343660.216197889
6546875.287217863
9878795.287516154
4035853.377349087
1936040.5930904122
2522982.9555127546
4035853.377349087
4036078.013693685
2245166.3500311063
1556818.676376985
4036078.013693685
4036072.9943418275
4918714.378647369
4644932.133948794
4036072.9943418275
4034421.864939987
7091568.780743898
6904368.266887207
4034421.864939987
4031181.4670858243
6336905.717960721
6540339.115919389
4031181.4670858243
4028314.058721511
3545751.8034254033
3897474.1691448665
4028314.058721511
4028046.846799773
1552225.368500244
1931008.1446203738
4028046.846799773
4030625.6778229503
3412959.1044989945
3005091.3408051445
4030625.6778229503
4033986.739579799
6204743.494073033
5989946.2420024425
4033986.739579799
4035948.2162600085
7085549.057940158
7268094.406848607
4035948.2162600085
4036118.9742977605
5121387.995749515
5370962.924965873
9825456.195780532
4035956.3711455795
3552825.5325680003
3903885.815122923
4035956.3711455795
4035897.3551777876
1556818.676376985
1936040.8098746508
4035897.3551777876
4036201.011315986
3418607.692889232
3011537.48344491
4036201.011315986
4035509.741612334
6211872.75289838
5997339.644066461
4035509.741612334
4032920.3800831283
7081993.432198026
7264630.665310614
4032920.3800831283
4029522.860194692
5113405.308274182
5363365.168105592
4029522.860194692
4027783.1933144764
1931008.1446203738
2519166.5467306282
4027783.1933144764
4029080.329767952
2242033.8232223927
1552225.1988572727
4029080.329767952
4032372.5039309366
4911262.067356841
4637022.224047225
4032372.5039309366
4035205.642221611
7086939.624168445
6899607.362443079
4035205.642221611
4036198.875726242
6343659.765303932
6546873.883548082
6888283.175142934
4035854.766544652
1936040.8098746508
2522983.454445996
4035854.766544652
4036076.665477112
2245167.9587169113
1556819.35638
4036076.665477112
4036072.983031227
4918713.157556943
4644932.88805066
4036072.983031227
4034423.510863597
7091566.565084074
6904368.027254215
4034423.510863597
4031180.209730845
6336903.212333491
6540338.777997564
4031180.209730845
4028314.0276502403
3545751.2183737727
3897473.347666551
4028314.0276502403
4028047.222577628
1552225.1988572727
1931009.0373928375
4028047.222577628
4030625.3460154915
3412959.2448286037
3005091.4597132844
4030625.3460154915
4033986.303948188
6204742.285372485
5989946.723873776
4033986.303948188
4035948.3898650995
7085547.374078996
7268094.807210445
4035948.3898650995
4036118.3884776556
5121386.454477674
5370963.368172406
