4036095.7382807187
4035850.84590724
1656720.2348669758
2315562.220911965
4035850.84590724
4036102.465732409
2422146.0237584123
1802674.7718249643
4036102.465732409
4035991.077765664
5233951.500616792
4977521.240381165
4035991.077765664
4034130.0762651768
7219341.520372929
7035533.381746445
4034130.0762651768
4030794.1468636915
6102533.362153169
6313507.633771762
4030794.1468636915
4028119.120274219
3172685.4594500903
3561420.5664662146
4028119.120274219
4028228.0276301233
1797803.9940648773
1652023.62845553
4028228.0276301233
4031007.1552019767
3746173.9034688114
3378748.986382349
4031007.1552019767
4034302.7961672945
6441329.118249626
6234671.770140587
4034302.7961672945
4036026.6565273814
6966528.563070637
7152104.342812222
4036026.6565273814
4036095.7382807187
4796044.740891107
5061667.108333176
6192734.716468212
4035941.0729230447
1802674.7718249643
1656721.5834011422
4035941.0729230447
4036201.665311924
3752365.923283298
3385642.2765456694
4036201.665311924
4035315.2412406704
6448074.883333618
6241650.733068153
4035315.2412406704
4032530.4211561675
6962128.617246964
7147823.382993153
4032530.4211561675
4029214.181028875
4788090.895016359
5054147.182413981
4029214.181028875
4027774.844987847
1652023.62845553
2312254.109222677
4027774.844987847
4029376.4657602827
2418568.500620699
1797802.4846625167
4029376.4657602827
4032754.0620115655
5226371.18267482
4969533.30104423
4032754.0620115655
4035425.1063488517
7215501.207978405
7031589.795642938
4035425.1063488517
4036205.6159117846
6109751.800424015
6320475.383696325
4036205.6159117846
4035910.0035660965
3179331.5598941743
3567314.547906058
7029209.971411092
4035852.606119558
1656721.5834011422
2315563.970242799
4035852.606119558
4036102.793815372
2422146.5587447686
1802674.701787588
4036102.793815372
4035990.6528665144
5233952.205070756
4977520.912030663
4035990.6528665144
4034130.1823863857
7219340.962814079
7035533.424513738
4034130.1823863857
4030793.848980023
6102532.591632326
6313507.134532025
4030793.848980023
4028119.539684189
3172684.7299724477
3561420.7517342097
4028119.539684189
4028226.8689631512
1797802.4846625167
1652023.283377424
4028226.8689631512
4031006.844664086
3746172.728198397
3378748.308016812
4031006.844664086
4034304.05605103
6441328.613375526
6234671.766766728
4034304.05605103
4036024.536537861
6966527.038253228
7152103.491805392
4036024.536537861
4036095.5129108555
4796044.552708058
5061667.976948469
5754499.478097275
4035942.5095683816
1802674.701787588
1656721.4390445498
4035942.5095683816
4036199.5334582385
3752367.541223324
3385644.1289467635
4036199.5334582385
4035316.3644233607
6448073.434197964
6241650.239888661
4035316.3644233607
4032529.394200765
6962128.332687439
7147823.096291176
4032529.394200765
4029214.6424221355
4788091.249436704
5054147.819543785
4029214.6424221355
4027775.349110315
1652023.283377424
2312253.3070806777
4027775.349110315
4029374.458461376
2418569.4719260638
1797804.2690835134
4029374.458461376
4032754.793765305
5226370.906587255
4969533.209404569
4032754.793765305
4035425.6311763446
7215501.079249495
7031589.644152334
4035425.6311763446
4036205.346777992
6109751.034678524
6320475.871407187
4036205.346777992
4035910.164996239
3179331.712361872
3567314.76848786
6662304.923229178
4035852.076091704
1656721.4390445498
2315563.8023525244
4035852.076091704
4036102.9452765547
2422146.163068483
1802674.2136584711
4036102.9452765547
4035990.41120367
5233951.550263317
4977519.922502268
4035990.41120367
4034131.3663155753
7219341.180557976
7035532.162984957
4034131.3663155753
4030793.323142521
6102532.627718589
6313506.384732453
4030793.323142521
4028119.9953991524
3172684.7162008327
3561419.7745437557
4028119.9953991524
4028227.1363267084
1797804.2690835134
1652023.433826048
4028227.1363267084
4031006.63877338
3746173.1563723176
3378747.359437393
4031006.63877338
4034304.5087577053
6441328.175417032
6234670.219449298
4034304.5087577053
4036024.4869045643
6966527.234832436
7152101.602126984
4036024.4869045643
4036095.464827695
4796044.48621979
5061665.608689251
5597285.089173822
4035940.515719073
1802674.2136584711
1656720.2348669758
4035940.515719073
4036201.682434132
3752364.3664071304
3385642.252009887
4036201.682434132
4035315.577280184
6448073.268246903
6241649.965444346
4035315.577280184
4032529.33390328
6962127.237253362
7147824.064308682
4032529.33390328
4029215.5686467197
4788090.614202808
5054147.98222098
4029215.5686467197
4027774.6990685035
1652023.433826048
2312252.4572096565
4027774.6990685035
4029375.692993631
2418568.7097188737
1797803.9940648773
4029375.692993631
4032753.6221856214
5226370.04671596
4969533.792272077
4032753.6221856214
4035426.1731983074
7215499.565934146
7031590.14279856
4035426.1731983074
4036205.495349298
6109749.408213813
6320475.902705122
4036205.495349298
4035909.749083865
3179329.9199066646
3567314.7423669216
