4035934.899834048
4035928.77166194
1695942.7266725246
1758848.4013495876
4035928.77166194
4036190.411462717
3619824.591031609
3238132.818544947
4036190.411462717
4035396.372428062
6357488.488285741
6148029.818059189
4035396.372428062
4032692.1848142743
7012648.722056448
7197044.095103455
4032692.1848142743
4029338.183308523
4918362.728333049
5177736.288807938
4029338.183308523
4027763.027315422
1754036.25382067
2386209.436961226
4027763.027315422
4029263.371135431
2340403.8566707014
1691198.16662459
4029263.371135431
4032600.4741865583
5103598.379262919
4840259.080766826
4032600.4741865583
4035351.840352578
7167911.648246458
6982747.460768653
4035351.840352578
4036188.393706644
6204800.262700517
6412406.813006149
4036188.393706644
4035934.899834048
3326941.8992274553
3699486.6089296686
5597641.612432828
4036100.576725956
2343788.2798727523
1695942.3335191116
4036100.576725956
4036024.843332476
5111140.781580281
4848226.117524252
4036024.843332476
4034254.296450879
7172070.880213554
6987022.620662263
4034254.296450879
4030932.6908386033
6197754.22825635
6405597.53858281
4030932.6908386033
4028200.081121914
3320117.954274573
3693379.067022471
4028200.081121914
4028155.829309735
1691198.16662459
1754036.5335398787
4028155.829309735
4030843.089185819
3613839.4823887707
3231410.139471321
4030843.089185819
4034181.7514852965
6350577.604109317
6140875.66020481
4034181.7514852965
4036002.638068861
7016721.621758633
7201009.3896200815
4036002.638068861
4036113.445134262
4926341.902277898
5185302.223581105
4036113.445134262
4035838.5537302336
1758848.4013495876
2389702.970832313
4448202.90992034
4035927.304050222
1695942.3335191116
1758849.8398503033
4035927.304050222
4036191.32888749
3619823.9185292735
3238133.647062615
4036191.32888749
4035395.6453915704
6357488.735767835
6148030.159918475
4035395.6453915704
4032691.798593845
7012648.32936743
7197043.467267601
4032691.798593845
4029337.7139552194
4918363.214727855
5177736.988739178
4029337.7139552194
4027764.074073298
1754036.5335398787
2386210.5902521405
4027764.074073298
4029262.243128625
2340404.5370871653
1691198.0811930064
4029262.243128625
4032602.7546268073
5103597.477261684
4840258.089505843
4032602.7546268073
4035350.3840940883
7167912.271674353
6982748.523328826
4035350.3840940883
4036188.7517710156
6204801.132927381
6412408.041772154
4036188.7517710156
4035935.8932740744
3326939.68329039
3699486.3176309145
2248295.1973691643
4036100.426857905
2343788.7368987165
1695944.707762802
4036100.426857905
4036023.560487263
5111142.811515209
4848228.650128906
4036023.560487263
4034253.9834361416
7172070.225051584
6987021.8967394205
4034253.9834361416
4030933.49819249
6197754.412983005
6405598.633251465
4030933.49819249
4028200.8654470905
3320118.4394709007
3693378.53884529
4028200.8654470905
4028155.10233092
1691198.0811930064
1754036.8381386157
4028155.10233092
4030843.092317517
3613838.6748986226
3231409.5308629107
4030843.092317517
4034182.4591586185
6350577.44846216
6140874.869782414
4034182.4591586185
4036003.5681628897
7016721.752067265
7201008.913007551
4036003.5681628897
4036111.8050688957
4926341.972406795
5185300.54969526
4036111.8050688957
4035840.848192674
1758849.8398503033
2389702.8773372774
3842418.679534318
4035927.6071398905
1695944.707762802
1758849.9263787314
4035927.6071398905
4036192.63289886
3619824.0944001297
3238131.50429126
4036192.63289886
4035394.151575379
6357488.90865658
6148030.03575457
4035394.151575379
4032692.499313885
7012648.319006921
7197042.723371572
4032692.499313885
4029337.7417434673
4918363.147175399
5177736.072072558
4029337.7417434673
4027764.257051357
1754036.8381386157
2386209.497539737
4027764.257051357
4029261.522386915
2340404.326257104
1691199.3013238786
4029261.522386915
4032603.262958313
5103597.468746776
4840256.694578986
4032603.262958313
4035350.144290866
7167911.439247896
6982747.539393161
4035350.144290866
4036188.437834849
6204800.004768655
6412407.063434477
4036188.437834849
4035935.19917718
3326939.7502498357
3699484.120746115
4930947.054226446
4036100.4822777426
2343787.3862010846
1695942.7266725246
4036100.4822777426
4036025.214211258
5111139.501210446
4848227.243483547
4036025.214211258
4034253.874492362
7172069.848498216
6987022.842094337
4034253.874492362
4030933.1094950223
6197752.628193528
6405598.000284344
4030933.1094950223
4028199.4733577194
3320117.8252818687
3693378.555082849
4028199.4733577194
4028156.1958636316
1691199.3013238786
1754036.25382067
4028156.1958636316
4030841.777636566
3613839.3832373675
3231410.0806182846
4030841.777636566
4034183.063836074
6350575.9559845235
6140875.031006412
4034183.063836074
4036003.455293096
7016720.387043869
7201010.037811115
4036003.455293096
4036112.3653588593
4926341.736286274
5185301.169561728
4036112.3653588593
4035839.4865670023
1758849.9263787314
2389703.2495077318
