4036129.8084251103
4036040.7358127553
4327969.99811469
4620548.028374386
4036040.7358127553
4035850.237829745
1422129.0788690518
2153952.693050761
4035850.237829745
4036161.302574673
2760299.0807441333
2236514.794797819
4036161.302574673
4035839.1113470886
5640708.660412675
5403588.578769885
4035839.1113470886
4033682.6215846636
7245531.303566845
7170361.500191977
4033682.6215846636
4030269.513181109
5746700.367548108
5970240.190436717
4030269.513181109
4027938.684999042
2666167.48275569
3118665.37497402
4027938.684999042
4028514.2295939038
2151060.900988379
1417663.4619556884
4028514.2295939038
4031541.442572509
4206410.454086952
3882753.7037381125
4031541.442572509
4034680.3964564335
6727939.859092745
6530341.001391647
4034680.3964564335
4036129.8084251103
6761080.761392402
6952131.513142055
7832893.019791624
4035886.9037603857
2672171.4277814985
3123766.081823927
4035886.9037603857
4035990.7426208444
2153952.693050761
1422129.035839817
4035990.7426208444
4036178.7123073903
4213229.971781904
3890165.5063076243
4036178.7123073903
4034996.1588148773
6733993.736677046
6536585.572606856
4034996.1588148773
4032014.524450584
6755640.70474551
6946845.717111534
4032014.524450584
4028820.045748918
4320226.928968149
4613316.144877792
4028820.045748918
4027815.5488204034
1417663.4619556884
2151059.5020810748
4027815.5488204034
4029847.6222535153
2755943.7196961963
2231088.815828531
4029847.6222535153
4033253.7800620836
5633136.3303382415
5395671.1870009815
4033253.7800620836
4035668.0072168503
7247121.729987882
7167623.260924773
4035668.0072168503
4036175.9106337065
5754377.180915702
5977619.190153095
10994544.505759016
4036040.376042906
4327971.659260611
4620549.144766203
4036040.376042906
4035851.0949911443
1422129.035839817
2153952.409580699
4035851.0949911443
4036161.2683718926
2760300.0625652494
2236514.6650721966
4036161.2683718926
4035838.719182126
5640708.525407915
5403588.701795707
4035838.719182126
4033683.5318468297
7245530.909190281
7170361.5403284235
4033683.5318468297
4030269.5471297572
5746699.697647185
5970239.770151512
4030269.5471297572
4027938.3853894244
2666167.6054839813
3118664.568754414
4027938.3853894244
4028514.718414371
2151059.5020810748
1417665.1443073242
4028514.718414371
4031540.0355420895
4206410.718421076
3882753.356619249
4031540.0355420895
4034680.542876547
6727938.957502718
6530340.107109975
4034680.542876547
4036130.486800359
6761081.234178017
6952132.265792253
11185812.073499015
4035884.432593524
2672170.5881170775
3123764.537116264
4035884.432593524
4035990.916412323
2153952.409580699
1422128.015321845
4035990.916412323
4036181.0943953143
4213227.956544083
3890163.9866694403
4036181.0943953143
4034993.5200545164
6733994.579905493
6536585.921566887
4034993.5200545164
4032016.4647790804
6755641.209740459
6946846.336528529
4032016.4647790804
4028818.155456778
4320226.021887585
4613315.460563818
4028818.155456778
4027816.47308624
1417665.1443073242
2151061.124000352
4027816.47308624
4029847.0654465696
2755942.641834641
2231087.6637596306
4029847.0654465696
4033254.3997276356
5633135.920429601
5395671.083734966
4033254.3997276356
4035667.729593419
7247120.978146919
7167622.9949101135
4035667.729593419
4036177.500989833
5754377.78082826
5977618.943556019
10763534.522055004
4036039.8068574443
4327970.293884436
4620549.008453088
4036039.8068574443
4035850.59944275
1422128.015321845
2153953.219938552
4035850.59944275
4036161.565492905
2760300.1086245133
2236514.8008711776
4036161.565492905
4035839.4802269125
5640708.39922134
5403587.438434877
4035839.4802269125
4033682.9479710027
7245530.001846757
7170360.286421599
4033682.9479710027
4030269.9203685806
5746700.33877679
5970238.492174904
4030269.9203685806
4027937.7374632475
2666167.2481420017
3118664.1851988863
4027937.7374632475
4028514.403985206
2151061.124000352
1417664.085209429
4028514.403985206
4031540.3180855354
4206411.2888146555
3882753.0541624473
4031540.3180855354
4034680.353049514
6727938.5147978645
6530338.865527278
4034680.353049514
4036130.5808868436
6761080.919124966
6952130.462059677
7370914.2263315255
4035886.339448022
2672171.072378957
3123764.721411019
4035886.339448022
4035991.0711572715
2153953.219938552
1422129.0788690518
4035991.0711572715
4036178.2836593073
4213229.076072647
3890164.8563136593
4036178.2836593073
4034996.059315853
6733992.259894252
6536585.714434892
4034996.059315853
4032014.964623626
6755639.327240795
6946845.991340806
4032014.964623626
4028818.880858293
4320225.560549812
4613315.51678081
4028818.880858293
4027816.344243227
1417664.085209429
2151060.900988379
4027816.344243227
4029846.510709027
2755943.7531004976
2231088.0268667894
4029846.510709027
4033254.5466234367
5633134.617390345
5395670.836807349
4033254.5466234367
4035667.792053217
7247119.766377334
7167623.291479182
4035667.792053217
4036176.491145131
5754376.003257866
5977619.101626944
