4034571.3284947905
4036105.17932008
6833010.068247773
7022108.189845904
4036105.17932008
4036046.6961849676
4482414.509664416
4765528.774513316
4036046.6961849676
4035859.13655349
1474276.992220975
2188740.4198525064
4035859.13655349
4036146.4626753107
2640986.00841382
2087483.6937435959
4036146.4626753107
4035893.4126276122
5512154.255507671
5269261.84834668
4035893.4126276122
4033820.20472678
7263470.783987738
7132303.843209566
4033820.20472678
4030443.7486231625
5866404.0535477055
6085555.5368214045
4030443.7486231625
4027994.3386906744
2829097.853959666
3259056.9866656307
4027994.3386906744
4028416.19372389
2082254.3440630187
1469767.1815827775
4028416.19372389
4031351.537617192
4057351.999171473
3720761.605146225
4031351.537617192
4034571.3284947905
6639783.124521522
6439486.761353739
9000056.439793643
4036196.445561001
5873954.083157546
6092824.227253979
4036196.445561001
4035896.1859116093
2835312.407831821
3264420.731889319
4035896.1859116093
4035974.0970108868
2087483.6937435959
1474278.3620375618
4035974.0970108868
4036177.564521238
4063983.6249584863
3728019.1048387378
4036177.564521238
4035113.1043242067
6646083.168134921
6445990.323439894
4035113.1043242067
4032184.9726687344
6827891.147637237
7017131.167167276
4032184.9726687344
4028930.0700314385
4474581.258288467
4758180.175430669
4028930.0700314385
4027805.4329125797
1469767.1815827775
2185756.049600615
4027805.4329125797
4029692.270020585
2636894.9758099546
2082254.6986982268
4029692.270020585
4033096.6509552547
5504555.490333491
5261298.611741583
4033096.6509552547
4035581.7724566157
7264635.580536892
7129165.416593832
12633946.60984992
4036104.3879648405
6833009.1535976
7022106.836895703
4036104.3879648405
4036045.566345543
4482411.844278637
4765527.492220786
4036045.566345543
4035859.6350533823
1474278.3620375618
2188741.0855681826
4035859.6350533823
4036145.94210457
2640985.411764163
2087483.5990714992
4036145.94210457
4035893.526229864
5512154.138514588
5269262.031719557
4035893.526229864
4033820.5136173093
7263470.219440929
7132303.707928184
4033820.5136173093
4030443.7734982735
5866402.912263898
6085555.921296316
4030443.7734982735
4027994.091235693
2829096.673428961
3259056.5303162555
4027994.091235693
4028416.3194102757
2082254.6986982268
1469767.7723174822
4028416.3194102757
4031350.9585790643
4057351.321653046
3720761.661440634
4031350.9585790643
4034573.3833572012
6639783.106713283
6439486.988695168
14274484.892846012
4036197.1940026204
5873954.467739654
6092825.582911547
4036197.1940026204
4035897.076374362
2835312.2063199836
3264421.6041186857
4035897.076374362
4035974.300046594
2087483.5990714992
1474278.8399310377
4035974.300046594
4036175.6804629276
4063983.4138204963
3728018.0185441994
4036175.6804629276
4035114.0122868973
6646082.824043616
6445989.926203574
4035114.0122868973
4032184.923914162
6827891.366782981
7017131.329129237
4032184.923914162
4028930.140496893
4474581.90378032
4758181.137727995
4028930.140496893
4027805.396812811
1469767.7723174822
2185756.169332695
4027805.396812811
4029692.1757699703
2636894.253895083
2082254.047387305
4029692.1757699703
4033096.730533513
5504556.175931586
5261298.3908480415
4033096.730533513
4035581.0942351017
7264635.943858505
7129164.847346703
12433358.493121684
4036104.7315647593
6833009.322132245
7022106.036897465
4036104.7315647593
4036045.76295045
4482412.847225769
4765526.103820372
4036045.76295045
4035860.21957205
1474278.8399310377
2188741.070416872
4035860.21957205
4036146.3405512697
2640985.2227106164
2087483.8130214103
4036146.3405512697
4035893.084067525
5512154.530147113
5269261.444316212
4035893.084067525
4033820.4212128534
7263470.258108413
7132302.466005847
4033820.4212128534
4030443.53933569
5866403.185427586
6085553.8004543595
4030443.53933569
4027993.4630384305
2829097.3740718276
3259055.073868896
4027993.4630384305
4028416.5813668417
2082254.047387305
1469767.1239176486
4028416.5813668417
4031350.8106909012
4057351.905921244
3720760.7099559964
4031350.8106909012
4034572.7885501785
6639782.282490377
6439485.7761459835
8600776.368893877
4036197.6893345346
5873953.770539793
6092825.5748249
4036197.6893345346
4035895.9209224884
2835311.289355462
3264421.7341724457
4035895.9209224884
4035974.5748707126
2087483.8130214103
1474276.992220975
4035974.5748707126
4036177.1677406086
4063983.996755612
3728018.6293131155
4036177.1677406086
4035113.402205974
6646082.200685352
6445990.191127209
4035113.402205974
4032184.8728794833
6827889.233655238
7017131.750976672
4032184.8728794833
4028929.7325959266
4474579.633345546
4758180.6461161375
4028929.7325959266
4027805.4691360896
1469767.1239176486
2185756.249769781
4027805.4691360896
4029691.602282557
2636895.140473777
2082254.3440630187
4029691.602282557
4033097.35484838
5504554.69907014
5261298.423724936
4033097.35484838
4035580.4187117945
7264634.086876292
7129166.09789784
