4035819.1043994753
4036164.8956430047
5453588.796948563
5688628.035512741
4036164.8956430047
4035853.533828439
2294604.5104466463
2807575.3875274435
4035853.533828439
4036034.295388397
2145503.6625910606
1409301.073678667
4036034.295388397
4036136.7953209854
4565098.269575993
4268724.246982424
4036136.7953209854
4034739.912568823
6924294.928027666
6732457.576727069
4034739.912568823
4031592.0907674534
6563548.3081512
6760176.711518885
4031592.0907674534
4028552.0471165217
3943809.1569994963
4262836.506182103
4028552.0471165217
4027920.822575681
1404846.0920875818
2142633.5974875786
4027920.822575681
4030222.35003653
3066411.4341927436
2604856.9307267745
4030222.35003653
4033612.395028536
5925500.893608779
5700207.739807056
4033612.395028536
4035819.1043994753
7183384.824786204
7237283.46075552
8449738.577069672
4035998.6022678493
3951270.5710932957
4269718.684880161
4035998.6022678493
4035881.005341627
1409301.073678667
2145504.8325185324
4035881.005341627
4036186.228289081
3071412.5976403146
2610782.680811033
4036186.228289081
4035679.3950302764
5932918.541627937
5707930.482099617
4035679.3950302764
4033315.718538726
7180802.911066866
7239036.664560866
4033315.718538726
4029901.464332898
5445697.662081052
5681075.252535931
4029901.464332898
4027828.4169985484
2289104.529071801
2803121.535869682
4027828.4169985484
4028777.224740973
2142633.5974875786
1404845.8171111585
4028777.224740973
4031948.3768220497
4557909.565529034
4261013.688808071
4031948.3768220497
4034969.5234046387
6918892.67320031
6726895.948192256
4034969.5234046387
4036161.937604404
6569687.997619449
6766131.784269335
12074595.520316118
4036165.281462599
5453589.7242097305
5688628.411742751
4036165.281462599
4035853.1876841886
2294602.059906361
2807574.4753662148
4035853.1876841886
4036034.26910754
2145504.8325185324
1409301.5328201149
4036034.26910754
4036137.3486493477
4565098.161869161
4268724.163497069
4036137.3486493477
4034739.605368914
6924295.286896327
6732457.646078575
4034739.605368914
4031592.145822936
6563548.105879079
6760176.6551739955
4031592.145822936
4028552.0477760406
3943809.8193382
4262836.7050826615
4028552.0477760406
4027920.913287074
1404845.8171111585
2142633.0509972856
4027920.913287074
4030222.6335281087
3066412.683716769
2604857.5732003474
4030222.6335281087
4033611.718459053
5925500.332033819
5700207.538742065
4033611.718459053
4035818.997275428
7183384.153759425
7237283.129830385
12857104.783036178
4035998.0063051786
3951270.606586562
4269718.462740067
4035998.0063051786
4035881.9002370164
1409301.5328201149
2145503.891453365
4035881.9002370164
4036185.7953959648
3071413.447400836
2610784.224240247
4036185.7953959648
4035679.086566438
5932918.147512263
5707929.557007192
4035679.086566438
4033314.762866375
7180803.530024856
7239036.634352816
4033314.762866375
4029903.3854024536
5445698.908030885
5681076.187600752
4029903.3854024536
4027827.68617129
2289104.1144255814
2803120.7406446794
4027827.68617129
4028778.831854895
2142633.0509972856
1404846.056109452
4028778.831854895
4031947.270826952
4557910.354269367
4261015.231517492
4031947.270826952
4034970.2967471476
6918892.654350789
6726895.87295616
4034970.2967471476
4036160.9708303413
6569687.584476547
6766130.719479302
11864588.587666448
4036165.329889765
5453589.172419361
5688628.192554093
4036165.329889765
4035852.72131059
2294602.7102314467
2807572.920074183
4035852.72131059
4036035.188333907
2145503.891453365
1409302.5504555658
4036035.188333907
4036135.858640137
4565098.126360876
4268724.586045052
4036135.858640137
4034741.6140201157
6924294.569397148
6732456.186168543
4034741.6140201157
4031590.7805811
6563547.822969147
6760173.985038769
4031590.7805811
4028552.202519995
3943810.1497980887
4262837.120650256
4028552.202519995
4027921.6813095124
1404846.056109452
2142632.6718324525
4027921.6813095124
4030221.6598963533
3066412.9004130024
2604858.568203692
4030221.6598963533
4033611.7865358507
5925500.337064139
5700206.247153176
4033611.7865358507
4035819.0850027814
7183384.272771278
7237281.788236106
8023250.993128444
4035998.90490789
3951270.8018270093
4269718.695287907
4035998.90490789
4035881.350083891
1409302.5504555658
2145503.6625910606
4035881.350083891
4036186.6374885845
3071411.8019465464
2610783.2847164106
4036186.6374885845
4035679.577429291
5932918.405722512
5707930.780548693
4035679.577429291
4033315.5097440705
7180801.299536894
7239036.708018878
4033315.5097440705
4029901.475150539
5445696.644020587
5681075.832020147
4029901.475150539
4027828.1188151394
2289105.2579738987
2803121.3136028326
4027828.1188151394
4028778.0030730315
2142632.6718324525
1404846.0920875818
4028778.0030730315
4031948.4743267586
4557908.929155911
4261015.12333052
4031948.4743267586
4034970.0055224467
6918891.748852052
6726896.329620441
4034970.0055224467
4036160.580360329
6569686.399199164
6766131.530169543
