4036198.5588635914
4035954.1910440074
3522314.14616585
3876136.0445453
4035954.1910440074
4035898.281888409
1573637.7601391266
1910824.7151219647
4035898.281888409
4036203.0371059193
3445646.2307399586
3042194.2914634617
4036203.0371059193
4035494.7172470125
6232051.305555059
6018237.1524954
4035494.7172470125
4032888.9358347096
7073187.141484851
7256046.51779163
4032888.9358347096
4029494.7120674914
5087352.806875492
5338532.242215923
4029494.7120674914
4027782.475324977
1905824.0420741562
2499912.966586768
4027782.475324977
4029103.938654052
2253699.5343438503
1569027.098862132
4029103.938654052
4032404.963876152
4937566.939452308
4664872.434945478
4032404.963876152
4035224.278004922
7098463.767449852
6911444.390094525
4035224.278004922
4036198.5588635914
6325361.732160465
6529145.886394077
7362409.804470905
4035855.2507341187
1910824.7151219647
2503684.6687620105
4035855.2507341187
4036079.687032118
2256862.3742071507
1573638.0447983723
4036079.687032118
4036066.7967957947
4945032.833364377
4672792.512170375
4036066.7967957947
4034399.19087374
7103029.359854247
6916138.306593732
4034399.19087374
4031148.537055739
6318566.121303596
6522570.017856362
4031148.537055739
4028297.2317686304
3515274.3925469476
3869766.025939702
4028297.2317686304
4028060.2575534224
1569027.098862132
1905824.1821504843
4028060.2575534224
4030655.6240843185
3439951.8253306844
3035709.8212811933
4030655.6240843185
4034014.775241036
6224947.955056256
6010872.09941395
4034014.775241036
4035955.1859553983
7076814.047322049
7259578.14418316
4035955.1859553983
4036115.5287634954
5095337.43011933
5346127.423654889
10039253.797671776
4035953.579150177
3522316.228938739
3876137.3288483545
4035953.579150177
4035898.662563592
1573638.0447983723
1910823.8207854796
4035898.662563592
4036202.8036673823
3445645.74029015
3042194.3998588985
4036202.8036673823
4035495.0461980887
6232050.683943882
6018237.754325383
4035495.0461980887
4032888.939083627
7073186.832660049
7256046.5477028275
4032888.939083627
4029495.3532104753
5087352.84202894
5338531.738375288
4029495.3532104753
4027781.5081634386
1905824.1821504843
2499913.443924359
4027781.5081634386
4029104.7764683934
2253698.8671519468
1569025.5834359925
4029104.7764683934
4032403.4513328914
4937567.704888781
4664873.3288254365
4032403.4513328914
4035223.9966529123
7098462.6137740705
6911443.604423941
4035223.9966529123
4036199.7651420715
6325362.645964614
6529146.500816839
9824771.814495219
4035854.702122208
1910823.8207854796
2503683.4692910775
4035854.702122208
4036079.0772690596
2256863.246893282
1573638.6564062582
4036079.0772690596
4036066.6877608504
4945032.883950144
4672792.187186352
4036066.6877608504
4034401.1574453493
7103029.944626591
6916138.895348126
4034401.1574453493
4031147.8295576065
6318564.911856706
6522569.234904199
4031147.8295576065
4028297.269763542
3515273.0952252974
3869764.218319836
4028297.269763542
4028059.4861333976
1569025.5834359925
1905824.1173215427
4028059.4861333976
4030656.0285250363
3439952.9351296634
3035710.9257126655
4030656.0285250363
4034013.21433766
6224948.26305836
6010872.462573489
4034013.21433766
4035956.6510374085
7076813.911180195
7259578.783257489
4035956.6510374085
4036116.209621548
5095337.281026562
5346127.134710001
9785760.219354767
4035953.7145011146
3522315.3564523924
3876137.7167192395
4035953.7145011146
4035899.5809307494
1573638.6564062582
1910824.146562338
4035899.5809307494
4036201.6765822917
3445645.9586700504
3042194.6158873453
4036201.6765822917
4035494.757063453
6232050.648700695
6018235.568449476
4035494.757063453
4032889.522493815
7073187.148458507
7256045.026988006
4032889.522493815
4029495.2329788255
5087353.0129877
5338531.420084659
4029495.2329788255
4027781.8398853466
1905824.1173215427
2499913.70942675
4027781.8398853466
4029105.709441046
2253698.2645183103
1569025.774815598
4029105.709441046
4032403.1206362965
4937567.519540205
4664873.215862065
4032403.1206362965
4035224.187954656
7098462.872401443
6911442.141853258
4035224.187954656
4036199.538692939
6325362.514551501
6529145.573339777
6868941.007833356
4035854.4599785767
1910824.146562338
2503684.0151492134
4035854.4599785767
4036079.7537443726
2256863.0527227456
1573637.7601391266
4036079.7537443726
4036066.814722938
4945032.959185485
4672793.458832352
4036066.814722938
4034399.42644146
7103028.163396464
6916138.973543429
4034399.42644146
4031148.4324062658
6318564.25522653
6522570.191800552
4031148.4324062658
4028297.158806463
3515274.0821379796
3869765.477909147
4028297.158806463
4028060.1071744976
1569025.774815598
1905824.0420741562
4028060.1071744976
4030656.3100742665
3439951.478258101
3035710.411854875
4030656.3100742665
4034013.402730919
6224947.6935590645
6010872.977419687
4034013.402730919
4035956.298689808
7076812.1946254475
7259578.907480126
4035956.298689808
4036116.0172803737
5095336.736658625
5346126.945332919
