4036202.232207617
4035904.5764113828
2970480.5173895843
3382494.1713427054
4035904.5764113828
4035948.402864534
1970356.0274016866
1535390.3864905885
4035948.402864534
4036197.036490627
3941089.488127
3593663.786314445
4036197.036490627
4035194.237995478
6570396.050036852
6367930.099666166
4035194.237995478
4032328.0350770424
6883463.957359465
7071219.834385381
4032328.0350770424
4029035.7688911282
4599540.221310297
4875884.061682924
4029035.7688911282
4027786.660950419
1530818.9443169993
2227268.598854709
4027786.660950419
4029571.2967656762
2545528.0233945446
1965277.1157986855
4029571.2967656762
4032964.5237674266
5396496.715596179
5148141.09674378
4032964.5237674266
4035515.1727484716
7274906.229429827
7093509.527574544
4035515.1727484716
4036202.232207617
5969099.347256866
6184610.316055152
7033584.355263438
4035854.9606739073
1535390.3864905885
2230364.0286044325
4035854.9606739073
4036134.8642187133
2549408.5519356616
1970355.4743038516
4036134.8642187133
4035933.452678497
5404099.127445408
5156125.533239139
4035933.452678497
4033940.0186446127
7274093.838504137
7096969.438604111
4033940.0186446127
4030580.7915494363
5961667.981057444
6177448.019806313
4030580.7915494363
4028042.6967398315
2964093.7902446203
3376916.599481355
4028042.6967398315
4028324.8252557265
1965277.1157986855
1530819.00127837
4028324.8252557265
4031224.7123315334
3934620.6465533585
3586541.489412781
4031224.7123315334
4034468.9316014103
6563909.308765862
6361229.157485457
4034468.9316014103
4036083.148811155
6888305.866169023
7075929.152842242
4036083.148811155
4036059.3807287044
4607430.100551735
4883309.243645826
9302564.849195795
4035906.0650891215
2970482.1324644843
3382494.8899164675
4035906.0650891215
4035948.0787456636
1970355.4743038516
1535390.6218988907
4035948.0787456636
4036196.2504234263
3941089.547045164
3593663.1939144633
4036196.2504234263
4035194.703973659
6570395.068884995
6367930.231626401
4035194.703973659
4032327.1790557792
6883463.37446
7071219.647118518
4032327.1790557792
4029036.035876894
4599541.454075242
4875884.2662691865
4029036.035876894
4027787.4539242387
1530819.00127837
2227269.438912877
4027787.4539242387
4029570.817045516
2545528.7965860353
1965276.812177096
4029570.817045516
4032963.04949494
5396496.384148679
5148140.953522015
4032963.04949494
4035516.342404919
7274906.629029503
7093508.958620708
4035516.342404919
4036201.3827879685
5969098.622211373
6184610.115580223
8808665.747251596
4035855.248790897
1535390.6218988907
2230363.1936627286
4035855.248790897
4036134.652865985
2549408.6436187327
1970356.3226750384
4036134.652865985
4035934.582009793
5404098.319765906
5156125.1566023845
4035934.582009793
4033938.016264965
7274093.334211299
7096969.902433503
4033938.016264965
4030582.0484697525
5961668.306273099
6177448.8135916665
4030582.0484697525
4028042.7077502273
2964093.5982230883
3376916.1857705414
4028042.7077502273
4028325.602681668
1965276.812177096
1530818.1591865856
4028325.602681668
4031224.9433962065
3934621.0441145073
3586541.9047011225
4031224.9433962065
4034466.634977746
6563909.28359079
6361230.288201922
4034466.634977746
4036083.331096683
6888306.3493882045
7075929.772609648
4036083.331096683
4036059.878011947
4607430.27703473
4883310.056912121
9028442.246575328
4035905.2842781637
2970482.6444955613
3382495.411222086
4035905.2842781637
4035947.579535768
1970356.3226750384
1535391.4042254828
4035947.579535768
4036198.1296822913
3941088.256930248
3593661.855421648
4036198.1296822913
4035193.9449648196
6570395.7509545395
6367929.160728087
4035193.9449648196
4032328.4922454846
6883463.478738565
7071218.8612999525
4032328.4922454846
4029035.631080332
4599540.808134651
4875883.845119818
4029035.631080332
4027786.8766180044
1530818.1591865856
2227268.718418684
4027786.8766180044
4029571.3517923537
2545529.083028811
1965277.1735942713
4029571.3517923537
4032962.735016242
5396496.855691692
5148139.832205849
4032962.735016242
4035516.5547769098
7274906.363953611
7093507.742865045
4035516.5547769098
4036201.29205549
5969099.338288975
6184609.193712344
6515311.077234261
4035855.840634212
1535391.4042254828
2230364.6526342533
4035855.840634212
4036134.7476018225
2549408.112422862
1970356.0274016866
4036134.7476018225
4035933.829402673
5404098.044009408
5156125.084114244
4035933.829402673
4033939.5286429054
7274092.581456304
7096970.397802908
4033939.5286429054
4030581.319578058
5961666.840525499
6177448.541317961
4030581.319578058
4028042.5629713163
2964093.8039686345
3376915.877377479
4028042.5629713163
4028325.1400771155
1965277.1735942713
1530818.9443169993
4028325.1400771155
4031225.6025781804
3934620.3555420614
3586541.970284212
4031225.6025781804
4034466.420972287
6563908.449553004
6361230.0505453935
4034466.420972287
4036083.309172272
6888305.317094969
7075929.756868157
4036083.309172272
4036059.618810449
4607429.770468577
4883310.262302887
