4035267.53523952
4036200.0299195834
6295434.97969184
6500151.967881727
4036200.0299195834
4035937.318808486
3472910.460147624
3831294.3357845834
4035937.318808486
4035916.7675560834
1602264.412911312
1870789.5361945364
4035916.7675560834
4036201.9508213587
3489530.2306292695
3091807.0155592514
4036201.9508213587
4035470.582582592
6264383.16658279
6051708.76098242
4035470.582582592
4032827.4417926413
7058556.4621397
7241783.698530119
4032827.4417926413
4029463.363876743
5044984.584621635
5298171.062204455
4029463.363876743
4027779.2503165673
1865839.236571651
2469562.3400066383
4027779.2503165673
4029146.9752683267
2273706.1092885267
1597621.9749543285
4029146.9752683267
4032436.541303188
4979944.783008319
4709702.462150422
4032436.541303188
4035267.53523952
7116724.411852392
6930198.1168372
8837858.842823887
4036124.2883828483
5052969.375385043
5305762.189348248
4036124.2883828483
4035854.2184258215
1870789.5361945364
2473260.2261108463
4035854.2184258215
4036085.060380356
2276920.9773413376
1602264.464000969
4036085.060380356
4036044.6585669736
4987431.490652942
4717637.082145173
4036044.6585669736
4034371.677931661
7121190.356042983
6934789.077638362
4034371.677931661
4031095.3061307394
6288570.544342271
6493514.787591196
4031095.3061307394
4028260.8111009854
3465924.4480549935
3824989.169898046
4028260.8111009854
4028094.351071965
1597621.9749543285
1865839.9903093495
4028094.351071965
4030703.2082867976
3483761.88515979
3085261.4985773894
4030703.2082867976
4034059.2119454336
6257325.134631901
6044393.56595114
4034059.2119454336
4035954.9111062363
7062296.13156423
7245427.171772794
12589291.499857968
4036200.330958307
6295433.96059644
6500152.865934322
4036200.330958307
4035936.9432126405
3472911.112131253
3831294.819646641
4035936.9432126405
4035916.905118894
1602264.464000969
1870789.432365051
4035916.905118894
4036201.2621641373
3489531.19320934
3091806.909443737
4036201.2621641373
4035470.4657774335
6264382.297171997
6051709.357307187
4035470.4657774335
4032828.3278682656
7058556.1819883445
7241784.131830004
4032828.3278682656
4029462.364830085
5044984.126178406
5298170.469087151
4029462.364830085
4027779.926959364
1865839.9903093495
2469562.5233342885
4027779.926959364
4029145.9375182996
2273705.72810804
1597622.536767681
4029145.9375182996
4032438.843278106
4979944.461858734
4709702.38533048
4032438.843278106
4035267.2438654276
7116724.527964837
6930198.29912788
13862248.065871023
4036124.3757749293
5052969.934497012
5305760.971103606
4036124.3757749293
4035853.2415327462
1870789.432365051
2473258.3723774315
4035853.2415327462
4036086.6003955957
2276920.3111655484
1602265.338884664
4036086.6003955957
4036044.2358390233
4987431.596646057
4717636.058112093
4036044.2358390233
4034371.302089843
7121191.159103123
6934789.656837307
4034371.302089843
4031095.6478559626
6288570.485768022
6493514.467859771
4031095.6478559626
4028260.102442865
3465924.397792772
3824989.0298563275
4028260.102442865
4028095.0810788264
1597622.536767681
1865840.0232789754
4028095.0810788264
4030703.3771128096
3483762.0883119684
3085261.495516167
4030703.3771128096
4034058.98645078
6257325.393248019
6044394.325072511
4034058.98645078
4035955.2497021267
7062296.538043819
7245426.980984948
12387988.468325004
4036200.242944892
6295433.270521994
6500150.954580576
4036200.242944892
4035935.9009969383
3472909.9092665343
3831295.057437926
4035935.9009969383
4035918.1798557607
1602265.338884664
1870790.4012004107
4035918.1798557607
4036201.034162781
3489530.3210240426
3091807.907365325
4036201.034162781
4035470.4068861003
6264382.5928709945
6051708.084524983
4035470.4068861003
4032827.5909853647
7058556.063976594
7241782.525822649
4032827.5909853647
4029462.552931699
5044983.497786328
5298169.44013574
4029462.552931699
4027780.3320592954
1865840.0232789754
2469562.6722131073
4027780.3320592954
4029145.5381629267
2273706.384775844
1597623.0063032412
4029145.5381629267
4032438.620276143
4979944.527793353
4709701.891400101
4032438.620276143
4035267.58228429
7116725.1299374
6930197.126262686
8430952.069918161
4036123.9323132667
5052968.503744229
5305762.154860011
4036123.9323132667
4035853.8152007484
1870790.4012004107
2473259.6891205516
4035853.8152007484
4036085.523204608
2276920.4508741833
1602264.412911312
4036085.523204608
4036044.753536551
4987431.922389176
4717636.25589251
4036044.753536551
4034372.301674668
7121189.6160143325
6934790.059169287
4034372.301674668
4031095.1699174065
6288569.321529132
6493514.261162757
4031095.1699174065
4028259.7356328373
3465922.8499125303
3824989.161470018
4028259.7356328373
4028095.4467693423
1597623.0063032412
1865839.236571651
4028095.4467693423
4030703.1077340976
3483762.0248276056
3085261.5459204284
4030703.1077340976
4034059.517104614
6257323.903431422
6044394.512662114
4034059.517104614
4035954.976815284
7062295.097785555
7245427.1414273
