4035004.2919161925
4036178.254315569
6540412.845192369
6737707.424249899
4036178.254315569
4035980.237094546
3897176.683225054
4219702.052031221
4035980.237094546
4035886.2794212215
1420469.8613002473
2152861.82558072
4035886.2794212215
4036188.523415605
3117728.5241569504
2665115.126854021
4036188.523415605
4035668.2981128125
5972528.279570013
5749089.093242949
4035668.2981128125
4033251.5425423933
7169174.33715234
7246237.571019443
4033251.5425423933
4029850.0873473296
5401434.945731997
5638659.095193954
4029850.0873473296
4027830.4044710947
2237705.646912808
2761304.388741782
4027830.4044710947
4028816.4924515206
2149972.2686703573
1416005.718012422
4028816.4924515206
4031994.4277796703
4606981.52798216
4313460.185130107
4031994.4277796703
4035004.2919161925
6943673.603769565
6752379.538132496
8925552.159300739
4036160.524278161
5409347.96755568
5646226.841178183
4036160.524278161
4035864.393136254
2243137.448247383
2765668.8447479657
4035864.393136254
4036039.3302742704
2152861.82558072
1420469.9740314274
4036039.3302742704
4036117.7718717176
4614212.1664402895
4321202.281193142
4036117.7718717176
4034699.8033074513
6948974.619624631
6757835.986864797
4034699.8033074513
4031543.4336458268
6534180.813591802
6731665.0593051575
4031543.4336458268
4028506.402735886
3889762.8501789756
4212881.27999447
4028506.402735886
4027939.293537368
1416005.718012422
2149970.9847460515
4027939.293537368
4030272.7821057905
3112636.853736585
2659118.6198836137
4030272.7821057905
4033679.373807055
5965140.539547739
5741402.28046043
4033679.373807055
4035824.7859541294
7171891.140900846
7244626.817491027
12653722.068762744
4036177.9338167976
6540411.427249824
6737706.656234842
4036177.9338167976
4035979.768486889
3897175.5008300943
4219702.249787315
4035979.768486889
4035885.69118014
1420469.9740314274
2152861.1120832465
4035885.69118014
4036188.6619874914
3117727.5187708284
2665115.318699344
4036188.6619874914
4035669.468011898
5972527.785626739
5749089.078839629
4035669.468011898
4033250.597176016
7169173.931131096
7246238.410454642
4033250.597176016
4029849.3245280897
5401435.55553865
5638659.753332269
4029849.3245280897
4027830.8460855824
2237707.427307704
2761305.2318693134
4027830.8460855824
4028817.7683669943
2149970.9847460515
1416005.1255462386
4028817.7683669943
4031993.0520447204
4606982.061942327
4313460.56891955
4031993.0520447204
4035005.363219284
6943673.1073782975
6752379.379567895
14085536.488824785
4036161.6591383694
5409347.491253005
5646227.528043058
4036161.6591383694
4035862.8162123174
2243136.7458663355
2765667.845826585
4035862.8162123174
4036038.5015737545
2152861.1120832465
1420469.2951966943
4036038.5015737545
4036118.46671704
4614212.087818207
4321202.86352291
4036118.46671704
4034700.869475158
6948975.315851632
6757836.538100582
4034700.869475158
4031544.092373196
6534180.531488412
6731664.918807518
4031544.092373196
4028505.568785131
3889761.7399335136
4212879.258472679
4028505.568785131
4027938.929243299
1416005.1255462386
2149970.31360367
4027938.929243299
4030273.570316734
3112636.9537922493
2659118.309992542
4030273.570316734
4033678.485083827
5965140.722033799
5741402.690609749
4033678.485083827
4035824.5501402365
7171891.041372988
7244626.995486746
12453455.257423483
4036178.1453603287
6540411.427660495
6737704.76677487
4036178.1453603287
4035979.845054838
3897175.028141374
4219700.397045569
4035979.845054838
4035885.864599412
1420469.2951966943
2152861.5558389737
4035885.864599412
4036187.739425772
3117728.236151881
2665114.501298247
4036187.739425772
4035669.45071245
5972528.238604796
5749086.793389325
4035669.45071245
4033250.2852553506
7169174.055199713
7246236.44697024
4033250.2852553506
4029850.022114529
5401435.312149453
5638659.774560195
4029850.022114529
4027830.167966743
2237707.1292082733
2761305.5998641495
4027830.167966743
4028817.9146104422
2149970.31360367
1416004.8122648078
4028817.9146104422
4031993.7124628825
4606981.5719647985
4313459.747056796
4031993.7124628825
4035004.730596003
6943673.630987
6752378.355119571
8522809.770399392
4036161.5827836934
5409345.709322827
5646227.644231086
4036161.5827836934
4035863.1846299465
2243135.8810726264
2765667.8199965497
4035863.1846299465
4036039.5498526907
2152861.5558389737
1420469.8613002473
4036039.5498526907
4036118.291919504
4614210.900826314
4321203.630108798
4036118.291919504
4034699.657381883
6948973.089667268
6757836.455052654
4034699.657381883
4031543.763847197
6534179.635478178
6731665.538990056
4031543.763847197
4028505.821940228
3889762.874321165
4212880.098978964
4028505.821940228
4027939.4599353117
1416004.8122648078
2149972.2686703573
4027939.4599353117
4030273.4343403657
3112636.5198751776
2659118.1557596014
4030273.4343403657
4033678.7749738996
5965139.169391608
5741402.1668222165
4033678.7749738996
4035825.3633030336
7171889.784065224
7244627.149333416
