4036174.214739637
4035998.1350981896
3945551.0543288304
4264425.141367727
4035998.1350981896
4035869.3064660416
1410336.8802164565
2146184.686003819
4035869.3064660416
4036187.3745547663
3076283.487056607
2616515.1906346194
4036187.3745547663
4035688.711557714
5937128.32039126
5712306.014843272
4035688.711557714
4033309.5636474444
7179600.054654156
7239828.174378745
4033309.5636474444
4029886.959796042
5441028.510884974
5676600.875708609
4029886.959796042
4027838.271802347
2283641.235186507
2798662.6084340154
4027838.271802347
4028780.266576233
2143312.1383986515
1405881.2572068232
4028780.266576233
4031959.252492325
4563115.13662803
4266581.824709949
4031959.252492325
4034956.427149454
6921547.302897644
6729625.071659502
4034956.427149454
4036174.214739637
6566617.4377182275
6763150.456312862
7611365.895825306
4035864.887347851
2289133.6074701864
2803108.205928655
4035864.887347851
4036033.532189033
2146184.686003819
1410336.3527839733
4036033.532189033
4036137.047933581
4570308.604868511
4274295.716181651
4036137.047933581
4034722.870920296
6926936.685704214
6735174.017835401
4034722.870920296
4031598.118931836
6560467.665177973
6757186.871107238
4031598.118931836
4028547.737483808
3938095.1777651217
4257547.959685132
4028547.737483808
4027909.496297979
1405881.2572068232
2143311.910880186
4027909.496297979
4030227.622289869
3071272.8545311377
2610581.0839425046
4030227.622289869
4033630.710101504
5929712.031423353
5704585.792757351
4033630.710101504
4035821.9838941703
7182194.78089947
7238089.437023339
4035821.9838941703
4036153.7097311085
5448922.070788164
5684154.265436143
10558312.053938868
4035997.476038376
3945549.551531086
4264423.353220203
4035997.476038376
4035870.083639985
1410336.3527839733
2146184.6225659894
4035870.083639985
4036187.3021219545
3076285.3203675034
2616515.1016102447
4036187.3021219545
4035688.6047657733
5937128.514885826
5712305.828667989
4035688.6047657733
4033309.1614166135
7179599.144941015
7239828.30709445
4033309.1614166135
4029886.515292087
5441028.278113801
5676600.185991435
4029886.515292087
4027838.702095428
2283642.0807305817
2798663.7645817413
4027838.702095428
4028780.147824792
2143311.910880186
1405880.7227755622
4028780.147824792
4031957.6286622602
4563115.019977937
4266581.381224269
4031957.6286622602
4034957.5130832233
6921546.08016479
6729624.126968029
4034957.5130832233
4036174.9585093944
6566618.082637055
6763150.920679455
10556358.280471226
4035865.2722216947
2289133.7686280413
2803108.912781719
4035865.2722216947
4036033.8792656725
2146184.6225659894
1410336.0028569654
4036033.8792656725
4036137.9393079006
4570307.621353543
4274295.09063945
4036137.9393079006
4034723.334413712
6926936.496902599
6735174.114576344
4034723.334413712
4031596.4091696474
6560467.386560179
6757186.3341600625
4031596.4091696474
4028548.676571975
3938095.370637146
4257548.629352177
4028548.676571975
4027909.469244786
1405880.7227755622
2143311.9633226884
4027909.469244786
4030227.7876765304
3071272.7943424317
2610580.8528176495
4030227.7876765304
4033631.0374921756
5929711.707347034
5704586.540288807
4033631.0374921756
4035822.1160994438
7182194.8764813095
7238089.41575336
4035822.1160994438
4036152.0182532496
5448921.672864046
5684153.380736583
10317558.282334734
4035996.9738533082
3945550.6321502873
4264422.99556419
4035996.9738533082
4035868.5014169505
1410336.0028569654
2146184.5417847633
4035868.5014169505
4036187.474697769
3076284.090927991
2616515.044475938
4036187.474697769
4035689.6773154745
5937127.640557069
5712304.378490514
4035689.6773154745
4033310.2390058124
7179599.565678835
7239826.931792666
4033310.2390058124
4029886.3091492034
5441028.112118959
5676598.709550883
4029886.3091492034
4027837.8817679477
2283641.261356582
2798662.9729151195
4027837.8817679477
4028780.0116395038
2143311.9633226884
1405880.4429022071
4028780.0116395038
4031958.1782209515
4563115.382400613
4266580.552355207
4031958.1782209515
4034957.216445369
6921546.444118871
6729622.818717986
4034957.216445369
4036174.9782409747
6566617.666908141
6763149.996392311
7135094.322149697
4035865.889311677
2289133.770781046
2803108.9985909453
4035865.889311677
4036033.525407452
2146184.5417847633
1410336.8802164565
4036033.525407452
4036137.0798322167
4570307.233670634
4274295.03316888
4036137.0798322167
4034723.5259752907
6926935.318332442
6735174.191903862
4034723.5259752907
4031596.838106947
6560466.129945272
6757186.430133207
4031596.838106947
4028548.4470111215
3938094.4412450274
4257548.794190335
4028548.4470111215
4027910.073672015
1405880.4429022071
2143312.1383986515
4027910.073672015
4030227.8965533
3071273.8613548195
2610581.6636608616
4030227.8965533
4033630.3042535624
5929710.791151807
5704586.497288689
4033630.3042535624
4035822.0743307522
7182193.519405283
7238090.177762504
4035822.0743307522
4036152.2474679938
5448920.946267722
5684153.5715948865
