4035862.6480340217
4036049.071025997
2169312.7675727312
1445283.034517288
4036049.071025997
4036104.6150482693
4694121.13198627
4406423.221054465
4036104.6150482693
4034633.554204226
6988146.08694528
6798105.974222261
4034633.554204226
4031449.479690094
6484979.234255673
6683914.226402167
4031449.479690094
4028463.975078393
3800988.4823718346
4131049.69494353
4028463.975078393
4027955.081010773
1440797.2936848954
2155007.7616581004
4027955.081010773
4030363.248347016
3189229.515242029
2748372.286152927
4030363.248347016
4033757.23598486
6029055.900558289
5807775.3961781515
4033757.23598486
4035872.432740271
7151782.638348374
7255295.241276989
4035872.432740271
4036137.3444410004
5336083.648844563
5576070.031447322
4036137.3444410004
4035862.6480340217
2160329.567661046
2698941.839260163
5507137.176791708
4036193.0949548665
3194465.748847308
2754485.3963007317
4036193.0949548665
4035629.1081839553
6036384.552343198
5815395.305817401
4035629.1081839553
4033173.866027598
7148842.660197996
7256673.350046263
4033173.866027598
4029756.008247727
5328144.41735483
5568486.579727301
4029756.008247727
4027814.277456792
2155007.7616581004
2694721.6465262696
4027814.277456792
4028881.390661803
2166376.2772739874
1440797.237269006
4028881.390661803
4032088.394845613
4686822.594811339
4398628.408107633
4032088.394845613
4035066.423482611
6983011.307416788
6792822.901026992
4035066.423482611
4036183.1682703146
6491353.515934272
6690092.760950558
4036183.1682703146
4035984.4899433497
3808318.8628100166
4137772.3961544777
4035984.4899433497
4035877.39655776
1445283.034517288
2160329.11389942
2864903.62860194
4036048.6764133014
2169311.7019330766
1445283.9930690958
4036048.6764133014
4036104.6320013884
4694120.986739084
4406423.026821638
4036104.6320013884
4034633.611451897
6988145.809005815
6798105.891324562
4034633.611451897
4031449.757710765
6484978.715528482
6683914.895871463
4031449.757710765
4028462.4853937877
3800986.7556653917
4131049.0033720927
4028462.4853937877
4027955.3653420447
1440797.237269006
2155007.291383996
4027955.3653420447
4030362.8361054785
3189228.698812122
2748371.4656298226
4030362.8361054785
4033759.572192294
6029055.144788307
5807775.15118982
4033759.572192294
4035869.59269817
7151781.727906705
7255294.98230451
4035869.59269817
4036139.6360059385
5336082.925638495
5576070.111311039
4036139.6360059385
4035861.6635718998
2160329.11389942
2698940.0365152094
1017645.5837055023
4036193.4821030824
3194465.6084838547
2754485.349164403
4036193.4821030824
4035629.2594149737
6036384.618521923
5815394.8965607425
4035629.2594149737
4033173.197746216
7148842.738717013
7256673.409168033
4033173.197746216
4029756.5473535513
5328145.719434585
5568487.385875094
4029756.5473535513
4027816.136403987
2155007.291383996
2694721.8142995355
4027816.136403987
4028880.3517640587
2166378.7238895926
1440798.8130972476
4028880.3517640587
4032088.8469497343
4686822.662047235
4398628.112521939
4032088.8469497343
4035065.2692190376
6983011.535422595
6792822.943015907
4035065.2692190376
4036183.0664721173
6491353.228665466
6690092.8072489565
4036183.0664721173
4035984.754023406
3808319.349475127
4137772.995796369
4035984.754023406
4035877.6405401784
1445283.9930690958
2160329.283502908
1784875.253143961
4036048.5196030266
2169311.5026708576
1445283.6075460673
4036048.5196030266
4036103.891446259
4694120.846396146
4406422.4967950275
4036103.891446259
4034634.6636667536
6988145.214637816
6798104.675748764
4034634.6636667536
4031449.2704107934
6484978.476429519
6683913.007379967
4031449.2704107934
4028463.2096372875
3800988.0594470147
4131048.601504887
4028463.2096372875
4027954.9908402804
1440798.8130972476
2155007.5529346503
4027954.9908402804
4030363.289306743
3189227.990508077
2748370.811174157
4030363.289306743
4033759.082952758
6029054.618306516
5807774.372050353
4033759.082952758
4035869.7550068204
7151781.598490853
7255293.5446575405
4035869.7550068204
4036139.524181407
5336082.981794186
5576068.203726994
4036139.524181407
4035861.1506285435
2160329.283502908
2698940.618437208
4827975.154753493
4036193.1450814875
3194465.2362917806
2754485.708188642
4036193.1450814875
4035629.3723674132
6036383.873663605
5815395.534397288
4035629.3723674132
4033174.210215877
7148841.210096553
7256673.666258681
4033174.210215877
4029755.19986618
5328143.587485
5568487.094782488
4029755.19986618
4027815.0772867813
2155007.5529346503
2694721.9444478694
4027815.0772867813
4028880.9942212515
2166377.4874615646
1440797.2936848954
4028880.9942212515
4032089.5448976886
4686821.952619957
4398628.741564704
4032089.5448976886
4035064.6814493258
6983010.9602948455
6792824.0022375425
4035064.6814493258
4036183.265003275
6491351.334272017
6690093.259380097
4036183.265003275
4035984.0380523605
3808318.130543968
4137773.9642028087
4035984.0380523605
4035878.673038345
1445283.6075460673
2160329.567661046
