4034258.9929399597
4036026.7427336606
6985450.625255638
7170538.662848621
4036026.7427336606
4036086.05250686
4844180.10977116
5107301.9424997745
4036086.05250686
4035854.754923686
1692834.472707194
2341542.371215605
4035854.754923686
4036109.4653044012
2392170.313630223
1762200.590580585
4036109.4653044012
4036003.257142162
5189098.193940726
4930338.145891742
4036003.257142162
4034165.2640201673
7202460.526724136
7018210.245739456
4034165.2640201673
4030847.532334108
6137919.985205597
6347721.620884528
4030847.532334108
4028155.3190773125
3226847.647638002
3609757.342685343
4028155.3190773125
4028204.065099169
1757378.7603221114
1688094.5265075131
4028204.065099169
4030936.43273297
3697480.089645058
3324678.8976680846
4030936.43273297
4034258.9929399597
6408395.094139868
6200643.518938169
9015718.143292842
4036203.9416619036
6145077.394854374
6354634.3558960045
4036203.9416619036
4035927.343778462
3233558.8192887367
3615730.984292487
4035927.343778462
4035935.880150333
1762200.590580585
1692832.0576417479
4035935.880150333
4036190.6359103206
3703595.657725902
3331509.323215952
4036190.6359103206
4035345.27917619
6415203.711451936
6207689.475990222
4035345.27917619
4032595.934650765
6981169.901403171
7166372.546681785
4032595.934650765
4029246.039567782
4836216.926509067
5099765.768727858
4029246.039567782
4027777.393356163
1688094.5265075131
2338166.9399746275
4027777.393356163
4029340.931082036
2388668.8343035528
1757378.4540672454
4029340.931082036
4032699.503360225
5181528.85267086
4922355.940080774
4032699.503360225
4035384.8325654734
7198502.264393452
7014144.901110701
12550659.563019574
4036026.992583642
6985450.744449167
7170538.8931013355
4036026.992583642
4036087.5995023903
4844180.677615125
5107302.3888625465
4036087.5995023903
4035853.0375697063
1692832.0576417479
2341540.742302411
4035853.0375697063
4036109.822172614
2392171.154785798
1762200.5547755305
4036109.822172614
4036003.7172400034
5189098.334945783
4930338.493948254
4036003.7172400034
4034165.010076241
7202459.918626047
7018210.3516109325
4034165.010076241
4030847.8328757337
6137920.207497366
6347721.80375406
4030847.8328757337
4028155.5850054533
3226848.4010921265
3609757.9783432116
4028155.5850054533
4028203.727275954
1757378.4540672454
1688093.4260211096
4028203.727275954
4030936.4018224045
3697480.5901980787
3324679.699893047
4030936.4018224045
4034258.584165479
6408394.981420473
6200644.039437035
14314400.062691234
4036204.34219365
6145077.9745949
6354634.036386626
4036204.34219365
4035927.1487996606
3233559.128795269
3615730.956625005
4035927.1487996606
4035935.807794783
1762200.5547755305
1692831.9501371437
4035935.807794783
4036190.8400815357
3703596.484659211
3331509.0755614038
4036190.8400815357
4035344.03295629
6415203.885365772
6207689.7262051245
4035344.03295629
4032597.648210793
6981170.672980884
7166372.515074204
4032597.648210793
4029246.3103805236
4836216.2331737
5099765.684682162
4029246.3103805236
4027776.022455262
1688093.4260211096
2338165.8549593217
4027776.022455262
4029342.029392047
2388668.4957349016
1757378.3532560654
4029342.029392047
4032698.233408331
5181529.970891635
4922355.433320951
4032698.233408331
4035385.63328254
7198501.412225659
7014144.2764165485
12348719.470366402
4036027.149280194
6985450.818709124
7170538.004920996
4036027.149280194
4036087.645137019
4844180.405510462
5107302.084495807
4036087.645137019
4035854.1001105057
1692831.9501371437
2341540.276627865
4035854.1001105057
4036107.5114005497
2392172.2786675636
1762202.3461521363
4036107.5114005497
4036005.4472552533
5189098.026356441
4930336.501263171
4036005.4472552533
4034163.4366392237
7202459.981321346
7018209.45767397
4034163.4366392237
4030848.5235774075
6137920.700833408
6347721.191275249
4030848.5235774075
4028155.558786242
3226847.0856038164
3609757.419183113
4028155.558786242
4028203.4784660013
1757378.3532560654
1688094.7297897432
4028203.4784660013
4030936.013000842
3697480.095728686
3324679.161608173
4030936.013000842
4034258.602161299
6408394.037849671
6200642.293262013
8617151.508942604
4036204.1351560056
6145077.165740954
6354634.4837563215
4036204.1351560056
4035928.1891275025
3233559.4040239253
3615731.3143723775
4035928.1891275025
4035935.328445951
1762202.3461521363
1692834.472707194
4035935.328445951
4036190.447950183
3703596.3137609023
3331510.563841649
4036190.447950183
4035345.5077799954
6415201.849694873
6207689.287055026
4035345.5077799954
4032595.338680066
6981168.353741528
7166372.561742118
4032595.338680066
4029247.0400227774
4836216.48997928
5099766.145138731
4029247.0400227774
4027776.5379001563
1688094.7297897432
2338165.7756106067
4027776.5379001563
4029341.0210766476
2388667.8044030173
1757378.7603221114
4029341.0210766476
4032698.892463853
5181528.273238577
4922356.017477447
4032698.892463853
4035385.605218385
7198500.350692252
7014144.898260501
