4036186.1713161184
4035877.2196748317
2546589.759826794
3017029.1684931866
4035877.2196748317
4035991.9240498752
2139513.9941592896
1400160.461991645
4035991.9240498752
4036168.5836054306
4329016.002672933
4015271.308418255
4036168.5836054306
4034922.913262211
6799222.393393919
6603761.039501929
4034922.913262211
4031880.701200428
6695879.579373939
6888739.11328847
4031880.701200428
4028717.367013174
4198369.973865907
4499396.283131396
4028717.367013174
4027853.5322598545
1395711.9680440987
2136659.5799958254
4027853.5322598545
4029964.9322862253
2853806.553003681
2350893.2718471745
4029964.9322862253
4033380.583755285
5730980.770289974
5497734.703043009
4033380.583755285
4035704.702896079
7229675.398392573
7193819.932374752
4035704.702896079
4036186.1713161184
5658427.928133399
5885304.734604428
6777426.960037496
4035868.8533870988
1400160.461991645
2139514.8734951066
4035868.8533870988
4036169.546030153
2858371.9685782893
2356479.8532206756
4036169.546030153
4035794.336756876
5738517.228847043
5505603.540422175
4035794.336756876
4033552.2959948946
7227756.99296251
7196239.869832387
4033552.2959948946
4030155.871826753
5650664.135591608
5877853.712127159
4030155.871826753
4027901.472972748
2540753.622832702
3012141.6995376083
4027901.472972748
4028583.6048211744
2136659.5799958254
1395711.6378924544
4028583.6048211744
4031674.173294132
4322063.988351717
4007752.2529650154
4031674.173294132
4034786.0033095903
6793369.7302238755
6597728.42447986
4034786.0033095903
4036147.818484162
6701559.618152626
6894255.4418776585
4036147.818484162
4036014.1221210207
4206032.354573104
4506526.721723645
8680979.256114636
4035878.1844119555
2546589.6773844366
3017029.957124276
4035878.1844119555
4035992.2218303513
2139514.8734951066
1400160.6228718457
4035992.2218303513
4036168.6658114507
4329015.790226223
4015272.0389596894
4036168.6658114507
4034922.9673899445
6799222.441843794
6603760.994902048
4034922.9673899445
4031880.165195242
6695879.617662069
6888739.739791348
4031880.165195242
4028718.3382452843
4198370.502876812
4499396.879414524
4028718.3382452843
4027852.723821811
1395711.6378924544
2136658.8236083766
4027852.723821811
4029966.125474846
2853806.0894895312
2350893.804464767
4029966.125474846
4033381.017963215
5730981.299417601
5497735.363496453
4033381.017963215
4035704.7365747294
7229674.993710509
7193820.099538974
4035704.7365747294
4036183.4799753
5658426.41679843
5885303.896104481
7965123.410765596
4035869.5678457534
1400160.6228718457
2139515.346026218
4035869.5678457534
4036167.3154716385
2858372.656424795
2356480.1786876107
4036167.3154716385
4035796.9721164005
5738516.691539502
5505603.40126596
4035796.9721164005
4033552.1845703856
7227756.763407708
7196239.622773846
4033552.1845703856
4030154.155925374
5650663.767766624
5877853.073981045
4030154.155925374
4027901.7430321816
2540753.537480558
3012141.372715431
4027901.7430321816
4028583.8619290665
2136658.8236083766
1395712.5638306697
4028583.8619290665
4031673.932921421
4322063.849944712
4007752.697913157
4031673.932921421
4034786.125507793
6793369.527652733
6597727.922939893
4034786.125507793
4036148.599050713
6701559.877698215
6894255.253771727
4036148.599050713
4036013.147370593
4206031.417709744
4506526.211622772
8386590.637330622
4035878.641675514
2546589.711103214
3017028.6940805116
4035878.641675514
4035990.92731936
2139515.346026218
1400161.15083047
4035990.92731936
4036169.8993493714
4329014.934539328
4015269.8190079387
4036169.8993493714
4034922.6302124383
6799222.292331606
6603760.517220536
4034922.6302124383
4031879.7196267485
6695879.480714116
6888737.811036844
4031879.7196267485
4028717.715548762
4198370.27959208
4499396.022596592
4028717.715548762
4027852.9653210677
1395712.5638306697
2136659.1780577907
4027852.9653210677
4029966.6436882885
2853805.400078212
2350892.4965340956
4029966.6436882885
4033380.4923032615
5730981.088933263
5497734.927649289
4033380.4923032615
4035704.377991104
7229674.374584563
7193818.8298799265
4035704.377991104
4036183.723802802
5658426.307235733
5885302.647472163
6237952.271668574
4035868.1305402755
1400161.15083047
2139513.9941592896
4035868.1305402755
4036169.8833312285
2858371.247300197
2356479.5608820533
4036169.8833312285
4035794.1471017604
5738515.785580105
5505604.306806031
4035794.1471017604
4033552.40028445
7227755.266206588
7196239.8039929215
4033552.40028445
4030156.09728103
5650663.17272699
5877854.041734751
4030156.09728103
4027900.966372971
2540753.353603667
3012140.8449886604
4027900.966372971
4028583.666268945
2136659.1780577907
1395711.9680440987
4028583.666268945
4031674.8146002935
4322062.482271214
4007751.9055654895
4031674.8146002935
4034786.012755873
6793368.526734264
6597728.560544961
4034786.012755873
4036148.692928763
6701558.56859956
6894255.421221386
4036148.692928763
4036013.52873652
4206030.267073816
4506526.131029344
