4035763.880377322
4036175.657358894
5573664.316879126
5803849.362744425
4036175.657358894
4035861.030591025
2439629.6767618363
2927303.732476857
4035861.030591025
4036017.2248968063
2136153.9297243278
1395025.6399197471
4036017.2248968063
4036155.682630969
4428491.787228039
4122318.263889003
4036155.682630969
4034847.8026512717
6853216.465393953
6659336.495298521
4034847.8026512717
4031752.145782506
6641873.481640774
6836253.7670543175
4031752.145782506
4028653.754840951
4092147.100215714
4400440.82344145
4028653.754840951
4027879.0055487445
1390579.537891138
2133306.022540257
4027879.0055487445
4030072.9709800035
2941362.699062742
2456431.1129976823
4030072.9709800035
4033469.0638881074
5813744.30781938
5583952.214990264
4033469.0638881074
4035763.880377322
7211952.354521341
7213767.319211078
8510537.85225769
4036014.5164372106
4099729.6457479154
4407473.795715429
4036014.5164372106
4035874.3008080744
1395025.6399197471
2136153.4682781603
4035874.3008080744
4036177.357864791
2946110.465742406
2462158.6259757094
4036177.357864791
4035740.611062524
5821237.941555293
5591765.268292683
4035740.611062524
4033460.786134184
7209752.173462019
7215909.677120056
4033460.786134184
4030047.126506052
5565841.1281665405
5796350.098022359
4030047.126506052
4027861.8481504708
2433938.088475913
2922599.299048879
4027861.8481504708
4028671.277130359
2133306.022540257
1390580.842627686
4028671.277130359
4031788.958574554
4421434.527772294
4114713.5229669865
4031788.958574554
4034865.7232708316
6847547.539337123
6653496.5337902615
4034865.7232708316
4036145.7808709303
6647751.238937667
6841958.452565165
12167662.184366385
4036176.1590598184
5573664.870782004
5803849.844079427
4036176.1590598184
4035860.401611064
2439630.8186373618
2927304.5786425797
4035860.401611064
4036017.2305481504
2136153.4682781603
1395024.3577278052
4036017.2305481504
4036154.988837334
4428491.614901113
4122318.375276272
4036154.988837334
4034848.1084286417
6853215.655844812
6659336.701544041
4034848.1084286417
4031752.5789570874
6641873.467956702
6836253.369581669
4031752.5789570874
4028652.536866142
4092147.256462893
4400440.409904256
4028652.536866142
4027880.200016722
1390580.842627686
2133306.146636219
4027880.200016722
4030073.5239656745
2941362.3610115047
2456431.285210938
4030073.5239656745
4033469.1196738984
5813744.343429674
5583952.698706461
4033469.1196738984
4035762.9009744124
7211951.16155453
7213767.983111195
13016584.718086356
4036014.658802
4099729.4319229587
4407472.591291341
4036014.658802
4035873.3061403744
1395024.3577278052
2136152.320107661
4035873.3061403744
4036178.8594370885
2946110.253934006
2462159.1396634607
4036178.8594370885
4035737.714569017
5821239.203187821
5591765.402814571
4035737.714569017
4033463.364640593
7209752.457391149
7215910.256496719
4033463.364640593
4030046.0888992827
5565839.899288971
5796348.607141533
4030046.0888992827
4027860.775789504
2433937.8610472926
2922599.3100309484
4027860.775789504
4028671.841670438
2133306.146636219
1390579.74569177
4028671.841670438
4031788.589980793
4421434.176302664
4114713.6727685067
4031788.589980793
4034866.9872684753
6847547.6065073805
6653496.0332428245
4034866.9872684753
4036145.8429910582
6647751.23948894
6841958.065117904
11959285.629627269
4036176.1216667304
5573663.990363753
5803849.171560067
4036176.1216667304
4035859.327298153
2439629.241979455
2927304.6502388935
4035859.327298153
4036019.0461022803
2136152.320107661
1395023.984528156
4036019.0461022803
4036153.9495365866
4428491.891540604
4122318.526013071
4036153.9495365866
4034848.1066700234
6853215.563240644
6659334.6247390285
4034848.1066700234
4031753.086834304
6641873.231152799
6836252.747223522
4031753.086834304
4028652.711191999
4092146.3994257073
4400440.224510246
4028652.711191999
4027879.778505304
1390579.74569177
2133306.8974221027
4027879.778505304
4030073.5695298417
2941362.511205431
2456430.35633493
4030073.5695298417
4033469.266509632
5813744.725883294
5583951.4836583575
4033469.266509632
4035762.4923065114
7211950.8305181265
7213766.37180504
8087246.644711121
4036014.162580229
4099729.0423710016
4407472.79069387
4036014.162580229
4035873.799688669
1395023.984528156
2136153.9297243278
4035873.799688669
4036177.6641675145
2946109.879276134
2462158.462511679
4036177.6641675145
4035740.2625430413
5821237.687654978
5591765.707588372
4035740.2625430413
4033461.2425743584
7209751.036522329
7215910.089559795
4033461.2425743584
4030047.1990283765
5565840.153181942
5796349.954041446
4030047.1990283765
4027861.0936477114
2433937.02776679
2922599.069776116
4027861.0936477114
4028672.309651744
2133306.8974221027
1390579.537891138
4028672.309651744
4031787.5101214955
4421434.263696909
4114714.040000357
4031787.5101214955
4034866.8903055373
6847545.735104453
6653496.239742964
4034866.8903055373
4036146.0769362417
6647749.870214749
6841959.090659512
