4036008.46811967
4035876.5592118045
1399298.3174059954
2138947.010767177
4035876.5592118045
4036169.4077358157
3010092.026664239
2538361.9288057913
4036169.4077358157
4035722.682733232
5879126.203600734
5652002.014675572
4035722.682733232
4033385.031509202
7195434.160157075
7228408.36702425
4033385.031509202
4029973.810566911
5504395.100147346
5737367.9664664585
4029973.810566911
4027844.9871249935
2358903.6452092924
2860407.2985884426
4027844.9871249935
4028723.741389899
2136094.2146745455
1394853.6620909602
4028723.741389899
4031871.545761414
4491846.571616142
4190278.3867138084
4031871.545761414
4034921.07965777
6884802.158699917
6691826.395658327
4034921.07965777
4036150.5464517255
6608088.151753575
6803423.993171907
4036150.5464517255
4036008.46811967
4023498.1101344083
4336649.825450103
5816495.121185295
4036025.36766449
2138947.010767177
1399299.6873369147
4036025.36766449
4036146.743374459
4498973.743613426
4197939.308348673
4036146.743374459
4034793.0157776373
6890334.468332068
6697524.930814599
4034793.0157776373
4031668.802643101
6602072.889605274
6797589.476342306
4031668.802643101
4028601.286123285
4015974.544112888
4329691.662432482
4028601.286123285
4027899.46464136
1394853.6620909602
2136094.763905809
4027899.46464136
4030135.594769023
3005211.801346272
2532532.8169806576
4030135.594769023
4033557.953723813
5871668.012373544
5644232.018470439
4033557.953723813
4035791.6519406503
7197829.963379369
7226465.731830018
4035791.6519406503
4036172.8288057656
5512254.6152107585
5744897.355844203
4036172.8288057656
4035855.380606806
2364494.342194106
2864981.740481705
5629858.037847483
4035877.285457548
1399299.6873369147
2138946.6727354084
4035877.285457548
4036169.369414535
3010090.6639260678
2538361.397947312
4036169.369414535
4035723.388553617
5879125.604337036
5652002.020801954
4035723.388553617
4033384.9547564653
7195433.263094929
7228408.254292471
4033384.9547564653
4029973.868129986
5504394.271996738
5737367.985849013
4029973.868129986
4027844.4278279836
2358902.56767279
2860407.487210673
4027844.4278279836
4028723.1344138873
2136094.763905809
1394852.8080957145
4028723.1344138873
4031872.005102322
4491846.6355369715
4190278.3108800687
4031872.005102322
4034920.389412065
6884801.982412116
6691826.847564756
4034920.389412065
4036152.4558286374
6608087.14852295
6803424.413815369
4036152.4558286374
4036006.7755659414
4023495.789954771
4336648.844687908
3878738.496912104
4036025.7306284374
2138946.6727354084
1399298.371747103
4036025.7306284374
4036146.9434728953
4498971.748387566
4197939.0725390585
4036146.9434728953
4034793.8776475773
6890334.668176215
6697525.22414255
4034793.8776475773
4031668.134361767
6602072.881112688
6797589.033610752
4031668.134361767
4028602.5454612826
4015975.4446934536
4329692.116436146
4028602.5454612826
4027898.897432669
1394852.8080957145
2136095.1067109364
4027898.897432669
4030134.2011696454
3005211.8774020066
2532532.2951122276
4030134.2011696454
4033559.8151195045
5871667.20406108
5644231.214149126
4033559.8151195045
4035790.1794873243
7197829.992410148
7226465.793061787
4035790.1794873243
4036173.178647137
5512255.129499296
5744898.386783904
4036173.178647137
4035854.424920825
2364493.963867983
2864982.379376873
5164543.052214732
4035876.8698235983
1399298.371747103
2138948.5678420076
4035876.8698235983
4036169.6273984956
3010090.5864614043
2538359.215632361
4036169.6273984956
4035724.2699079877
5879126.493011575
5652000.079761464
4035724.2699079877
4033385.1182436007
7195433.161498426
7228407.195222404
4033385.1182436007
4029973.3804082805
5504393.550640574
5737366.278209983
4029973.3804082805
4027845.154754734
2358902.2006972665
2860406.4031303725
4027845.154754734
4028722.9478729595
2136095.1067109364
1394854.1568632387
4028722.9478729595
4031871.436650913
4491846.427537804
4190278.4559660046
4031871.436650913
4034920.4754903084
6884801.460595419
6691825.642737087
4034920.4754903084
4036152.9842880396
6608087.648700178
6803422.655865472
4036152.9842880396
4036006.395738014
4023496.5466893227
4336647.174404157
5178019.65411251
4036025.774135512
2138948.5678420076
1399298.3174059954
4036025.774135512
4036146.739904213
4498971.978342406
4197938.692159989
4036146.739904213
4034793.0392259127
6890332.805009358
6697525.589938603
4034793.0392259127
4031669.049005169
6602071.912075791
6797589.665949592
4031669.049005169
4028601.485398653
4015973.6017600037
4329691.974328516
4028601.485398653
4027899.125526009
1394854.1568632387
2136094.2146745455
4027899.125526009
4030135.011955175
3005211.779730403
2532532.3455592575
4030135.011955175
4033559.524291409
5871666.862883914
5644232.0416493
4033559.524291409
4035790.5591484103
7197828.57769974
7226466.269940236
4035790.5591484103
4036172.9016931914
5512253.203228068
5744899.002462124
4036172.9016931914
4035855.2879750053
2364493.074662589
2864982.0875252266
