4035703.9190590484
4036183.736131086
5690355.350720474
5916010.977386554
4036183.736131086
4035869.3413012875
2587850.6490336787
3051937.749675488
4035869.3413012875
4036001.316514671
2143024.1922830543
1405524.9702268944
4036001.316514671
4036170.3379034935
4290868.700627521
3974115.769304487
4036170.3379034935
4034951.603488603
6778014.439829963
6581925.3101567505
4034951.603488603
4031913.437945752
6715932.714727284
6908233.279085654
4031913.437945752
4028757.0890828106
4238733.421016405
4537086.0214853315
4028757.0890828106
4027847.046836293
1401072.9800984561
2140161.48543167
4027847.046836293
4029926.2005511187
2821072.868207795
2311046.868007819
4029926.2005511187
4033324.6163836727
5698928.445127643
5464316.345783352
4033324.6163836727
4035703.9190590484
7235801.859093208
7185538.704208368
8568256.57274366
4036030.145130589
4246424.106037744
4544251.87330306
4036030.145130589
4035867.0009095008
1405524.9702268944
2143025.342136227
4035867.0009095008
4036167.223242398
2825567.513891623
2316578.606360021
4036167.223242398
4035797.223009561
5706477.162838793
5472202.373946544
4035797.223009561
4033603.564830995
7233990.874942827
7188064.592812045
4033603.564830995
4030195.639189845
5682621.4868942285
5908582.540230361
4030195.639189845
4027902.033086762
2581958.2945012576
3046981.083250795
4027902.033086762
4028570.658878688
2140161.48543167
1401072.426126557
4028570.658878688
4031627.0377687137
4283959.257085474
3966632.5431982013
4031627.0377687137
4034758.2698533055
6772093.574037831
6575821.337464493
4034758.2698533055
4036129.600632001
6721534.041378446
6913673.488881987
12252877.321962252
4036185.200590365
5690356.047995853
5916011.055277946
4036185.200590365
4035868.18506237
2587848.8603670816
3051937.4519865145
4035868.18506237
4036001.0967057752
2143025.342136227
1405524.1256674167
4036001.0967057752
4036171.0092941117
4290868.407571927
3974115.4309673784
4036171.0092941117
4034952.0319761545
6778015.125135413
6581925.291355776
4034952.0319761545
4031912.947203714
6715931.881903406
6908233.387180021
4031912.947203714
4028757.7279369566
4238733.889130212
4537086.601431966
4028757.7279369566
4027846.0654681916
1401072.426126557
2140161.555416312
4027846.0654681916
4029927.7108523175
2821072.078981386
2311046.1231111097
4029927.7108523175
4033323.5015404224
5698929.531582307
5464317.294106516
4033323.5015404224
4035702.660691088
7235801.888139106
7185538.474914539
13167244.898826787
4036031.253703251
4246424.224728706
4544252.653652713
4036031.253703251
4035864.736930252
1405524.1256674167
2143025.0939429714
4035864.736930252
4036169.4653944666
2825565.890738874
2316577.0679871156
4036169.4653944666
4035796.1107544545
5706477.439117211
5472203.589917446
4035796.1107544545
4033603.0585392495
7233991.403767587
7188064.165865757
4033603.0585392495
4030196.6400646167
5682622.266288992
5908582.282675289
4030196.6400646167
4027901.6437262227
2581957.4096446065
3046979.956994492
4027901.6437262227
4028569.850432246
2140161.555416312
1401072.3818265623
4028569.850432246
4031627.454801341
4283958.477925631
3966631.1504021385
4031627.454801341
4034758.8398356675
6772092.69587948
6575820.902831479
4034758.8398356675
4036128.6656112936
6721534.057742862
6913673.209096978
12045971.064879555
4036185.2851889622
5690356.350392283
5916010.937832337
4036185.2851889622
4035868.356612192
2587848.2847597115
3051936.0672498685
4035868.356612192
4036000.3316052384
2143025.0939429714
1405524.514777068
4036000.3316052384
4036170.6956277033
4290868.015532684
3974113.9243447753
4036170.6956277033
4034953.4790748633
6778014.811958106
6581923.162474414
4034953.4790748633
4031911.9466009787
6715931.327828506
6908231.282426212
4031911.9466009787
4028758.448897926
4238733.300191003
4537086.0136109805
4028758.448897926
4027845.16872508
1401072.3818265623
2140160.970572541
4027845.16872508
4029928.171764425
2821071.5523859626
2311045.583352046
4029928.171764425
4033323.9240938653
5698928.801481163
5464316.110758329
4033323.9240938653
4035702.49584795
7235801.915186492
7185537.307297012
8147951.459126649
4036032.107671794
4246424.446435705
4544252.495478698
4036032.107671794
4035866.278028888
1405524.514777068
2143024.1922830543
4035866.278028888
4036166.954824239
2825567.5518620783
2316578.8018719344
4036166.954824239
4035797.0530220275
5706475.368960132
5472202.672638515
4035797.0530220275
4033604.478503922
7233989.423873543
7188064.031681891
4033604.478503922
4030195.1810723147
5682620.072861522
5908582.033656936
4030195.1810723147
4027901.584691797
2581957.5783050796
3046979.722542867
4027901.584691797
4028570.487021955
2140160.970572541
1401072.9800984561
4028570.487021955
4031626.8734543673
4283958.062610094
3966631.7518838677
4031626.8734543673
4034759.0774211506
6772091.8192261895
6575820.918646816
4034759.0774211506
4036128.0989747234
6721532.493863978
6913673.15569509
