4034753.3641020777
4036140.679773509
6724276.589319058
6916339.000793378
4036140.679773509
4036019.32128962
4251998.38632615
4549461.446937155
4036019.32128962
4035867.6288429447
1406428.8900161176
2143621.89831569
4035867.6288429447
4036165.937440667
2821050.4589459836
2311072.7679150435
4036165.937440667
4035811.468744024
5702019.866135283
5467555.208540825
4035811.468744024
4033598.5553911505
7234823.865915817
7186906.258251512
4033598.5553911505
4030200.847389084
5687026.7719511585
5912820.544424394
4030200.847389084
4027915.8471555114
2587681.8728870535
3051830.302315957
4027915.8471555114
4028566.7176403715
2140755.5272509004
1401975.9710950714
4028566.7176403715
4031608.4385243542
4278684.967579499
3960933.969847634
4031608.4385243542
4034753.3641020777
6769121.861808967
6572760.188639435
8977533.165793782
4036185.4615751347
5694758.377790727
5920246.03154567
4036185.4615751347
4035881.326967814
2593578.5587006817
3056798.216790134
4035881.326967814
4035999.2198300976
2143621.89831569
1406427.555868225
4035999.2198300976
4036159.937198061
4285587.556445083
3968411.4635294126
4036159.937198061
4034955.7680017385
6775051.976735273
6578874.10584646
4034955.7680017385
4031929.7712055948
6718684.346000179
6910909.1157992855
4031929.7712055948
4028749.620121185
4244305.388095618
4542290.939771648
4028749.620121185
4027846.9744125125
1401975.9710950714
2140756.9602800473
4027846.9744125125
4029918.073291786
2816566.113407512
2305547.8618095308
4029918.073291786
4033335.0038821734
5694468.160975702
5459666.789132193
4033335.0038821734
4035687.085989469
7236618.206583838
7184366.766482919
12657651.383208591
4036140.2700099116
6724275.16718983
6916338.805748409
4036140.2700099116
4036019.102769861
4251999.130190332
4549461.147046718
4036019.102769861
4035867.2789566633
1406427.555868225
2143621.985422643
4035867.2789566633
4036166.0149860196
2821051.4746778538
2311073.11772279
4036166.0149860196
4035811.32243
5702019.119189475
5467556.238610023
4035811.32243
4033598.2377571394
7234823.116129071
7186906.181412073
4033598.2377571394
4030201.2721959525
5687026.238351159
5912820.289620896
4030201.2721959525
4027916.159580127
2587681.1537143816
3051830.6270434842
4027916.159580127
4028566.9356155107
2140756.9602800473
1401975.3483932947
4028566.9356155107
4031607.6726526297
4278686.382682854
3960934.589538394
4031607.6726526297
4034753.9025566704
6769121.115701978
6572760.524389966
14217393.584269876
4036185.723650107
5694757.885164327
5920246.46367339
4036185.723650107
4035881.305662223
2593578.1368291723
3056797.9104790105
4035881.305662223
4035999.841565505
2143621.985422643
1406427.882460862
4035999.841565505
4036158.33130448
4285589.925035135
3968413.3975365395
4036158.33130448
4034957.273087051
6775052.661082129
6578874.610708241
4034957.273087051
4031927.2787799323
6718683.086202621
6910908.258535734
4031927.2787799323
4028751.6337144533
4244306.54798913
4542292.135224164
4028751.6337144533
4027845.9258777164
1401975.3483932947
2140757.2085673404
4027845.9258777164
4029919.7775180787
2816566.1221286594
2305546.8830992207
4029919.7775180787
4033333.651239571
5694468.377584051
5459666.460308682
4033333.651239571
4035687.164229797
7236618.63909599
7184366.796651145
12457445.518948315
4036140.0342382123
6724274.938995756
6916337.055363271
4036140.0342382123
4036019.329781531
4251999.327238867
4549461.47464713
4036019.329781531
4035866.939498664
1406427.882460862
2143621.503467606
4035866.939498664
4036165.587611099
2821051.03637139
2311073.1904346747
4036165.587611099
4035813.018440564
5702019.25660193
5467553.4986091135
4035813.018440564
4033597.651994296
7234822.868672737
7186905.612307835
4033597.651994296
4030201.1057180003
5687026.682697093
5912819.215076393
4030201.1057180003
4027916.6747632646
2587680.734267838
3051829.7952015554
4027916.6747632646
4028566.619422305
2140757.2085673404
1401975.9942205457
4028566.619422305
4031607.838818187
4278685.789435897
3960934.9694699924
4031607.838818187
4034753.4066346763
6769121.40747477
6572759.266100803
8577215.860439038
4036185.531208574
5694756.586386358
5920246.955387358
4036185.531208574
4035881.736044662
2593578.558415434
3056797.8178235083
4035881.736044662
4035998.741114028
2143621.503467606
1406428.8900161176
4035998.741114028
4036159.5280297385
4285587.159770445
3968413.1082914774
4036159.5280297385
4034956.0768457404
6775050.17839618
6578874.607333704
4034956.0768457404
4031929.2277446464
6718682.675742199
6910909.255765676
4031929.2277446464
4028750.954422331
4244305.1950471895
4542292.208273138
4028750.954422331
4027846.0257043405
1401975.9942205457
2140755.5272509004
4027846.0257043405
4029918.629690873
2816566.315539122
2305547.7419634066
4029918.629690873
4033334.1656093365
5694467.307732867
5459666.8736209795
4033334.1656093365
4035687.485612899
7236616.916559085
7184366.999111881
