4036029.346629792
4035868.308182469
1403065.2299279647
2141414.436536318
4035868.308182469
4036155.9180005146
2839145.1020449083
2333117.73331065
4036155.9180005146
4035803.983529312
5719806.715538338
5486100.9373082565
4035803.983529312
4033586.6255160323
7231446.629622655
7191502.271916598
4033586.6255160323
4030180.3571553836
5669378.866226573
5895846.806082098
4030180.3571553836
4027897.6830511023
2564817.4065393647
3032468.0581541685
4027897.6830511023
4028578.490382161
2138554.3230495397
1398616.6153539114
4028578.490382161
4031646.048684442
4299794.878200078
3983728.287843429
4031646.048684442
4034773.9086696436
6780970.694826493
6584960.148589914
4034773.9086696436
4036127.603597046
6713275.981445974
6905644.633772748
4036127.603597046
4036029.346629792
4229666.707100964
4528597.346819432
5903344.314028035
4036002.282600708
2141414.436536318
1403064.9901399123
4036002.282600708
4036169.302953165
4306722.553755658
3991228.3465533713
4036169.302953165
4034940.1325243353
6786862.557408096
6591035.193754494
4034940.1325243353
4031893.665590711
6707641.918786654
6900173.6946322275
4031893.665590711
4028746.7716715694
4221987.915044834
4521445.290513964
4028746.7716715694
4027847.987462268
1398616.6153539114
2138553.600138143
4027847.987462268
4029929.813613781
2834618.0151442476
2327563.0820749453
4029929.813613781
4033355.545366347
5712261.530642911
5478221.441719617
4033355.545366347
4035709.5462698387
7233302.637197809
7189021.0739930095
4035709.5462698387
4036186.0627362393
5677125.577928825
5903284.393313194
4036186.0627362393
4035866.4481375893
2570685.2206201754
3037397.054497452
5995531.0352374
4035867.809483664
1403064.9901399123
2141412.9622987173
4035867.809483664
4036155.455176672
2839144.742367805
2333118.1615258274
4036155.455176672
4035803.953143049
5719806.483350699
5486100.791554072
4035803.953143049
4033586.9546861914
7231446.299641798
7191502.841421601
4033586.9546861914
4030180.138302556
5669379.012445995
5895846.739345509
4030180.138302556
4027897.7619625055
2564819.081318639
3032468.6597340233
4027897.7619625055
4028578.635500117
2138553.600138143
1398616.0878185532
4028578.635500117
4031647.350534758
4299794.541784658
3983728.287391926
4031647.350534758
4034771.602881785
6780970.597723108
6584960.11483462
4034771.602881785
4036129.139365016
6713275.630441869
6905644.548481817
4036129.139365016
4036029.460184148
4229666.54996437
4528596.5360506615
4372087.5592351975
4036001.4841187107
2141412.9622987173
1403064.5727437695
4036001.4841187107
4036170.3982769283
4306721.139474412
3991226.2733347025
4036170.3982769283
4034939.7340948177
6786862.898390185
6591035.21569124
4034939.7340948177
4031893.7618370787
6707642.169486148
6900173.53727802
4031893.7618370787
4028747.39151667
4221987.536972361
4521445.093940245
4028747.39151667
4027848.3119315314
1398616.0878185532
2138554.7061298783
4027848.3119315314
4029928.395651662
2834618.562732372
2327562.8281744886
4029928.395651662
4033357.4571488225
5712261.615723469
5478221.810037479
4033357.4571488225
4035707.5497107594
7233301.769319172
7189020.918564924
4035707.5497107594
4036186.6400104035
5677125.56389024
5903285.083322296
4036186.6400104035
4035866.193568136
2570685.563808095
3037397.247601668
5560883.825896883
4035867.400955447
1403064.5727437695
2141413.9107612623
4035867.400955447
4036154.6535819387
2839144.3634889754
2333116.902759489
4036154.6535819387
4035804.601586428
5719805.7438593265
5486099.242256736
4035804.601586428
4033587.531049193
7231446.040485394
7191501.372989954
4033587.531049193
4030179.502175692
5669378.909564658
5895845.578467403
4030179.502175692
4027898.803004404
2564818.3907717275
3032469.382706395
4027898.803004404
4028577.7504198714
2138554.7061298783
1398616.3092438227
4028577.7504198714
4031647.365608443
4299794.983851501
3983727.4506513607
4031647.365608443
4034772.0054122945
6780970.168613241
6584958.791640798
4034772.0054122945
4036129.1408075904
6713275.9582213005
6905642.682361727
4036129.1408075904
4036029.495841264
4229666.630897966
4528596.530258433
5275377.111398593
4036002.250280274
2141413.9107612623
1403065.2299279647
4036002.250280274
4036169.352406165
4306722.258404114
3991227.76005318
4036169.352406165
4034939.958372254
6786861.500409505
6591035.519089636
4034939.958372254
4031894.0066057574
6707641.093997436
6900173.570937315
4031894.0066057574
4028746.6774388915
4221987.474532403
4521444.731222464
4028746.6774388915
4027848.1006282372
1398616.3092438227
2138554.3230495397
4027848.1006282372
4029929.406011913
2834618.603916716
2327562.9177209423
4029929.406011913
4033357.5288075907
5712259.963436366
5478222.470876351
4033357.5288075907
4035707.936322356
7233300.624364293
7189021.809868883
4035707.936322356
4036185.6871199147
5677123.659819023
5903285.190005498
4036185.6871199147
4035867.14140004
2570686.1185268285
3037397.5266637495
