4035871.0566610843
4036018.5974567207
2136535.506460459
1395610.1391273504
4036018.5974567207
4036140.8040164453
4449494.4521670155
4144869.401401237
4036140.8040164453
4034832.6879910203
6864370.644330656
6670814.332981828
4034832.6879910203
4031739.5538634863
6630153.325727846
6824867.331281734
4031739.5538634863
4028637.061121738
4069529.1411342397
4379413.746034336
4028637.061121738
4027875.5466180383
1391166.4667500367
2133688.569459902
4027875.5466180383
4030092.426370862
2960224.313290332
2478988.8511140044
4030092.426370862
4033507.107762684
5831060.9453926515
5601978.022051721
4033507.107762684
4035771.010756994
7207878.42774305
7217678.614655054
4035771.010756994
4036161.988628143
5555483.610694432
5786390.792727325
4036161.988628143
4035871.0566610843
2417188.1329882233
2908628.738450555
5494303.373227302
4036179.218905618
2965010.433706194
2484744.4214858836
4036179.218905618
4035743.276189433
5838544.463294533
5609779.444774874
4035743.276189433
4033438.9363002945
7205620.627972199
7219760.8790694615
4033438.9363002945
4030014.289547801
5547649.125092952
5778881.896300556
4030014.289547801
4027867.872208722
2411525.933648917
2903962.172428549
4027867.872208722
4028684.3161936044
2133688.569459902
1391165.7919113536
4028684.3161936044
4031801.612777464
4442414.848473072
4137247.6889727293
4031801.612777464
4034883.0904552494
6858741.091733963
6665015.503319143
4034883.0904552494
4036159.6384056373
6636071.899825747
6830611.780467802
4036159.6384056373
4036012.5705797216
4077095.3638096536
4386423.905882215
4036012.5705797216
4035863.185170444
1395610.1391273504
2136534.951354946
3134524.667432578
4036018.888723117
2136534.951354946
1395608.428987504
4036018.888723117
4036140.812739457
4449494.061523389
4144869.583501882
4036140.812739457
4034832.9946834
6864370.082365393
6670814.0880474625
4034832.9946834
4031738.557015253
6630152.474204215
6824867.72293404
4031738.557015253
4028638.373557451
4069529.0869956547
4379413.5000127265
4028638.373557451
4027874.5088482983
1391165.7919113536
2133688.479199781
4027874.5088482983
4030092.956114925
2960223.790991306
2478987.5174218304
4030092.956114925
4033505.9197502267
5831059.390766248
5601978.267407914
4033505.9197502267
4035772.8947068183
7207878.53505206
7217678.336258388
4035772.8947068183
4036160.1689552814
5555483.420648782
5786390.665515891
4036160.1689552814
4035871.9750454756
2417190.9867090723
2908631.0955054983
686356.2663788163
4036177.7718778923
2965010.499222832
2484744.7083176877
4036177.7718778923
4035745.492178966
5838543.739121282
5609778.845806648
4035745.492178966
4033437.3122454826
7205621.032029823
7219761.457319373
4033437.3122454826
4030014.9643653273
5547650.2257833425
5778882.332071224
4030014.9643653273
4027868.541675493
2411526.258677116
2903963.227275813
4027868.541675493
4028684.3765778393
2133688.479199781
1391165.0492098902
4028684.3765778393
4031801.2550769974
4442415.00685454
4137247.50285091
4031801.2550769974
4034882.667725801
6858741.379146701
6665015.166938409
4034882.667725801
4036160.2121219994
6636072.415113985
6830611.961180867
4036160.2121219994
4036013.509395576
4077094.993642377
4386424.068345454
4036013.509395576
4035862.1935826177
1395608.428987504
2136534.5989028662
2191642.401794264
4036019.5639247927
2136534.5989028662
1395608.6952179011
4036019.5639247927
4036140.170580854
4449494.745767323
4144869.634916623
4036140.170580854
4034831.7392557757
6864370.7327268
6670812.918418154
4034831.7392557757
4031739.238912624
6630152.737606682
6824866.757737884
4031739.238912624
4028639.191232052
4069530.2859049137
4379413.5315021435
4028639.191232052
4027874.2477121577
1391165.0492098902
2133688.1488524964
4027874.2477121577
4030093.218030249
2960224.560174875
2478988.3376189847
4030093.218030249
4033505.7168659284
5831059.806921302
5601976.700372493
4033505.7168659284
4035773.02078046
7207878.634232132
7217677.0717401
4035773.02078046
4036159.9887167816
5555482.938962685
5786390.254736453
4036159.9887167816
4035872.2981936554
2417190.3268073
2908631.6228496786
4813334.058893229
4036179.0448346166
2965010.038882328
2484744.409263893
4036179.0448346166
4035743.29384714
5838543.774981888
5609780.016833579
4035743.29384714
4033438.7763926066
7205619.761444553
7219761.674229246
4033438.7763926066
4030014.349892721
5547648.530857385
5778882.650837567
4030014.349892721
4027868.7124715303
2411526.042855119
2903962.773137785
4027868.7124715303
4028684.3966595116
2133688.1488524964
1391166.4667500367
4028684.3966595116
4031801.024146684
4442414.565822953
4137248.608673576
4031801.024146684
4034882.902784006
6858740.164887194
6665016.073682667
4034882.902784006
4036160.063605359
6636071.020233264
6830612.561533981
4036160.063605359
4036013.7488474087
4077095.0848819204
4386423.650493617
4036013.7488474087
4035862.414336657
1395608.6952179011
2136535.506460459
