4036106.0140251443
4035852.4464528053
1719045.7710538588
2360559.5240885424
4035852.4464528053
4036093.686419602
2372047.8769917027
1734782.4716049957
4036093.686419602
4036013.3862304296
5157574.0374306
4897150.6386082405
4036013.3862304296
4034207.74816481
7190329.0082534095
7005761.607799313
4034207.74816481
4030887.9802847914
6162363.14090873
6371358.498391113
4030887.9802847914
4028162.784452233
3264683.305590299
3643621.7932472164
4028162.784452233
4028181.4433948277
1729991.9664126243
1714276.6141120484
4028181.4433948277
4030910.8513087374
3663503.2917124303
3286854.9027718543
4030910.8513087374
4034229.2003846015
6385110.898543785
6176577.475043497
4034229.2003846015
4036003.3043626836
6998335.5790819675
7183092.177887591
4036003.3043626836
4036106.0140251443
4877629.373510052
5139043.023534842
6240534.435711574
4035932.7537439107
1734782.4716049957
1719044.7622774672
4035932.7537439107
4036202.496001691
3669566.5780813782
3293643.8790800106
4036202.496001691
4035366.1040825495
6391961.894008548
6183668.000195864
4035366.1040825495
4032622.8750696178
6994138.274153731
7179007.030503039
4032622.8750696178
4029292.4113269025
4869658.440557121
5131493.525421248
4029292.4113269025
4027772.767385694
1714276.6141120484
2357135.578093051
4027772.767385694
4029296.7475538924
2368592.9915449806
1729992.2127369172
4029296.7475538924
4032660.0707832803
5150014.181262034
4889172.2769652475
4032660.0707832803
4035378.2574117393
7186288.344503736
7001610.627909395
4035378.2574117393
4036204.580892805
6169476.261762996
6378230.854502569
4036204.580892805
4035918.3456204142
3271439.4226941126
3649649.8230859768
7181406.875581226
4035852.1298870584
1719044.7622774672
2360558.792824957
4035852.1298870584
4036093.354606446
2372048.5779399495
1734782.9157848451
4036093.354606446
4036013.5013240324
5157573.675947517
4897151.187574322
4036013.5013240324
4034207.4194947747
7190328.422320473
7005762.031931723
4034207.4194947747
4030888.4558761823
6162362.446055204
6371359.221337518
4030888.4558761823
4028161.3614135613
3264682.1107298727
3643621.5313683916
4028161.3614135613
4028182.947249481
1729992.2127369172
1714275.6207458207
4028182.947249481
4030911.3261279254
3663502.973577654
3286854.7292866805
4030911.3261279254
4034229.0692487564
6385111.185341503
6176577.52046111
4034229.0692487564
4036003.6238496434
6998335.0950105265
7183092.038092358
4036003.6238496434
4036105.04925306
4877630.132180625
5139042.597626609
5957427.141721453
4035933.378506951
1734782.9157848451
1719045.4726706801
4035933.378506951
4036202.1421260643
3669566.930387337
3293643.899822007
4036202.1421260643
4035366.392761888
6391962.550322681
6183668.770285514
4035366.392761888
4032622.7036539563
6994138.323978991
7179006.64939507
4032622.7036539563
4029292.136713656
4869658.645393849
5131493.061563832
4029292.136713656
4027772.120949096
1714275.6207458207
2357135.344637049
4027772.120949096
4029296.837247765
2368593.5879622083
1729991.8124032859
4029296.837247765
4032661.2181892097
5150013.619105474
4889171.712934871
4032661.2181892097
4035377.582871169
7186288.23284824
7001611.172006878
4035377.582871169
4036205.5187797984
6169476.34148234
6378231.310251468
4036205.5187797984
4035917.540169328
3271438.9757494642
3649649.0521708555
6822685.417085742
4035851.890278011
1719045.4726706801
2360559.249940851
4035851.890278011
4036093.4971572952
2372047.5911182333
1734782.2484847251
4036093.4971572952
4036013.9437211533
5157573.399644776
4897148.93435933
4036013.9437211533
4034207.851716081
7190328.211105156
7005760.614228601
4034207.851716081
4030887.287669186
6162362.452864563
6371357.257344545
4030887.287669186
4028162.289940604
3264682.701601116
3643621.6898690024
4028162.289940604
4028182.4332172135
1729991.8124032859
1714276.5061827558
4028182.4332172135
4030912.0762213436
3663502.8617963693
3286854.347414666
4030912.0762213436
4034228.5355207087
6385111.792100046
6176577.013153594
4034228.5355207087
4036003.90110303
6998335.247181423
7183090.955477143
4036003.90110303
4036105.1232964876
4877629.862368803
5139043.092087269
5650116.703162448
4035932.407232544
1734782.2484847251
1719045.7710538588
4035932.407232544
4036202.7011737092
3669566.208720391
3293643.6049027876
4036202.7011737092
4035365.966518177
6391960.397422323
6183668.567141094
4035365.966518177
4032623.473665186
6994137.087895286
7179007.968209227
4032623.473665186
4029291.7038471634
4869657.785429137
5131494.01090192
4029291.7038471634
4027773.031406325
1714276.5061827558
2357136.114849477
4027773.031406325
4029297.735138842
2368593.3767668284
1729991.9664126243
4029297.735138842
4032660.319745794
5150014.071700442
4889172.605844185
4032660.319745794
4035377.153367661
7186286.758361874
7001611.580615485
4035377.153367661
4036205.5820766552
6169475.605317217
6378231.729138765
4036205.5820766552
4035918.2059612377
3271439.4995124326
3649648.51918201
