4035751.801495064
4036177.336997847
5597277.653422561
5826531.58688673
4036177.336997847
4035862.505417468
2469050.963347766
2951868.981617663
4035862.505417468
4036014.366180553
2136228.694307462
1395141.6498552554
4036014.366180553
4036158.7891571913
4401040.037266545
4092814.9335321467
4036158.7891571913
4034868.852709086
6838504.078397074
6644195.747428223
4034868.852709086
4031784.4083479997
6657028.094550681
6850979.634268114
4031784.4083479997
4028674.1958329324
4121611.692511785
4427855.8594643045
4028674.1958329324
4027872.230787945
1390696.264449327
2133381.1249530273
4027872.230787945
4030043.9902889594
2916894.577308744
2427081.6900211917
4030043.9902889594
4033439.3598129284
5791022.717881243
5560291.81322403
4033439.3598129284
4035751.801495064
7217099.90978632
7208498.297685212
8522332.119312704
4036016.274266559
4129215.7072720123
4434914.590453302
4036016.274266559
4035872.4723119154
1395141.6498552554
2136229.9741743924
4035872.4723119154
4036175.530658339
2921591.020499388
2432768.5177089907
4036175.530658339
4035752.3807403464
5798528.126308062
5568121.28462621
4035752.3807403464
4033489.5452782568
7214977.713154291
7210717.488580046
4033489.5452782568
4030077.0662544407
5589469.614362313
5819043.942352238
4030077.0662544407
4027868.579776216
2463318.1290828665
2947113.610279514
4027868.579776216
4028651.8814210044
2133381.1249530273
1390697.154247668
4028651.8814210044
4031754.8929742565
4394011.082682589
4085233.8678971096
4031754.8929742565
4034846.0435814396
6832782.746699194
6638300.534391038
4034846.0435814396
4036143.425127946
6662851.79579999
6856632.111017505
12185335.132058922
4036178.217882569
5597275.849932093
5826530.9021573085
4036178.217882569
4035861.970386144
2469048.901538967
2951868.932121278
4035861.970386144
4036014.246904221
2136229.9741743924
1395141.075936263
4036014.246904221
4036158.189042606
4401039.62480765
4092815.257611757
4036158.189042606
4034869.6409685747
6838502.99378306
6644195.4779213555
4034869.6409685747
4031784.6339806984
6657028.299764657
6850979.574933956
4031784.6339806984
4028672.9987703417
4121610.691415861
4427855.497173568
4028672.9987703417
4027872.792153124
1390697.154247668
2133383.1700082105
4027872.792153124
4030044.124142982
2916892.9489079993
2427080.95445589
4030044.124142982
4033440.4169414206
5791022.34909678
5560292.3735776385
4033440.4169414206
4035751.1294610733
7217098.989043564
7208498.913114148
13047425.148609364
4036017.6921212743
4129215.9516754565
4434915.765480223
4036017.6921212743
4035872.567993096
1395141.075936263
2136228.590126117
4035872.567993096
4036173.6982835922
2921591.6840131534
2432769.8002124103
4036173.6982835922
4035754.835049642
5798527.536085328
5568120.762733092
4035754.835049642
4033488.338047028
7214977.355098726
7210717.967602557
4033488.338047028
4030076.1461242577
5589469.6755297175
5819043.379307469
4030076.1461242577
4027869.5509086866
2463317.345135975
2947112.9534911364
4027869.5509086866
4028650.881174087
2133383.1700082105
1390698.115033979
4028650.881174087
4031755.5784347802
4394010.505159424
4085232.860312819
4031755.5784347802
4034845.8489764356
6832783.334237861
6638301.516523442
4034845.8489764356
4036143.1964000026
6662852.253687538
6856632.263066724
11977265.181182737
4036177.783962287
5597276.2887259675
5826529.132981841
4036177.783962287
4035861.431668186
2469048.964186717
2951867.7872860855
4035861.431668186
4036015.1427922286
2136228.590126117
1395141.4905852068
4036015.1427922286
4036157.7944035404
4401039.887225003
4092814.5425447184
4036157.7944035404
4034869.27659925
6838503.967101551
6644194.164409104
4034869.27659925
4031785.475625205
6657027.826867587
6850978.840652195
4031785.475625205
4028672.2719881763
4121610.227469961
4427853.856250211
4028672.2719881763
4027872.93783928
1390698.115033979
2133382.994364284
4027872.93783928
4030043.9060046156
2916893.1335796686
2427079.863148802
4030043.9060046156
4033440.8367264573
5791022.712022544
5560290.7057153275
4033440.8367264573
4035750.9622678882
7217099.016802823
7208497.332375733
8099654.53257971
4036017.452191753
4129214.639851271
4434916.092138564
4036017.452191753
4035872.0499505317
1395141.4905852068
2136228.694307462
4035872.0499505317
4036175.550860585
2921590.4842978907
2432768.8345812177
4036175.550860585
4035752.0192291327
5798527.323784141
5568122.044205154
4035752.0192291327
4033489.948178331
7214976.327326442
7210718.122808557
4033489.948178331
4030077.004367057
5589468.626872228
5819043.765744298
4030077.004367057
4027868.136169527
2463316.9077522885
2947112.3823193177
4027868.136169527
4028651.341100029
2133382.994364284
1390696.264449327
4028651.341100029
4031755.919461395
4394010.068490317
4085233.3604958234
4031755.919461395
4034845.5040256963
6832781.680173317
6638301.735814402
4034845.5040256963
4036143.1414636346
6662850.606943186
6856632.893613365
