4035214.311676449
4036198.082163058
6350623.0816377895
6553621.9001639495
4036198.082163058
4035944.7424919764
3564498.5960573405
3914511.742045476
4035944.7424919764
4035910.311373577
1550573.2762215622
1945780.223532083
4035910.311373577
4036200.6505151386
3408276.961311454
2999805.8880060785
4036200.6505151386
4035515.711449169
6204110.586238939
5989301.598771088
4035515.711449169
4032919.4645952377
7085315.889523969
7267871.53107938
4032919.4645952377
4029542.7070559715
5123355.6057234295
5372855.698722753
4029542.7070559715
4027785.9448214266
1940738.2149703612
2526630.2794665257
4027785.9448214266
4029072.432999813
2237720.907698877
1545984.1617368995
4029072.432999813
4032343.244100561
4901173.164081305
4626335.407869308
4032343.244100561
4035214.311676449
7082475.734422987
6895024.764659702
8859060.254083246
4036133.4879496484
5131338.191736387
5380454.346718884
4036133.4879496484
4035854.3335098713
1945780.223532083
2530462.069771127
4035854.3335098713
4036076.021816615
2240843.99537624
1550572.2719828517
4036076.021816615
4036062.4448402445
4908616.882493486
4634239.014684015
4036062.4448402445
4034444.758668061
7087128.725117892
6899809.659022357
4034444.758668061
4031191.894081153
6343884.737645353
6547100.09340323
4031191.894081153
4028308.0991021604
3557413.036264129
3908085.067372039
4028308.0991021604
4028057.676183127
1545984.1617368995
1940737.4144420756
4028057.676183127
4030609.2601789976
3402648.6064426615
2993375.916589341
4030609.2601789976
4033979.7494402057
6196969.295079288
5981894.0627633855
4033979.7494402057
4035930.4182668068
7088843.847853265
7271307.084739576
12608511.323040208
4036197.2906361157
6350623.048922246
6553621.179906436
4036197.2906361157
4035945.7706647334
3564498.4745924044
3914511.6714744093
4035945.7706647334
4035908.556717701
1550572.2719828517
1945780.4574950286
4035908.556717701
4036201.006077412
3408275.7817041585
2999806.2695521116
4036201.006077412
4035516.279172522
6204110.735037217
5989301.188126294
4035516.279172522
4032919.73081927
7085316.175671511
7267871.488397865
4032919.73081927
4029543.0649538953
5123354.933806085
5372855.5783410845
4029543.0649538953
4027786.134014224
1940737.4144420756
2526629.6783293216
4027786.134014224
4029072.909331607
2237721.689622652
1545984.8942612703
4029072.909331607
4032343.1974962135
4901172.7187382085
4626336.385991068
4032343.1974962135
4035214.3515486596
7082475.074863496
6895024.958522781
13916342.12900096
4036132.944528765
5131337.933665869
5380454.01352369
4036132.944528765
4035854.633649475
1945780.4574950286
2530460.641148496
4035854.633649475
4036075.7924288795
2240843.5513408226
1550574.0308858403
4036075.7924288795
4036062.5045248503
4908618.165827276
4634239.6875326
4036062.5045248503
4034446.422147591
7087128.555093796
6899809.962322751
4034446.422147591
4031190.1553515187
6343884.139982833
6547099.75118746
4031190.1553515187
4028307.7297410625
3557413.070957027
3908085.813641619
4028307.7297410625
4028057.4140848587
1545984.8942612703
1940737.2348986834
4028057.4140848587
4030610.0222063935
3402647.991705752
2993375.281935386
4030610.0222063935
4033980.8354472104
6196969.462022355
5981894.604896468
4033980.8354472104
4035929.6326890374
7088843.806542392
7271306.401898798
12407518.425833462
4036197.167034963
6350622.625050021
6553620.760870737
4036197.167034963
4035944.592834259
3564498.3801794564
3914511.0534453765
4035944.592834259
4035910.687126149
1550574.0308858403
1945780.6696894662
4035910.687126149
4036199.5488473494
3408276.9820223083
2999806.220795606
4036199.5488473494
4035515.4892784106
6204109.832425468
5989300.004565338
4035515.4892784106
4032921.2469692924
7085316.747478762
7267870.387309271
4032921.2469692924
4029542.8139075586
5123355.578956617
5372853.946079672
4029542.8139075586
4027786.282414774
1940737.2348986834
2526629.19808173
4027786.282414774
4029072.302264796
2237722.2241940787
1545985.3794688378
4029072.302264796
4032344.079893318
4901172.556283037
4626334.351711177
4032344.079893318
4035213.9694048367
7082475.48861646
6895023.302940501
8453167.320389597
4036133.576144246
5131338.015994193
5380454.068661402
4036133.576144246
4035854.1607788014
1945780.6696894662
2530461.083339124
4035854.1607788014
4036075.5706955437
2240843.5211181915
1550573.2762215622
4036075.5706955437
4036063.0042676167
4908616.482694542
4634240.595491933
4036063.0042676167
4034444.631472887
7087127.738117276
6899809.819473286
4034444.631472887
4031190.7659019614
6343882.925171229
6547099.915989779
4031190.7659019614
4028308.872380626
3557412.8820602046
3908086.0076895976
4028308.872380626
4028057.6349036354
1545985.3794688378
1940738.2149703612
4028057.6349036354
4030610.1080164574
3402647.8380661923
2993376.1524369675
4030610.1080164574
4033980.6454963856
6196968.087130106
5981895.137049368
4033980.6454963856
4035929.270295032
7088841.935214621
7271307.298613264
