4036183.6709447494
4035987.249511651
3855684.285638725
4181411.915820159
4035987.249511651
4035874.9440016877
1431069.6325795741
2159866.695277613
4035874.9440016877
4036191.988105928
3153464.461506216
2706830.6266158223
4036191.988105928
4035649.762118648
6002531.798269623
5780249.559149382
4035649.762118648
4033221.111870044
7159870.749983985
7251322.960737538
4033221.111870044
4029800.364636818
5367298.95554328
5605965.241502272
4029800.364636818
4027820.967716334
2198815.399960539
2729884.7626576484
4027820.967716334
4028847.416257405
2156956.99269893
1426594.384791616
4028847.416257405
4032052.729180483
4644376.985346161
4353376.167407534
4032052.729180483
4035017.4291570564
6962258.496237807
6771486.132807012
4035017.4291570564
4036183.6709447494
6517653.8216268895
6715617.525115191
7558790.88536215
4035861.682193566
2204195.430674011
2734179.083954651
4035861.682193566
4036043.7719820463
2159866.695277613
1431069.8220833011
4036043.7719820463
4036124.584906615
4651641.1599096535
4361146.317945005
4036124.584906615
4034656.376072596
6967481.39026152
6776863.185441364
4034656.376072596
4031501.296275577
6511354.656526529
6709510.493243758
4031501.296275577
4028490.6429309812
3848309.9605831355
4174633.804804725
4028490.6429309812
4027937.6968167517
1426594.384791616
2156957.183438505
4027937.6968167517
4030319.1207307777
3148303.5113078756
2700778.427166205
4030319.1207307777
4033714.044775932
5995170.094488577
5772594.251803785
4033714.044775932
4035853.662934107
7162691.061876029
7249819.994039451
4035853.662934107
4036145.2891410417
5375224.626840858
5613539.814051349
10451278.523235388
4035987.5102995783
3855684.9939933685
4181412.188909616
4035987.5102995783
4035875.4940423514
1431069.8220833011
2159865.734714501
4035875.4940423514
4036192.030615979
3153465.0645972164
2706830.1458137687
4036192.030615979
4035649.7243702593
6002531.956565062
5780249.507670968
4035649.7243702593
4033221.073343039
7159870.436670529
7251322.93692877
4033221.073343039
4029800.4842744116
5367298.780898337
5605965.097923993
4029800.4842744116
4027821.6618772983
2198815.448892106
2729884.3872194076
4027821.6618772983
4028847.0502894577
2156957.183438505
1426595.7550384586
4028847.0502894577
4032053.719996594
4644377.771969256
4353377.05351637
4032053.719996594
4035017.2446362004
6962259.003459778
6771487.354714586
4035017.2446362004
4036181.9735536794
6517653.142587819
6715617.076207329
10404156.020565638
4035860.8213059935
2204195.5694788275
2734179.761352119
4035860.8213059935
4036046.116579737
2159865.734714501
1431068.3447305744
4036046.116579737
4036122.9123956324
4651640.4443765925
4361144.732289666
4036122.9123956324
4034658.2170174397
6967480.408656411
6776862.468597593
4034658.2170174397
4031500.3276771074
6511353.688819157
6709510.292069105
4031500.3276771074
4028489.6824320643
3848310.200062961
4174634.5007419325
4028489.6824320643
4027938.5542090884
1426595.7550384586
2156957.394031376
4027938.5542090884
4030317.455624043
3148303.28915556
2700778.3812578055
4030317.455624043
4033715.5056346487
5995169.731275267
5772592.705835608
4033715.5056346487
4035853.657661327
7162692.260773723
7249819.708470107
4035853.657661327
4036145.317145262
5375224.186168418
5613540.313392868
10208005.270364722
4035987.2284819414
3855685.0245488477
4181411.494068981
4035987.2284819414
4035876.346816625
1431068.3447305744
2159867.077871048
4035876.346816625
4036190.4294610512
3153465.3876906047
2706832.039196882
4036190.4294610512
4035649.959360542
6002531.079927329
5780248.133230243
4035649.959360542
4033221.5261864625
7159871.046639523
7251321.324530587
4033221.5261864625
4029801.0915254457
5367299.063555385
5605964.630570648
4029801.0915254457
4027820.8349007834
2198815.1101750946
2729884.220853068
4027820.8349007834
4028847.3393114833
2156957.394031376
1426594.948310399
4028847.3393114833
4032053.8473091903
4644377.02005603
4353376.341021307
4032053.8473091903
4035017.0389870876
6962258.819086738
6771485.921415718
4035017.0389870876
4036182.608878391
6517653.987485566
6715616.8573962785
7078991.785247814
4035862.331538554
2204195.604016881
2734179.762647452
4035862.331538554
4036043.708707736
2159867.077871048
1431069.6325795741
4036043.708707736
4036124.4301027046
4651641.232997892
4361144.958737529
4036124.4301027046
4034656.6457641786
6967479.668368478
6776863.295999061
4034656.6457641786
4031500.7449344858
6511353.0782820955
6709510.389149767
4031500.7449344858
4028491.0903850216
3848309.3337292206
4174634.399357818
4028491.0903850216
4027937.443049397
1426594.948310399
2156956.99269893
4027937.443049397
4030318.332939363
3148302.5392497424
2700777.2050062967
4030318.332939363
4033714.325159102
5995168.8159279525
5772593.933797803
4033714.325159102
4035853.244181938
7162690.441145526
7249819.80586558
4035853.244181938
4036145.5500442926
5375224.158454534
5613540.373516618
