4035725.9326155814
4036181.523627151
5644093.33934987
5871521.872419244
4036181.523627151
4035866.3258278305
2528239.843581066
3001555.714591055
4035866.3258278305
4036007.3867230355
2138331.454982088
1398358.388903876
4036007.3867230355
4036165.023872216
4346021.918842895
4033598.8329516454
4036165.023872216
4034911.343032844
6808586.048626202
6613400.575976168
4034911.343032844
4031848.0522492295
6686824.536604805
6879937.415465184
4031848.0522492295
4028715.5341712395
4180323.05382339
4482561.173079303
4028715.5341712395
4027859.716370574
1393911.8073732394
2135479.7982002855
4027859.716370574
4029985.216107087
2868557.233770418
2368773.7667536577
4029985.216107087
4033382.4425309156
5745214.435197953
5512569.518407652
4033382.4425309156
4035725.9326155814
7226828.929515859
7197394.903448587
8545543.345088808
4036024.683241549
4187971.6283905213
4489676.08972774
4036024.683241549
4035869.887909595
1398358.388903876
2138331.7750805253
4035869.887909595
4036171.3058576896
2873153.2320758235
2374383.0974371927
4036171.3058576896
4035775.247457962
5752742.749392668
5520429.339747963
4035775.247457962
4033546.704024837
7224862.1947849635
7199767.319460318
4033546.704024837
4030136.466361619
5636319.519572156
5864062.653377355
4030136.466361619
4027884.496222094
2522427.7344522243
2996698.0551925343
4027884.496222094
4028611.0199275394
2135479.7982002855
1393910.9799529547
4028611.0199275394
4031690.425633954
4339051.731709088
4026065.7835496743
4031690.425633954
4034803.3601236767
6802763.0946572395
6607399.69552787
4034803.3601236767
4036135.037157356
6692537.922959615
6885485.164334318
12219737.323839787
4036181.4372043726
5644092.666437202
5871521.669071872
4036181.4372043726
4035865.185054985
2528239.3053495036
3001555.4270395325
4035865.185054985
4036008.0391301913
2138331.7750805253
1398357.6845695185
4036008.0391301913
4036164.065392288
4346022.634482936
4033598.3157624365
4036164.065392288
4034911.073260034
6808585.11635398
6613400.636676275
4034911.073260034
4031849.1894912035
6686824.672567172
6879937.298583916
4031849.1894912035
4028715.116558147
4180321.7649710663
4482560.392651747
4028715.116558147
4027858.414020463
1393910.9799529547
2135478.132793816
4027858.414020463
4029985.42444753
2868557.273920842
2368773.723642154
4029985.42444753
4033382.1721735527
5745214.447142565
5512570.373556389
4033382.1721735527
4035727.6331305574
7226828.814738723
7197394.713215393
13108044.986616338
4036024.247300139
4187971.0697245263
4489675.350583728
4036024.247300139
4035867.8507274385
1398357.6845695185
2138331.222726074
4035867.8507274385
4036171.956530288
2873151.5765427235
2374382.1494720276
4036171.956530288
4035775.511512665
5752741.676158225
5520427.461187852
4035775.511512665
4033548.9191626855
7224862.144795037
7199767.456016397
4033548.9191626855
4030134.7372805937
5636318.106681491
5864061.310252502
4030134.7372805937
4027883.4107280294
2522427.6239137542
2996697.928565452
4027883.4107280294
4028611.5192061597
2135478.132793816
1393910.9656015628
4028611.5192061597
4031691.028509412
4339051.33612449
4026064.2215797002
4031691.028509412
4034802.942445503
6802763.490866352
6607400.315940049
4034802.942445503
4036135.9651777754
6692538.011287804
6885485.040306232
12012261.78747021
4036181.811604355
5644092.153798425
5871520.618024293
4036181.811604355
4035864.815063418
2528238.4092274727
3001555.054028125
4035864.815063418
4036008.7867510407
2138331.222726074
1398357.5848647852
4036008.7867510407
4036162.845474916
4346022.7564796135
4033599.289551511
4036162.845474916
4034912.08020176
6808585.334666034
6613399.0560363205
4034912.08020176
4031848.814407068
6686824.3755991245
6879935.728082084
4031848.814407068
4028715.1835137876
4180321.917072863
4482560.102288737
4028715.1835137876
4027858.9965052386
1393910.9656015628
2135479.4311735583
4027858.9965052386
4029984.7930240887
2868556.8700306593
2368773.841788999
4029984.7930240887
4033383.0384251415
5745214.016412038
5512568.34135931
4033383.0384251415
4035727.1463702875
7226829.149646192
7197393.427220858
8124070.155804336
4036024.1799070886
4187970.067771042
4489675.472262207
4036024.1799070886
4035869.0658616787
1398357.5848647852
2138331.454982088
4035869.0658616787
4036171.414992244
2873152.727904553
2374382.7693611993
4036171.414992244
4035775.101929035
5752742.45132374
5520428.811476901
4035775.101929035
4033547.3219343657
7224860.819787639
7199768.083257474
4033547.3219343657
4030136.080446264
5636318.0073113935
5864063.2761516115
4030136.080446264
4027884.3915508627
2522427.228466766
2996698.0899950378
4027884.3915508627
4028610.2751861783
2135479.4311735583
1393911.8073732394
4028610.2751861783
4031691.288350748
4339051.152062788
4026064.82966717
4031691.288350748
4034802.321472368
6802761.83993798
6607400.161543109
4034802.321472368
4036136.3331860923
6692537.1756099155
6885485.517130321
