4033785.417104366
4035873.673022376
7145691.261580106
7258056.212127743
4035873.673022376
4036139.839619929
5314798.203867401
5555702.258198856
4036139.839619929
4035861.8813251806
2136842.9705144605
2680174.910310793
4035861.8813251806
4036051.215400886
2175056.441607644
1453892.4884205244
4036051.215400886
4036113.4346056213
4717021.532707781
4430811.132752011
4036113.4346056213
4034602.231164423
6999150.383891816
6809415.099472674
4034602.231164423
4031422.163987306
6470549.713743494
6669915.459143514
4031422.163987306
4028447.207098397
3775352.647466968
4107473.120838768
4028447.207098397
4027976.671105509
1449396.9762852348
2131552.267022908
4027976.671105509
4030374.2903781086
3211493.6824363363
2774172.0356918713
4030374.2903781086
4033785.417104366
6047235.010096182
5826645.086127958
8994439.457966806
4036188.1584461653
6476964.829387338
6676132.996028732
4036188.1584461653
4035979.2837503958
3782658.2303031557
4114165.7293332987
4035979.2837503958
4035893.028326243
1453892.4884205244
2136841.1223563673
4035893.028326243
4036181.996396223
3216771.8226191457
2780318.4854409047
4036181.996396223
4035618.1172338626
6054547.78099806
5834245.994559652
4035618.1172338626
4033147.890154832
7142689.261716888
7259366.876633785
4033147.890154832
4029730.3163874997
5306850.107383051
5548113.396678471
4029730.3163874997
4027812.382192174
2131552.267022908
2675999.534917946
4027812.382192174
4028900.180877839
2172105.58570496
1449397.437138426
4028900.180877839
4032130.889497777
4709704.753416592
4423002.058463135
4032130.889497777
4035066.1014401754
6994066.063553011
6804184.163449495
12344668.43664674
4035876.192795264
7145691.530799972
7258055.907404101
4035876.192795264
4036139.7964362227
5314795.404301607
5555701.509372405
4036139.7964362227
4035860.359801833
2136841.1223563673
2680173.775304032
4035860.359801833
4036051.911280619
2175056.447541398
1453892.0418650093
4036051.911280619
4036112.174062815
4717021.885124369
4430811.027658618
4036112.174062815
4034602.925851417
6999149.133234118
6809415.296436315
4034602.925851417
4031420.8986127414
6470548.774463303
6669914.98282413
4031420.8986127414
4028447.83020566
3775353.2929614224
4107473.3821904357
4028447.83020566
4027976.8471559463
1449397.437138426
2131552.462140329
4027976.8471559463
4030375.6359542934
3211492.747271102
2774171.201565667
4030375.6359542934
4033783.367775424
6047235.485013234
5826645.550581678
14261438.016237892
4036186.9481747057
6476965.343475032
6676132.497371275
4036186.9481747057
4035979.9129195376
3782659.1473781397
4114166.154104487
4035979.9129195376
4035893.4770406904
1453892.0418650093
2136840.918689433
4035893.4770406904
4036179.919515594
3216772.38944871
2780319.5490198266
4036179.919515594
4035619.859475807
6054546.577249215
5834244.982378854
4035619.859475807
4033147.5931480033
7142689.022240252
7259367.731315634
4033147.5931480033
4029730.0888859946
5306849.348873806
5548113.469970889
4029730.0888859946
4027812.5020486773
2131552.462140329
2675999.9502776936
4027812.5020486773
4028901.08922207
2172105.7940684687
1449397.162930021
4028901.08922207
4032131.3550126003
4709704.73337256
4423002.1799303815
4032131.3550126003
4035066.311611612
6994065.980646948
6804184.361820312
12139306.39519791
4035876.2553683817
7145691.5490356935
7258054.010584819
4035876.2553683817
4036139.915322738
5314795.898479983
5555699.221029338
4036139.915322738
4035860.614105652
2136840.918689433
2680173.1929311547
4035860.614105652
4036050.2237731796
2175056.546565995
1453893.0448181832
4036050.2237731796
4036113.933131684
4717020.639177404
4430808.977783282
4036113.933131684
4034603.626446024
6999149.714521727
6809414.027190611
4034603.626446024
4031419.952730869
6470549.462466143
6669913.480431285
4031419.952730869
4028447.8185944567
3775353.5396540947
4107472.9821544187
4028447.8185944567
4027976.239088957
1449397.162930021
2131552.473201428
4027976.239088957
4030376.615204709
3211492.336177762
2774169.86374101
4030376.615204709
4033783.2957934868
6047235.530615883
5826644.244257439
8594874.258814167
4036187.852246125
6476964.411657502
6676132.988915517
4036187.852246125
4035979.291998458
3782657.059902363
4114166.8678763392
4035979.291998458
4035892.952102205
1453893.0448181832
2136842.9705144605
4035892.952102205
4036181.8779032677
3216770.893752766
2780318.7148662754
4036181.8779032677
4035618.428470995
6054546.489230775
5834245.768945886
4035618.428470995
4033147.129256329
7142687.526621218
7259368.013960433
4033147.129256329
4029730.353535837
5306849.151553472
5548113.143002139
4029730.353535837
4027812.911257431
2131552.473201428
2676000.125705364
4027812.911257431
4028900.041872964
2172106.4203090826
1449396.9762852348
4028900.041872964
4032130.896238636
4709703.371508002
4423002.122616143
4032130.896238636
4035066.1620063386
6994064.378315885
6804184.4165015975
