4035862.9273268613
4036154.540383814
5355167.6734425705
5594337.184041051
4036154.540383814
4035849.35852706
2181595.9074731995
2715989.350046464
4035849.35852706
4036047.5702480306
2164523.4141269126
1438088.0762440716
4036047.5702480306
4036120.4563410366
4673470.916768197
4384421.180091193
4036120.4563410366
4034650.1220402773
6978146.251369935
6787827.084742064
4034650.1220402773
4031463.092792906
6497858.769290432
6696411.576321868
4031463.092792906
4028476.9416556256
3824027.5608278667
4152261.437529498
4028476.9416556256
4027958.6192271877
1433605.8810996923
2161600.084309617
4027958.6192271877
4030343.3250527917
3169288.7986398954
2725205.5425063525
4030343.3250527917
4033721.456128269
6012618.004037111
5790709.684112464
4033721.456128269
4035862.9273268613
7157149.9304635525
7252688.121910863
8398950.435402043
4035984.2700777096
3831380.360381735
4159010.362797612
4035984.2700777096
4035889.4923084527
1438088.0762440716
2164523.109808508
4035889.4923084527
4036192.3647900117
3174488.305810772
2731288.812560908
4036192.3647900117
4035627.9691375946
6019961.605860656
5798346.702216964
4035627.9691375946
4033196.6984147406
7154266.955903469
7254128.258374606
4033196.6984147406
4029788.298770444
5347234.481163055
5586756.891284678
4029788.298770444
4027805.629070383
2176247.1163222925
2711734.6895610937
4027805.629070383
4028866.5726213306
2161600.084309617
1433606.3032192844
4028866.5726213306
4032077.44334296
4666188.952844361
4376638.685129804
4032077.44334296
4035049.636215801
6972967.68568896
6782499.55661721
4035049.636215801
4036170.182190989
6504195.736811725
6702554.182816177
11994539.343724165
4036156.0221124566
5355167.0668322025
5594337.223339902
4036156.0221124566
4035848.530545211
2181596.143577163
2715989.8780611623
4035848.530545211
4036048.3418354117
2164523.109808508
1438086.4291048038
4036048.3418354117
4036119.7068634345
4673471.480264323
4384420.850886355
4036119.7068634345
4034650.8007091363
6978145.729298333
6787826.995463331
4034650.8007091363
4031463.1000943766
6497857.930482343
6696411.646391351
4031463.1000943766
4028476.2471524514
3824027.512080061
4152260.997702972
4028476.2471524514
4027958.0457875864
1433606.3032192844
2161599.3523436314
4027958.0457875864
4030343.3303677626
3169288.217839373
2725205.0285008117
4030343.3303677626
4033723.615205455
6012617.304637518
5790709.0917903865
4033723.615205455
4035860.830612525
7157148.93817446
7252689.028367363
12723245.93457443
4035985.2985253646
3831380.5636437596
4159010.772987141
4035985.2985253646
4035887.8987525664
1438086.4291048038
2164523.4657144733
4035887.8987525664
4036194.297107715
3174488.5453271447
2731288.971395677
4036194.297107715
4035625.240861364
6019961.409079948
5798345.907466952
4035625.240861364
4033198.809266427
7154267.644201196
7254127.472929921
4033198.809266427
4029787.641026048
5347234.2649611365
5586755.674585223
4029787.641026048
4027805.0563000073
2176247.3694134518
2711734.8301196815
4027805.0563000073
4028867.1177435694
2161599.3523436314
1433606.0968578395
4028867.1177435694
4032076.2004944272
4666189.690263588
4376638.889828622
4032076.2004944272
4035049.794489931
6972967.218583701
6782498.789606473
4035049.794489931
4036170.845505219
6504196.157429184
6702554.54258607
11783109.402963847
4036155.8772122245
5355167.439599488
5594335.793037361
4036155.8772122245
4035848.8599005993
2181595.09145279
2715989.354029836
4035848.8599005993
4036047.041938858
2164523.4657144733
1438087.8588681787
4036047.041938858
4036120.4395739133
4673470.331476319
4384420.5836975165
4036120.4395739133
4034650.4175168104
6978145.034478211
6787825.955651094
4034650.4175168104
4031462.494746003
6497857.815544651
6696409.700935229
4031462.494746003
4028475.9465107215
3824028.402512771
4152261.580234857
4028475.9465107215
4027958.7266739206
1433606.0968578395
2161600.740894689
4027958.7266739206
4030342.852144743
3169288.1533230226
2725205.080422022
4030342.852144743
4033723.8133517057
6012617.204391737
5790707.442966722
4033723.8133517057
4035860.9383895015
7157148.622806713
7252687.292367008
7969755.162866719
4035985.1308378465
3831379.878450917
4159011.7149539413
4035985.1308378465
4035889.498487243
1438087.8588681787
2164523.4141269126
4035889.498487243
4036192.268608589
3174487.9558867
2731290.269296515
4036192.268608589
4035627.8134788573
6019960.54453853
5798346.382228472
4035627.8134788573
4033197.3061435944
7154265.19185247
7254128.730318855
4033197.3061435944
4029786.8518114677
5347233.062709396
5586756.66694915
4029786.8518114677
4027806.638511132
2176247.969787666
2711736.256959563
4027806.638511132
4028866.40328665
2161600.740894689
1433605.8810996923
4028866.40328665
4032076.1172900046
4666188.264678315
4376639.491026159
4032076.1172900046
4035049.906494861
6972965.984099861
6782498.952763234
4035049.906494861
4036170.8346004216
6504194.9195830915
6702555.091955844
