4036105.815301559
4035853.5375717147
1740862.0960313834
2376495.270875686
4035853.5375717147
4036090.3686472885
2356239.84734944
1713105.6561675859
4036090.3686472885
4036020.486284531
5131933.155658083
4870141.101475334
4036020.486284531
4034232.336503999
7180303.388103116
6995472.968409346
4034232.336503999
4030921.1787374206
6181996.205772627
6390351.442495079
4030921.1787374206
4028176.408637614
3295334.893866797
3671113.958561369
4028176.408637614
4028166.401668999
1708339.1665873448
1736066.5977353267
4028166.401668999
4030881.9144489183
3636021.5348675568
3256198.4025050737
4030881.9144489183
4034202.6159149893
6366078.901071377
6156901.6666055145
4034202.6159149893
4035997.2229057862
7008574.545973793
7193067.922039985
4035997.2229057862
4036105.815301559
4904609.921619942
5164659.121514555
6256678.103846202
4035930.0741836447
1713105.6561675859
1740860.4353459186
4035930.0741836447
4036202.819453162
3642042.618689382
3262951.32666259
4036202.819453162
4035382.6602958688
6372962.2914202595
6164027.7982349945
4035382.6602958688
4032653.985079553
7004444.789598845
7189049.3517542705
4032653.985079553
4029317.777656423
4896633.829406154
5157101.6863630265
4029317.777656423
4027773.2896418828
1736066.5977353267
2373030.580686863
4027773.2896418828
4029271.0982637475
2352824.4069533017
1708340.8748067524
4029271.0982637475
4032630.1681301226
5124382.4489546055
4862166.52806933
4032630.1681301226
4035360.9416280496
7176197.273316736
6991253.8364347685
4035360.9416280496
4036205.7521559396
6189073.470623305
6397189.978828078
4036205.7521559396
4035919.6404785877
3302127.9416972883
3677183.3965773443
7231914.468467085
4035851.906599135
1740860.4353459186
2376493.431432387
4035851.906599135
4036090.494520022
2356239.8474860056
1713105.5548425058
4036090.494520022
4036020.440626981
5131933.145259332
4870140.647974258
4036020.440626981
4034232.8178134207
7180303.138956693
6995472.959929014
4034232.8178134207
4030919.7399011264
6181995.991689699
6390352.119954634
4030919.7399011264
4028176.78145849
3295336.1781296306
3671113.7912170724
4028176.78145849
4028167.777148428
1708340.8748067524
1736066.579853407
4028167.777148428
4030880.2299845335
3636021.8166432963
3256198.848593705
4030880.2299845335
4034203.6738316054
6366077.74365528
6156901.511344332
4034203.6738316054
4035996.3429087955
7008573.798895275
7193067.671287818
4035996.3429087955
4036108.072900172
4904608.374340037
5164658.264543709
6024770.496745579
4035929.821585197
1713105.5548425058
1740860.4188087387
4035929.821585197
4036204.099296512
3642042.013247681
3262950.046136251
4036204.099296512
4035382.4759546104
6372962.651564442
6164028.01586798
4035382.4759546104
4032653.607278773
7004444.992102269
7189049.301652855
4032653.607278773
4029317.4759775656
4896633.504183276
5157100.880443829
4029317.4759775656
4027772.2606972675
1736066.579853407
2373030.336522514
4027772.2606972675
4029272.784642495
2352823.436197628
1708339.7428989077
4029272.784642495
4032629.255861423
5124383.217454627
4862166.696321263
4032629.255861423
4035360.387502076
7176197.28409871
6991253.897171518
4035360.387502076
4036204.735180898
6189073.079897254
6397190.097589752
4036204.735180898
4035920.5356893837
3302128.498446409
3677185.241289971
6875826.502857257
4035853.3182586366
1740860.4188087387
2376493.5756516103
4035853.3182586366
4036089.124279897
2356241.2647254593
1713107.043603203
4036089.124279897
4036021.285732341
5131932.614571473
4870139.768385904
4036021.285732341
4034232.322936339
7180302.729808916
6995471.945022259
4034232.322936339
4030920.2728465325
6181995.619765997
6390351.1852603145
4030920.2728465325
4028175.1626166264
3295336.4272443554
3671113.406466644
4028175.1626166264
4028168.7105897604
1708339.7428989077
1736066.5216619906
4028168.7105897604
4030880.005959066
3636022.195114962
3256198.8436157284
4030880.005959066
4034202.899225013
6366077.938033683
6156899.862626239
4034202.899225013
4035996.502021651
7008573.626609224
7193066.490206839
4035996.502021651
4036107.7977174954
4904609.193783671
5164656.528425138
5667939.812223155
4035929.907531432
1713107.043603203
1740862.0960313834
4035929.907531432
4036202.8117030947
3642042.391685049
3262951.0085244277
4036202.8117030947
4035382.446841405
6372961.0068653915
6164027.792392523
4035382.446841405
4032654.658940361
7004443.820785337
7189050.312411198
4032654.658940361
4029317.370435686
4896633.098355742
5157100.713699931
4029317.370435686
4027772.8610805
1736066.5216619906
2373031.992620655
4027772.8610805
4029271.826059607
2352824.1988701643
1708339.1665873448
4029271.826059607
4032629.9242632203
5124381.731718316
4862166.858859192
4032629.9242632203
4035360.4960013023
7176195.987582364
6991254.371049373
4035360.4960013023
4036205.5635544476
6189072.07454549
6397190.820738684
4036205.5635544476
4035920.1186882094
3302126.873053591
3677185.1467370605
