4035908.8255996048
4035958.697865191
1954481.1290906838
1545088.270859316
4035958.697865191
4036183.8610727102
3923967.019584215
3574876.7437592037
4036183.8610727102
4035208.0727158547
6559599.269752458
6356790.605068002
4035208.0727158547
4032345.7261569225
6890936.905608766
7078496.453814546
4032345.7261569225
4029062.015559817
4616819.784777496
4892188.884988322
4029062.015559817
4027776.9060155335
1540509.6043305362
2233938.1672559367
4027776.9060155335
4029552.843371535
2533308.7658295636
1949424.498720111
4029552.843371535
4032941.1222010753
5381267.059149772
5132175.789204699
4032941.1222010753
4035523.2714757505
7270730.852706614
7088248.404863697
4035523.2714757505
4036187.218671807
5982130.361201309
6197187.518739893
4036187.218671807
4035908.8255996048
2989382.060981965
3399107.918246115
5534176.771514876
4036133.5421464085
2537158.549813292
1954480.7275405899
4036133.5421464085
4035939.0281239734
5388868.299098609
5140161.819108054
4035939.0281239734
4033968.804858839
7274145.651191092
7091753.9328521
4033968.804858839
4030587.5609062184
5974717.710194903
6190040.864366491
4030587.5609062184
4028052.073465159
2982969.0110328263
3393499.6754640704
4028052.073465159
4028326.1799678775
1949424.498720111
1540508.615318574
4028326.1799678775
4031190.7255076556
3917522.740416189
3567775.94964078
4031190.7255076556
4034456.466271003
6553087.109677786
6350062.918649306
4034456.466271003
4036076.349595149
6895739.337575574
7083167.244537575
4036076.349595149
4036075.4596640677
4624717.956632585
4899624.433896736
4036075.4596640677
4035842.247962174
1545088.270859316
2237047.721321459
3917780.5368638686
4035958.8748159534
1954480.7275405899
1545087.6821008108
4035958.8748159534
4036183.889101863
3923967.3266739994
3574876.5865677097
4036183.889101863
4035207.5627141227
6559598.776020204
6356790.840100002
4035207.5627141227
4032346.5816789917
6890936.577830855
7078496.196407961
4032346.5816789917
4029062.0389716015
4616819.943979307
4892189.04681173
4029062.0389716015
4027775.9627432614
1540508.615318574
2233938.111451984
4027775.9627432614
4029552.4574459307
2533308.8298987243
1949423.5696524258
4029552.4574459307
4032942.657431554
5381265.784617794
5132176.093305709
4032942.657431554
4035523.6367101893
7270731.114219295
7088248.246517248
4035523.6367101893
4036186.487372445
5982128.665515689
6197186.025533699
4036186.487372445
4035908.2962799887
2989382.812541176
3399107.769222248
1493173.5953210322
4036133.8955879277
2537158.58739349
1954480.5871601636
4036133.8955879277
4035937.6210174817
5388868.213525391
5140161.787849612
4035937.6210174817
4033968.8436636054
7274145.517228522
7091753.4771346785
4033968.8436636054
4030588.842909165
5974718.305990208
6190042.40734518
4030588.842909165
4028052.497191214
2982968.9947184855
3393499.521585189
4028052.497191214
4028326.2931010076
1949423.5696524258
1540508.84925419
4028326.2931010076
4031190.2833626224
3917522.59252438
3567775.447426379
4031190.2833626224
4034455.3999142675
6553087.5722287465
6350063.537786585
4034455.3999142675
4036076.2771909214
6895739.8063373985
7083167.7900342615
4036076.2771909214
4036076.772521596
4624717.85057323
4899626.002914371
4036076.772521596
4035841.7746713674
1545087.6821008108
2237047.5110720857
3213539.9783097696
4035958.402476712
1954480.5871601636
1545087.4508636538
4035958.402476712
4036185.200836953
3923966.7771264166
3574875.604634864
4036185.200836953
4035206.409715315
6559599.217418366
6356790.229177795
4035206.409715315
4032346.159074512
6890936.788699702
7078494.40113681
4032346.159074512
4029062.501449719
4616820.468525588
4892189.097063124
4029062.501449719
4027775.3166504605
1540508.84925419
2233937.657994238
4027775.3166504605
4029553.2370152054
2533308.010542392
1949423.6479535992
4029553.2370152054
4032942.809468505
5381265.866294682
5132174.110963598
4032942.809468505
4035523.2561303233
7270731.199629069
7088247.006622681
4035523.2561303233
4036186.7891484955
5982129.650657949
6197185.811822147
4036186.7891484955
4035908.183820267
2989382.4946243027
3399108.1307349443
4858791.987126513
4036133.3234479264
2537158.891168334
1954481.1290906838
4036133.3234479264
4035938.9654210266
5388867.152519796
5140161.400662276
4035938.9654210266
4033968.538325174
7274144.56615683
7091754.48643209
4033968.538325174
4030587.9977960237
5974716.200594578
6190042.24846753
4030587.9977960237
4028052.051893223
2982968.678240432
3393498.9511532127
4028052.051893223
4028325.6111780214
1949423.6479535992
1540509.6043305362
4028325.6111780214
4031191.138064034
3917521.394598914
3567775.312166607
4031191.138064034
4034455.1292975578
6553086.339751391
6350063.521652049
4034455.1292975578
4036076.530837854
6895738.888368427
7083168.269693127
4036076.530837854
4036076.9586415417
4624717.568447269
4899626.061473371
4036076.9586415417
4035841.7830064353
1545087.4508636538
2237047.381345421
