4036121.2355628796
4036046.8911613254
4385645.283671595
4674620.062257211
4036046.8911613254
4035848.0606573764
1438472.9259990654
2164780.1688627214
4035848.0606573764
4036156.9062681957
2715036.8748026066
2180407.6628906676
4036156.9062681957
4035859.2078618114
5593323.865237597
5354108.202434592
4035859.2078618114
4033738.2056462215
7252838.565540289
7156853.189013064
4033738.2056462215
4030331.587371755
5791657.263777456
6013528.896691242
4030331.587371755
4027957.2616624134
2726496.779646652
3170397.5644961065
4027957.2616624134
4028476.280676138
2161859.387784044
1433996.0623442386
4028476.280676138
4031474.699877139
4151077.9509611004
3822743.142160119
4031474.699877139
4034637.8939987794
6695722.527412202
6497146.512755029
4034637.8939987794
4036121.2355628796
6788401.101184848
6978704.804403286
7865939.49894021
4035888.5645693685
2732579.501768424
3175596.9291743673
4035888.5645693685
4035984.330288957
2164780.1688627214
1438474.2694066516
4035984.330288957
4036182.970183726
4157829.9049312673
3830099.489402046
4036182.970183726
4035035.5202780897
6701870.720902325
6503489.574668938
4035035.5202780897
4032078.559957685
6783077.896010639
6973533.269880863
4032078.559957685
4028863.843923945
4377867.180209349
4667341.304330744
4028863.843923945
4027806.1306010312
1433996.0623442386
2161859.1313578486
4027806.1306010312
4029790.535350432
2710778.9523717565
2175055.981916572
4029790.535350432
4033195.2824953464
5585738.922816525
5346171.905948874
4033195.2824953464
4035640.9126043916
7254271.008199523
7153965.129803033
4035640.9126043916
4036180.9181743553
5799289.311805438
6020869.364503457
11057575.539271504
4036047.067504854
4385645.083666933
4674619.344937148
4036047.067504854
4035848.565310677
1438474.2694066516
2164780.835346697
4035848.565310677
4036156.2036928465
2715035.771966504
2180407.5354385013
4036156.2036928465
4035858.799432447
5593323.14140553
5354108.090663955
4035858.799432447
4033739.0614957744
7252838.245146727
7156852.753735975
4033739.0614957744
4030330.528638323
5791657.018005351
6013528.1077754125
4030330.528638323
4027957.533325827
2726497.5070412164
3170398.212468033
4027957.533325827
4028477.0383594288
2161859.1313578486
1433996.2759024275
4028477.0383594288
4031475.178889717
4151077.884675036
3822742.7954723677
4031475.178889717
4034635.924882424
6695722.80581634
6497147.357095146
4034635.924882424
4036121.6671175268
6788401.396154586
6978705.396743665
11278188.892628457
4035889.6513905083
2732579.549579533
3175597.9925733916
4035889.6513905083
4035983.442740079
2164780.835346697
1438474.7373144063
4035983.442740079
4036185.8452273663
4157828.2458256152
3830098.189322795
4036185.8452273663
4035035.426993997
6701871.414359036
6503490.549109319
4035035.426993997
4032077.57290169
6783077.235872229
6973532.265122221
4032077.57290169
4028863.486597058
4377867.052313714
4667340.939512395
4028863.486597058
4027805.6369598177
1433996.2759024275
2161859.352440271
4027805.6369598177
4029789.891654391
2710777.899183248
2175055.656514894
4029789.891654391
4033195.5310034696
5585738.263103939
5346171.284533683
4033195.5310034696
4035642.5060930336
7254271.648490598
7153965.145950365
4035642.5060930336
4036179.379304645
5799289.01402246
6020868.679130765
10827908.175303781
4036046.595488059
4385645.976780398
4674619.211986002
4036046.595488059
4035848.8700358006
1438474.7373144063
2164781.9766993783
4035848.8700358006
4036157.185933751
2715035.6634631027
2180406.178808657
4036157.185933751
4035859.298270777
5593323.999688558
5354107.897578964
4035859.298270777
4033738.0763476407
7252838.004863162
7156852.069234266
4033738.0763476407
4030330.8932151743
5791657.005339028
6013528.000879758
4030330.8932151743
4027957.419649503
2726496.9622838674
3170397.9979120526
4027957.419649503
4028476.7428236175
2161859.352440271
1433995.9740146915
4028476.7428236175
4031476.2117799707
4151078.613396286
3822742.235345594
4031476.2117799707
4034635.5321926847
6695723.228273711
6497145.853734366
4034635.5321926847
4036121.612746097
6788401.146843669
6978704.655255092
7406014.925567315
4035889.3660121984
2732579.4707562146
3175597.696118938
4035889.3660121984
4035984.578626571
2164781.9766993783
1438472.9259990654
4035984.578626571
4036182.770685584
4157829.6530678137
3830099.252743873
4036182.770685584
4035035.6934989044
6701869.541094743
6503490.311479442
4035035.6934989044
4032078.777784216
6783077.231318085
6973533.505135746
4032078.777784216
4028863.902842932
4377866.84116414
4667341.319767318
4028863.902842932
4027806.308932417
1433995.9740146915
2161859.387784044
4027806.308932417
4029789.7562094624
2710778.9981250893
2175056.0980860717
4029789.7562094624
4033195.3731835415
5585737.5793614425
5346171.472981258
4033195.3731835415
4035641.539425067
7254270.159926022
7153965.661196481
4035641.539425067
4036179.9784546974
5799288.727812699
6020869.433370042
