4035875.853033093
4036012.3509460636
2136339.9497153857
1395310.4047248657
4036012.3509460636
4036147.620389708
4394612.273861677
4085900.487412804
4036147.620389708
4034874.67372086
6835033.123504755
6640623.1224417295
4034874.67372086
4031802.74558752
6660553.694446636
6854406.817070102
4031802.74558752
4028679.6065685325
4128495.187407731
4434263.821561404
4028679.6065685325
4027859.233223835
1390870.4750794778
2133494.6248032753
4027859.233223835
4030033.8629693454
2911184.844826276
2420222.827152989
4030033.8629693454
4033449.847209427
5785679.493219728
5554729.686417736
4033449.847209427
4035747.8918593926
7218275.11525844
7207240.256949359
4035747.8918593926
4036164.2365792403
5602781.393216005
5831817.935736107
4036164.2365792403
4035875.853033093
2475962.710645567
2957657.189750049
5494229.785977492
4036175.0539357495
2915870.789268105
2425899.8167797322
4036175.0539357495
4035766.3390485123
5793189.380197937
5562563.755647407
4035766.3390485123
4033496.9718915047
7216171.419307532
7209477.079954658
4033496.9718915047
4030073.0319609246
5594978.124068089
5824334.929118474
4030073.0319609246
4027882.955440492
2470218.2998288264
2952885.2492450657
4027882.955440492
4028643.086812705
2133494.6248032753
1390869.5543874141
4028643.086812705
4031736.9968363163
4387589.445101924
4078323.9135774747
4031736.9968363163
4034840.9419903215
6829300.275026719
6634716.400450926
4034840.9419903215
4036152.1791550154
6666364.6435702415
6860047.517754116
4036152.1791550154
4036022.5722955363
4136105.9567739367
4441331.345220425
4036022.5722955363
4035857.472754702
1395310.4047248657
2136340.5705799884
3205238.6317869388
4036012.0681134537
2136340.5705799884
1395312.347323228
4036012.0681134537
4036147.69446441
4394611.86466988
4085900.7322527235
4036147.69446441
4034874.9788560905
6835032.899781376
6640623.976869067
4034874.9788560905
4031803.1214367193
6660553.741729155
6854406.4549127035
4031803.1214367193
4028679.8467622004
4128494.9893691815
4434263.280196462
4028679.8467622004
4027858.943195965
1390869.5543874141
2133494.649829806
4027858.943195965
4030034.2015709514
2911185.3032098617
2420222.0147931743
4030034.2015709514
4033448.2885863264
5785679.542290987
5554729.698368729
4033448.2885863264
4035749.7897204803
7218274.82848976
7207239.910442305
4035749.7897204803
4036164.3354624943
5602780.694731759
5831818.2498878315
4036164.3354624943
4035875.378577223
2475959.613795591
2957654.8925109673
683943.4917558065
4036176.4815768013
2915870.8951710025
2425899.9661854105
4036176.4815768013
4035765.465082213
5793190.821116468
5562563.870610375
4035765.465082213
4033498.107484797
7216171.776749731
7209477.736255984
4033498.107484797
4030071.1981204036
5594976.67361724
5824333.760677128
4030071.1981204036
4027883.550551723
2470219.0109129935
2952885.9554217095
4027883.550551723
4028643.015747269
2133494.649829806
1390869.5962490293
4028643.015747269
4031737.118399247
4387589.058169912
4078324.3555259733
4031737.118399247
4034840.4955493845
6829300.241994042
6634716.479620347
4034840.4955493845
4036153.7513721082
6666365.115881492
6860047.88966379
4036153.7513721082
4036019.8909907285
4136106.116743971
4441329.9232521625
4036019.8909907285
4035858.6972373636
1395312.347323228
2136340.5370550933
2291633.2840803806
4036012.6452752054
2136340.5370550933
1395312.2433384422
4036012.6452752054
4036146.4546254138
4394611.676229191
4085900.2555781635
4036146.4546254138
4034875.279366985
6835031.908218135
6640621.468213462
4034875.279366985
4031803.39356358
6660553.770885551
6854405.686237972
4031803.39356358
4028679.7406115704
4128495.017003215
4434263.332924975
4028679.7406115704
4027860.0496965935
1390869.5962490293
2133495.381397816
4027860.0496965935
4030033.071429761
2911186.551508948
2420223.2356758695
4030033.071429761
4033448.680906925
5785679.57234989
5554728.541122672
4033448.680906925
4035749.91065272
7218275.02524877
7207238.657465902
4035749.91065272
4036164.176794445
5602780.078407161
5831816.679635217
4036164.176794445
4035874.948922507
2475960.573578357
2957654.0090632276
4813249.277462703
4036174.9170348523
2915870.928262448
2425900.0680082384
4036174.9170348523
4035766.8166392273
5793189.022087249
5562564.399214993
4035766.8166392273
4033496.4034404517
7216170.446291817
7209477.401413582
4033496.4034404517
4030073.083578168
5594977.488319495
5824335.1916376315
4030073.083578168
4027883.9094160106
2470218.218760228
2952885.7071736255
4027883.9094160106
4028643.205736028
2133495.381397816
1390870.4750794778
4028643.205736028
4031736.5862544267
4387589.13827246
4078324.3738845354
4031736.5862544267
4034840.320837601
6829298.700208845
6634716.622610777
4034840.320837601
4036154.2058838094
6666364.219819636
6860048.501276568
4036154.2058838094
4036020.27439629
4136104.9901730805
4441330.689888399
4036020.27439629
4035858.6202742923
1395312.2433384422
2136339.9497153857
