4035798.7125787134
4036170.107364003
5502017.0909768175
5735075.791234172
4036170.107364003
4035854.4182831077
2352164.6158900103
2854816.227248328
4035854.4182831077
4036027.428041577
2139823.288466969
1400636.109614117
4036027.428041577
4036145.39352115
4510595.482205126
4210390.684839777
4036145.39352115
4034783.527406822
6896362.788843102
6703727.835973192
4034783.527406822
4031655.369989812
6595385.837335976
6791094.637187755
4031655.369989812
4028591.893677197
4003341.697494322
4317975.467226724
4028591.893677197
4027904.5386477825
1396188.8922805516
2136966.4075668836
4027904.5386477825
4030163.416910985
3015880.4244709164
2545181.8625588794
4030163.416910985
4033553.5723920525
5881174.792565032
5654117.963845821
4033553.5723920525
4035798.7125787134
7195376.315551239
7228444.543412811
8474422.211406277
4036005.7249977803
4010852.4015746173
4324918.499413255
4036005.7249977803
4035877.361715418
1400636.109614117
2139823.1517723096
4035877.361715418
4036182.970829053
3020779.4004199323
2551026.8941413024
4036182.970829053
4035704.3750554714
5888623.984371107
5661878.485558045
4035704.3750554714
4033374.1240354986
7192947.189230518
7230353.709147006
4033374.1240354986
4029959.759071721
5494151.889665627
5727541.523586808
4029959.759071721
4027840.0660496494
2346591.0290907905
2850262.838417176
4027840.0660496494
4028735.5574202747
2136966.4075668836
1396188.9458957775
4028735.5574202747
4031882.9962416715
4503456.965951679
4202722.320952988
4031882.9962416715
4034930.193562769
6890851.243358605
6698052.286183551
4034930.193562769
4036155.5746204015
6601423.629656304
6796951.165862511
12112759.710007029
4036169.6598818633
5502017.939305806
5735075.75180091
4036169.6598818633
4035856.368161146
2352165.670586354
2854816.2186381468
4035856.368161146
4036027.0892453757
2139823.1517723096
1400637.9630177568
4036027.0892453757
4036145.393958967
4510594.61028121
4210390.998049257
4036145.393958967
4034783.5315390993
6896362.881652692
6703727.798043636
4034783.5315390993
4031656.028838103
6595385.842806668
6791094.2813260425
4031656.028838103
4028590.9654377103
4003340.374251978
4317974.679968268
4028590.9654377103
4027904.3727204045
1396188.9458957775
2136967.7497216268
4027904.3727204045
4030162.534608776
3015879.19469459
2545180.464769999
4030162.534608776
4033555.1161363674
5881174.196279239
5654118.086614398
4033555.1161363674
4035797.0980901383
7195375.712353379
7228443.7325673485
12921948.033250483
4036004.4946097834
4010852.1507803053
4324919.076143188
4036004.4946097834
4035878.791899224
1400637.9630177568
2139824.220499636
4035878.791899224
4036183.1180839613
3020779.8043652726
2551026.480812871
4036183.1180839613
4035702.5826697294
5888625.215148734
5661879.38078741
4035702.5826697294
4033376.273377414
7192947.274094511
7230352.441609192
4033376.273377414
4029959.1092074877
5494151.041403289
5727541.432884796
4029959.1092074877
4027840.5826425077
2346590.566040768
2850261.8106661877
4027840.5826425077
4028734.2275540545
2136967.7497216268
1396189.8326235719
4028734.2275540545
4031884.072999511
4503456.66835923
4202721.113364695
4031884.072999511
4034929.404334892
6890851.508087048
6698052.911118942
4034929.404334892
4036155.439711425
6601423.147751471
6796950.75815436
11903424.327007089
4036169.6723290486
5502018.005698985
5735075.462712977
4036169.6723290486
4035856.7512385035
2352166.5702284393
2854816.4041573834
4035856.7512385035
4036026.85140788
2139824.220499636
1400637.9119322514
4036026.85140788
4036145.650801968
4510595.419609197
4210389.971999066
4036145.650801968
4034782.3192291525
6896362.823813372
6703727.259873083
4034782.3192291525
4031656.479472193
6595386.552765007
6791094.046427512
4031656.479472193
4028591.4685554644
4003340.968431762
4317974.064094128
4028591.4685554644
4027904.603957811
1396189.8326235719
2136967.196187852
4027904.603957811
4030162.1913949694
3015879.7912796265
2545180.6874149367
4030162.1913949694
4033554.992694681
5881173.641767395
5654117.313261508
4033554.992694681
4035797.3317829417
7195376.040001291
7228442.533538064
8049237.687293346
4036004.9766551135
4010852.189798358
4324918.810819621
4036004.9766551135
4035878.2830537274
1400637.9119322514
2139823.288466969
4035878.2830537274
4036182.8969755173
3020779.6872477597
2551027.1242821733
4036182.8969755173
4035704.3901662133
5888623.250462137
5661879.6743294075
4035704.3901662133
4033374.1784798275
7192945.645888747
7230353.521347273
4033374.1784798275
4029959.924111429
5494150.874357381
5727541.706724071
4029959.924111429
4027840.3005410936
2346590.787649839
2850262.6233090293
4027840.3005410936
4028735.474198732
2136967.196187852
1396188.8922805516
4028735.474198732
4031883.7519365405
4503457.339740866
4202721.827662826
4031883.7519365405
4034929.4846891146
6890850.510731361
6698053.537330619
4034929.4846891146
4036155.0145272156
6601421.514181886
6796951.361037924
