4034527.275035775
4036093.9149148897
6858430.192996641
7046847.621606689
4036093.9149148897
4036052.3889567824
4539136.469357281
4818924.469677708
4036052.3889567824
4035857.186364882
1499986.5557255943
2206139.644749547
4035857.186364882
4036141.3157824352
2598812.955672437
2033870.7699939955
4036141.3157824352
4035912.265123734
5463579.3486746065
5218428.90050452
4035912.265123734
4033875.002250519
7268733.782654665
7116785.812805774
4033875.002250519
4030504.770162572
5909812.16076182
6127414.367768232
4030504.770162572
4028016.859773608
2890016.8808145016
3312081.2982112546
4028016.859773608
4028381.2223444553
2028711.363260301
1495452.0973706518
4028381.2223444553
4031286.6681799856
4001894.927055838
3660211.7743044384
4031286.6681799856
4034527.275035775
6605870.490764959
6404516.018523732
9004157.083291445
4036198.9380192575
5917309.5638926895
6134636.9638130795
4036198.9380192575
4035900.872809473
2896311.1671780506
3317542.454929001
4035900.872809473
4035967.707637495
2033870.7699939955
1499987.3965421969
4035967.707637495
4036180.4912856813
4008452.5094877873
3667408.1100178696
4036180.4912856813
4035150.7501686583
6612255.71966226
6411110.299833061
4035150.7501686583
4032248.880941425
6853435.461407166
7041990.915607729
4032248.880941425
4028976.807435644
4531278.882113001
4811540.545590197
4028976.807435644
4027798.423886243
1495452.0973706518
2203110.153118817
4027798.423886243
4029635.475401278
2594819.493589938
2028712.051016035
4029635.475401278
4033036.6677978197
5455976.35035036
5210454.047098374
4033036.6677978197
4035552.9935016194
7269739.659279655
7113501.26195812
12624735.17556777
4036094.2781135747
6858430.5044168485
7046847.605643282
4036094.2781135747
4036052.0715184775
4539137.686265166
4818924.691223352
4036052.0715184775
4035857.86341675
1499987.3965421969
2206140.9301964864
4035857.86341675
4036141.0743669076
2598813.090237385
2033870.1699660243
4036141.0743669076
4035911.864011806
5463579.059428404
5218428.911543938
4035911.864011806
4033875.237660888
7268732.963193585
7116786.275660702
4033875.237660888
4030505.0147660854
5909811.045974918
6127414.421804753
4030505.0147660854
4028016.319988941
2890017.0739776404
3312080.729543076
4028016.319988941
4028381.29097275
2028712.051016035
1495452.1634065334
4028381.29097275
4031286.7989942646
4001894.538570429
3660211.984094255
4031286.7989942646
4034526.6122367117
6605870.024817509
6404515.910171634
14284890.190311555
4036198.675317629
5917309.777395638
6134636.627985485
4036198.675317629
4035901.076120614
2896310.72196728
3317542.6838224046
4035901.076120614
4035967.6210259083
2033870.1699660243
1499986.9780151634
4035967.6210259083
4036180.5693327356
4008451.938434326
3667407.561571623
4036180.5693327356
4035151.664133379
6612255.926345963
6411110.348998864
4035151.664133379
4032248.6547493185
6853435.580881752
7041991.223911036
4032248.6547493185
4028976.2111967145
4531278.342293847
4811539.792571449
4028976.2111967145
4027797.7704613674
1495452.1634065334
2203111.199453067
4027797.7704613674
4029636.059367637
2594818.730876169
2028709.698763547
4029636.059367637
4033036.802775544
5455976.326790144
5210454.131673196
4033036.802775544
4035553.380474679
7269739.02230275
7113501.548616533
12423998.382856354
4036094.3777034394
6858430.663385623
7046846.536013345
4036094.3777034394
4036052.066822169
4539137.716236095
4818925.343643273
4036052.066822169
4035857.783351561
1499986.9780151634
2206140.045900206
4035857.783351561
4036140.7244780175
2598813.416998678
2033871.0171996758
4036140.7244780175
4035912.965562335
5463579.106381861
5218427.802835002
4035912.965562335
4033874.386271488
7268733.178938437
7116784.92590816
4033874.386271488
4030504.6149218353
5909810.9337146655
6127412.298426846
4030504.6149218353
4028016.3699319307
2890017.3672017474
3312080.879843009
4028016.3699319307
4028381.4014310506
2028709.698763547
1495451.600454807
4028381.4014310506
4031286.3979563685
4001894.9416333735
3660212.0073801097
4031286.3979563685
4034526.5548919276
6605870.359592006
6404514.870288205
8605065.519036505
4036198.701497317
5917309.179985581
6134637.139743133
4036198.701497317
4035901.1717086416
2896311.6443359475
3317542.6826496003
4035901.1717086416
4035967.9125478184
2033871.0171996758
1499986.5557255943
4035967.9125478184
4036180.5520183654
4008452.246154998
3667408.1050653406
4036180.5520183654
4035151.0197654003
6612254.664661152
6411110.59740421
4035151.0197654003
4032248.645894387
6853433.80957684
7041991.640608144
4032248.645894387
4028976.530883855
4531277.779871387
4811540.807806403
4028976.530883855
4027798.7340627434
1495451.600454807
2203111.1099184616
4027798.7340627434
4029636.0044727596
2594820.2779322695
2028711.363260301
4029636.0044727596
4033036.743198185
5455975.79047541
5210454.823011882
4033036.743198185
4035552.307947885
7269737.664807587
7113501.467771649
