4035852.47523925
4036106.9905516086
2378214.956607811
1743207.9869621482
4036106.9905516086
4035997.1231263983
5167376.339619252
4907470.970280335
4035997.1231263983
4034199.338470226
7194119.803628553
7009652.331315462
4034199.338470226
4030874.585094811
6154802.859667746
6364048.469553903
4030874.585094811
4028168.7690089983
3252944.6165048606
3633107.5406337795
4028168.7690089983
4028177.1948876423
1738409.039499236
1706071.5790689935
4028177.1948876423
4030923.1000813455
3674036.102342363
3298589.680299763
4030923.1000813455
4034235.938136102
6392359.233525987
6184070.4104504865
4034235.938136102
4036022.0292260237
6994368.241546916
7179226.726503081
4036022.0292260237
4036090.560677324
4867263.7920250045
5129201.316773792
4036090.560677324
4035852.47523925
1710830.3400881106
2354587.605020277
5592741.943388055
4036202.6878401903
3680115.601373511
3305390.279917056
4036202.6878401903
4035359.1190344817
6399196.732675358
6191146.962213042
4035359.1190344817
4032623.775313959
6990144.105411483
7175115.780232435
4032623.775313959
4029269.375840593
4859294.247387963
5121656.7193710655
4029269.375840593
4027775.2897298923
1706071.5790689935
2351177.9259151476
4027775.2897298923
4029317.914652439
2374746.6798807983
1738410.4710694137
4029317.914652439
4032658.798685584
5159813.463816899
4899491.931634373
4032658.798685584
4035386.0155036505
7190104.048066717
7005527.7805328835
4035386.0155036505
4036201.1350557893
6161929.934202274
6370933.2960326085
4036201.1350557893
4035932.7686852175
3259688.9124930142
3639120.3701623245
4035932.7686852175
4035920.6997223385
1743207.9869621482
1710832.2078424746
2640518.41620069
4036107.203946238
2378213.866013703
1743207.9715977935
4036107.203946238
4035997.2180757183
5167375.669549205
4907471.45243233
4035997.2180757183
4034199.080336486
7194119.291318848
7009652.526082842
4034199.080336486
4030875.5364982276
6154803.045142128
6364048.818064173
4030875.5364982276
4028167.715478632
3252944.3049985645
3633107.0338202906
4028167.715478632
4028177.7604252147
1738410.4710694137
1706072.9849563788
4028177.7604252147
4030922.2838670984
3674036.484102437
3298590.2363151954
4030922.2838670984
4034236.9349214584
6392359.162986089
6184070.621662567
4034236.9349214584
4036023.093529492
6994367.637429409
7179226.188444135
4036023.093529492
4036088.233824501
4867263.072884786
5129201.064421837
4036088.233824501
4035853.057013222
1710832.2078424746
2354588.196955189
2198996.7312975293
4036201.9858226017
3680116.7325099427
3305392.108414248
4036201.9858226017
4035359.5604990586
6399197.510728653
6191147.400285209
4035359.5604990586
4032624.1790504185
6990144.267900999
7175116.065017019
4032624.1790504185
4029269.1548019443
4859294.731259025
5121657.488518237
4029269.1548019443
4027775.854688695
1706072.9849563788
2351178.193277701
4027775.854688695
4029317.51120974
2374745.7410034514
1738410.7122910966
4029317.51120974
4032658.4750124766
5159812.695977439
4899490.854387703
4032658.4750124766
4035386.7531274185
7190104.264114486
7005528.102687432
4035386.7531274185
4036202.3671925236
6161929.807673109
6370933.262516458
4036202.3671925236
4035931.493633463
3259688.4727189685
3639119.075466672
4035931.493633463
4035920.8714606767
1743207.9715977935
1710831.8704424263
1396600.0998697134
4036107.599247547
2378212.500302433
1743205.4350293975
4036107.599247547
4035997.365721241
5167375.538239786
4907469.029012654
4035997.365721241
4034199.4715862772
7194119.002901913
7009651.022999617
4034199.4715862772
4030876.3705176427
6154803.119082434
6364048.524655019
4030876.3705176427
4028166.901971378
3252944.4234471014
3633106.6756618354
4028166.901971378
4028178.880756135
1738410.7122910966
1706072.6791059398
4028178.880756135
4030921.6316505787
3674036.0241950583
3298589.9300492355
4030921.6316505787
4034237.261366732
6392359.280633804
6184069.4846735755
4034237.261366732
4036023.214553645
6994368.0463752495
7179225.446549555
4036023.214553645
4036088.6879048278
4867262.2617957415
5129200.074706788
4036088.6879048278
4035851.5841837246
1710831.8704424263
2354588.7939623673
4925384.850387074
4036203.294054258
3680114.26217086
3305391.088384113
4036203.294054258
4035359.280375188
6399195.614583916
6191148.063166174
4035359.280375188
4032623.3478118996
6990143.034031826
7175116.231978352
4032623.3478118996
4029269.3718946273
4859293.640629758
5121657.215994035
4029269.3718946273
4027775.039119671
1706072.6791059398
2351179.168253061
4027775.039119671
4029318.9971601823
2374745.5396537227
1738409.039499236
4029318.9971601823
4032657.8616548525
5159813.435203054
4899491.122887764
4032657.8616548525
4035386.591978379
7190102.951218753
7005528.340654651
4035386.591978379
4036202.620024421
6161929.200844821
6370934.028548554
4036202.620024421
4035931.2671247264
3259687.8130236547
3639119.225391848
4035931.2671247264
4035920.6251945635
1743205.4350293975
1710830.3400881106
