4035853.1490045455
4036097.9934500903
2331653.705443514
1679136.8630967538
4036097.9934500903
4036018.071557035
5090291.522691657
4826241.656645974
4036018.071557035
4034275.54309668
7163717.1738121975
6978448.543880592
4034275.54309668
4030969.170636745
6213415.096683949
6420754.630431
4030969.170636745
4028212.676040152
3344882.28116039
3715655.2668388286
4028212.676040152
4028135.0106802797
1674411.8263224927
1772323.3265981162
4028135.0106802797
4030827.803482055
3591678.9874806157
3206610.5116493236
4030827.803482055
4034159.0434729704
6334990.623640987
6124754.26238221
4034159.0434729704
4036002.142348764
7024746.5918425685
7208827.924297176
4036002.142348764
4036097.72898351
4947997.30083953
5205882.03877491
4036097.72898351
4035853.1490045455
1777161.7167470562
2403217.42361697
5573098.3817572305
4036203.7782762144
3597625.633577417
3213301.830339997
4036203.7782762144
4035408.2191795046
6341926.716616089
6131937.865508375
4035408.2191795046
4032716.5396419005
7020727.834760913
7204915.775099166
4032716.5396419005
4029347.3870170186
4940019.280045673
5198314.708623051
4029347.3870170186
4027776.083064314
1772323.3265981162
2399688.2040939
4027776.083064314
4029241.6755289156
2328303.1009465884
1674412.5858826023
4029241.6755289156
4032562.8868603013
5082755.773104552
4818277.234652672
4032562.8868603013
4035338.499622415
7159504.200034028
6974119.81856573
4035338.499622415
4036202.128215927
6220432.241109967
6427536.926069241
4036202.128215927
4035938.414824194
3351732.7048267303
3721795.6660117013
4035938.414824194
4035912.603101814
1679136.8630967538
1777160.2759483492
2644093.0017517465
4036097.5516585093
2331655.3988353894
1679137.1830270821
4036097.5516585093
4036018.2132348507
5090290.809097655
4826241.345445821
4036018.2132348507
4034275.268116939
7163716.672335296
6978448.612737921
4034275.268116939
4030970.167647447
6213415.701103429
6420754.817590562
4030970.167647447
4028212.0093492316
3344882.7155594663
3715655.2836737293
4028212.0093492316
4028135.022500229
1674412.5858826023
1772323.461525003
4028135.022500229
4030827.876144989
3591677.8932784367
3206611.019751504
4030827.876144989
4034160.5431596753
6334990.0976098785
6124754.184819717
4034160.5431596753
4036000.911930016
7024745.326993534
7208827.5445469385
4036000.911930016
4036097.6236968325
4947997.669118768
5205881.036344575
4036097.6236968325
4035853.3038191446
1777160.2759483492
2403217.462200967
1989579.9542514463
4036205.8704397012
3597625.1713017793
3213300.5567745343
4036205.8704397012
4035406.0300513827
6341927.39269527
6131937.953965027
4035406.0300513827
4032718.8449290637
7020728.063636271
7204916.203875204
4032718.8449290637
4029345.873177901
4940017.993182676
5198312.788482633
4029345.873177901
4027775.279797424
1772323.461525003
2399687.413177248
4027775.279797424
4029242.0116060623
2328302.242358146
1674412.5789620036
4029242.0116060623
4032564.787709296
5082756.35267758
4818276.790629824
4032564.787709296
4035336.5044699977
7159504.459055871
6974119.890883737
4035336.5044699977
4036201.6165093766
6220432.695774156
6427537.604773355
4036201.6165093766
4035939.7319098823
3351732.8007213767
3721797.166776363
4035939.7319098823
4035911.1569238496
1679137.1830270821
1777160.4614785686
1403346.1572743622
4036097.3222595416
2331655.8364374004
1679138.6673207823
4036097.3222595416
4036018.3379554898
5090291.352914023
4826241.363046409
4036018.3379554898
4034275.2015885385
7163716.515277188
6978447.023027772
4034275.2015885385
4030969.9543687296
6213415.10547856
6420753.334508334
4030969.9543687296
4028211.2911718627
3344881.3845737325
3715654.666454211
4028211.2911718627
4028135.7163887434
1674412.5789620036
1772323.7909788187
4028135.7163887434
4030827.1787459147
3591678.304239255
3206610.160277794
4030827.1787459147
4034160.910922958
6334989.4075377975
6124752.3851318825
4034160.910922958
4036000.882861636
7024745.4652632475
7208825.602628368
4036000.882861636
4036097.807069135
4947998.780589918
5205881.566023106
4036097.807069135
4035853.8099696026
1777160.4614785686
2403216.5478119827
4903071.809491478
4036203.496958698
3597626.2971551204
3213302.771381666
4036203.496958698
4035408.126374316
6341925.708939603
6131938.440700113
4035408.126374316
4032717.4057815177
7020725.894066365
7204915.946651792
4032717.4057815177
4029346.8468115274
4940018.04202465
5198313.564504817
4029346.8468115274
4027775.611771372
1772323.7909788187
2399688.4967652443
4027775.611771372
4029241.6964653535
2328302.461897059
1674411.8263224927
4029241.6964653535
4032564.626997982
5082754.959354723
4818277.769858943
4032564.626997982
4035336.5444298526
7159503.211327583
6974120.1177792605
4035336.5444298526
4036201.0766702006
6220430.822970948
6427537.764649802
4036201.0766702006
4035940.2296581864
3351733.3468496194
3721796.54181576
4035940.2296581864
4035912.062325581
1679138.6673207823
1777161.7167470562
