4035951.523517104
4036131.4060410154
5100338.377035127
5350893.441221449
4036131.4060410154
4035840.131378313
1915613.9746687778
2507339.330682408
4035840.131378313
4036080.4633540586
2254580.1643214184
1570361.482739822
4036080.4633540586
4036067.8199355784
4939996.682276473
4667464.202216666
4036067.8199355784
4034416.2074748576
7100846.1906355405
6913896.619485695
4034416.2074748576
4031143.1491617393
6322086.940242183
6525979.325479093
4031143.1491617393
4028300.0271058627
3521115.0959742786
3875073.8934529363
4028300.0271058627
4028070.1915802024
1565752.4836915177
1910612.0554563464
4028070.1915802024
4030652.219575
3434786.75733191
3029852.738198596
4030652.219575
4033994.9750249675
6221096.858255501
6006882.415518984
4033994.9750249675
4035951.523517104
7078502.719532279
7261225.083261366
8263990.697587634
4035955.551479503
3528162.8393456703
3881454.8551239697
4035955.551479503
4035910.8928641924
1570361.482739822
1915616.988927515
4035910.8928641924
4036201.687208567
3440471.390876851
3036330.599135225
4036201.687208567
4035485.9940685816
6228202.364253175
6014251.494524025
4035485.9940685816
4032894.687961683
7074888.5533080995
7257706.829964786
4032894.687961683
4029510.529159555
5092353.062944548
5343297.450212766
4029510.529159555
4027770.595288474
1910612.0554563464
2503563.5473185205
4027770.595288474
4029101.274443075
2251421.0214975965
1565752.2533223846
4029101.274443075
4032394.375122439
4932533.332893528
4659546.101836781
4032394.375122439
4035236.7021858734
7096265.784219463
6909188.648488375
4035236.7021858734
4036185.4138916926
6328874.302908985
6532547.961758176
11772889.613424724
4036129.179446882
5100338.703287732
5350893.8862142125
4036129.179446882
4035841.672085402
1915616.988927515
2507340.599916791
4035841.672085402
4036080.450316073
2254578.681108894
1570361.7651339134
4036080.450316073
4036067.297504481
4939996.584963312
4667464.429868933
4036067.297504481
4034416.2802184517
7100845.611937224
6913897.065038487
4034416.2802184517
4031143.272353817
6322086.750913069
6525979.787294225
4031143.272353817
4028300.5294156577
3521114.920147053
3875073.895522373
4028300.5294156577
4028070.5272263535
1565752.2533223846
1910612.195147057
4028070.5272263535
4030650.513352636
3434787.774464667
3029853.7765601026
4030650.513352636
4033995.1973143723
6221096.257817019
6006880.935710404
4033995.1973143723
4035953.4030926246
7078502.0128850555
7261225.441490239
12364601.241809053
4035954.5737323137
3528162.8216908043
3881453.946356543
4035954.5737323137
4035911.908240515
1570361.7651339134
1915617.035440686
4035911.908240515
4036199.4338572007
3440471.518717929
3036329.5011399095
4036199.4338572007
4035488.1693947627
6228201.704950508
6014250.074308388
4035488.1693947627
4032894.482885869
7074888.814096352
7257707.158531088
4032894.482885869
4029510.366081153
5092353.328883001
5343297.814704232
4029510.366081153
4027770.581740063
1910612.195147057
2503563.8731605005
4027770.581740063
4029101.3412768417
2251420.4763891078
1565752.0383783735
4029101.3412768417
4032395.1421382227
4932532.641303385
4659546.408733281
4032395.1421382227
4035236.319118701
7096265.755549095
6909188.281379679
4035236.319118701
4036186.1961912643
6328874.438669345
6532547.990910297
11557415.882384103
4036129.051867202
5100337.896702406
5350893.122709376
4036129.051867202
4035842.6729469784
1915617.035440686
2507341.7128382013
4035842.6729469784
4036080.363085226
2254579.958564767
1570361.6671748045
4036080.363085226
4036067.139967961
4939996.725971469
4667464.467038612
4036067.139967961
4034416.4029436465
7100845.943824509
6913895.744004798
4034416.4029436465
4031142.2671562117
6322086.772343574
6525977.826326148
4031142.2671562117
4028300.7124528172
3521115.309757458
3875073.164158779
4028300.7124528172
4028070.060487342
1565752.0383783735
1910612.119020327
4028070.060487342
4030650.8593855496
3434786.93530756
3029852.739457764
4030650.8593855496
4033995.237958743
6221096.058127837
6006880.230021768
4033995.237958743
4035953.5705907145
7078502.392989421
7261224.448452186
7827424.161707527
4035954.083199415
3528162.483360119
3881453.6628423
4035954.083199415
4035911.36204334
1570361.6671748045
1915613.9746687778
4035911.36204334
4036201.8548748577
3440472.161243379
3036330.1262243707
4036201.8548748577
4035486.0509734764
6228202.175374757
6014251.878349628
4035486.0509734764
4032894.9662527377
7074887.24884975
7257707.342951215
4032894.9662527377
4029510.663790006
5092352.465189505
5343297.680721327
4029510.663790006
4027770.4655138967
1910612.119020327
2503563.3344760947
4027770.4655138967
4029101.2863702388
2251420.5554872667
1565752.4836915177
4029101.2863702388
4032394.651800125
4932531.789553603
4659546.385842651
4032394.651800125
4035236.683230559
7096264.492103438
6909188.7664814005
4035236.683230559
4036185.795427411
6328873.162677927
6532548.713773254
