4035928.4159698505
4035934.0378615772
1738980.7452753843
1714922.005205767
4035934.0378615772
4036190.2286336357
3674846.544807828
3299521.726227492
4036190.2286336357
4035363.9181343303
6395579.072971278
6187407.464994128
4035363.9181343303
4032629.1152678817
6992146.586545522
7177067.519522691
4032629.1152678817
4029286.6491472158
4864479.572249824
5126575.947340833
4029286.6491472158
4027763.374313571
1710158.899781474
2354141.755174517
4027763.374313571
4029312.4866025103
2371656.3981368197
1734187.8228614414
4029312.4866025103
4032665.812484536
5154915.790691275
4894334.569261641
4032665.812484536
4035382.0544822644
7188202.994916749
7003575.292992484
4035382.0544822644
4036191.6260836967
6165703.073230147
6374580.6243505385
4036191.6260836967
4035928.4159698505
3265569.0997890015
3644387.7283061296
5583988.625522849
4036107.008798074
2375117.3584983516
1738980.3059816135
4036107.008798074
4036010.481620015
5162476.952603681
4902314.531775374
4036010.481620015
4034203.0784057123
7192230.151368167
7007713.164192994
4034203.0784057123
4030869.6376748257
6158582.6165707
6367703.696624632
4030869.6376748257
4028170.1807385236
3258817.789369842
3638369.3662757
4028170.1807385236
4028185.7345229466
1734187.8228614414
1710158.970207485
4028185.7345229466
4030903.6951395087
3668773.066268157
3292727.3215221413
4030903.6951395087
4034234.9193045604
6388733.970109884
6180323.164934121
4034234.9193045604
4036017.888393077
6996356.54401837
7181165.777157218
4036017.888393077
4036104.6045421674
4872449.715863094
5134124.342624316
4036104.6045421674
4035840.0156429294
1714922.005205767
2357558.0931193405
4349182.805888053
4035933.3296697307
1738980.3059816135
1714921.494486537
4035933.3296697307
4036190.491543929
3674846.925352206
3299521.604299473
4036190.491543929
4035363.4114941093
6395579.157933771
6187407.689331474
4035363.4114941093
4032628.7531815707
6992146.632400292
7177067.916660851
4032628.7531815707
4029286.8869617726
4864480.417436407
5126576.726878589
4029286.8869617726
4027763.1641259296
1710158.970207485
2354143.0451728473
4027763.1641259296
4029313.9594221986
2371656.1861391687
1734186.2223923916
4029313.9594221986
4032665.1273886007
5154916.870863921
4894334.445169248
4032665.1273886007
4035383.422101331
7188202.656571262
7003575.059650048
4035383.422101331
4036189.1771069677
6165701.995167573
6374580.182287157
4036189.1771069677
4035930.4737848598
3265570.053240884
3644389.7154097436
2108172.811854305
4036108.2175125475
2375117.165922735
1738982.051902887
4036108.2175125475
4036009.46830712
5162477.826559957
4902313.702544274
4036009.46830712
4034201.604150206
7192230.042515534
7007712.450137889
4034201.604150206
4030871.6332703675
6158582.955728186
6367703.865826301
4030871.6332703675
4028170.1755286055
3258818.441443765
3638369.1787246605
4028170.1755286055
4028184.390620431
1734186.2223923916
1710158.8094441788
4028184.390620431
4030904.738718654
3668773.061109748
3292726.921727619
4030904.738718654
4034233.966545645
6388733.058030175
6180323.735519099
4034233.966545645
4036018.29588924
6996357.241818014
7181166.1299383985
4036018.29588924
4036105.414182956
4872449.781025832
5134124.5500915
4036105.414182956
4035839.516480462
1714921.494486537
2357555.8785100277
3727345.19363329
4035934.460735356
1738982.051902887
1714921.7962411398
4035934.460735356
4036190.673451659
3674846.997887863
3299522.3381366055
4036190.673451659
4035362.3780669915
6395578.038084193
6187407.533447543
4035362.3780669915
4032629.894319635
6992146.2811586475
7177066.780015918
4032629.894319635
4029286.009046423
4864478.999969365
5126574.83762483
4029286.009046423
4027762.6544915806
1710158.8094441788
2354142.272646445
4027762.6544915806
4029314.250316237
2371655.7080185697
1734186.5960551847
4029314.250316237
4032665.414834163
5154916.502715339
4894333.647500684
4032665.414834163
4035383.0419802004
7188202.799912524
7003573.811527893
4035383.0419802004
4036189.4220557567
6165702.338839062
6374579.05169588
4036189.4220557567
4035929.7177476306
3265569.1173427855
3644388.267289403
4915445.211163942
4036106.8639798467
2375116.3490640633
1738980.7452753843
4036106.8639798467
4036011.0291063315
5162476.754068642
4902313.878351078
4036011.0291063315
4034203.0162418545
7192229.766155517
7007713.385411843
4034203.0162418545
4030870.1661883527
6158581.377479671
6367702.951593773
4030870.1661883527
4028170.2273762394
3258816.9607046074
3638370.201034474
4028170.2273762394
4028184.768283181
1734186.5960551847
1710158.899781474
4028184.768283181
4030904.7312463936
3668772.46410042
3292727.112915021
4030904.7312463936
4034233.3410803876
6388732.438908148
6180323.237282006
4034233.3410803876
4036018.7034426406
6996356.119424914
7181166.469855045
4036018.7034426406
4036105.641718957
4872448.5412534755
5134124.295484564
4036105.641718957
4035838.968358554
1714921.7962411398
2357556.524908695
