4033614.063171563
4035812.9724783497
7185737.34902287
7235649.136174439
4035812.9724783497
4036155.461647468
5462902.708039498
5697557.945814115
4036155.461647468
4035867.482087901
2305583.750054284
2816560.53799317
4035867.482087901
4036031.144648497
2144219.0820160494
1407342.2397341514
4036031.144648497
4036139.2724720375
4554679.457635399
4257581.509465607
4036139.2724720375
4034736.87560883
6919000.612252634
6727011.6568279
4034736.87560883
4031614.098683596
6569700.342318276
6766150.392014865
4031614.098683596
4028561.162508656
3955227.5864191805
4273401.605606607
4028561.162508656
4027919.993949211
1402889.6600478666
2141352.2894060425
4027919.993949211
4030195.6275885743
3056690.541859253
2593406.661561566
4030195.6275885743
4033614.063171563
5917046.036484971
5691420.55668219
8976307.03368215
4036173.0740735554
6575820.032445923
6772086.773587687
4036173.0740735554
4035999.06432672
3962697.0569782136
4280292.623146832
4035999.06432672
4035880.4616148584
1407342.2397341514
2144218.9039236554
4035880.4616148584
4036173.632294124
3061670.3356932877
2599316.941855999
4036173.632294124
4035696.606984002
5924471.500903847
5699150.401572926
4035696.606984002
4033325.491974357
7183184.79387013
7237433.161469766
4033325.491974357
4029901.1597481947
5455014.146887399
5690007.6138306735
4029901.1597481947
4027844.9401268503
2300070.512346157
2812087.4011961627
4027844.9401268503
4028765.793503867
2141352.2894060425
1402889.810217322
4028765.793503867
4031939.6702921246
4547499.402233491
4249879.040066063
4031939.6702921246
4034947.8906603702
6913578.831533582
6721428.705468931
12252911.718991846
4035814.1475989744
7185736.412641969
7235649.830751412
4035814.1475989744
4036154.1808106992
5462900.045454641
5697556.9594663335
4036154.1808106992
4035867.915007324
2305582.9251201176
2816559.157690422
4035867.915007324
4036030.036683259
2144218.9039236554
1407344.5467262538
4036030.036683259
4036140.1837358023
4554678.369555949
4257582.069507616
4036140.1837358023
4034736.964604454
6919000.94997404
6727011.61336197
4034736.964604454
4031613.3456947636
6569698.828672264
6766150.302661615
4031613.3456947636
4028560.9997638813
3955227.4536373895
4273400.984717552
4028560.9997638813
4027919.5364534343
1402889.810217322
2141352.4974707575
4027919.5364534343
4030194.729205692
3056690.4218889414
2593406.84902425
4030194.729205692
4033616.0644079857
5917045.0718417475
5691419.905307298
14215914.523237707
4036172.961978521
6575820.260557062
6772087.1725168675
4036172.961978521
4035998.773578438
3962697.104176292
4280293.659586126
4035998.773578438
4035881.649565394
1407344.5467262538
2144220.6801497615
4035881.649565394
4036172.891365834
3061669.3421113472
2599314.684013756
4036172.891365834
4035695.47510831
5924472.221014169
5699151.450462184
4035695.47510831
4033326.02706285
7183185.233589638
7237432.748805459
4033326.02706285
4029902.2050170577
5455014.440004009
5690008.139550288
4029902.2050170577
4027844.9261789485
2300069.8431303124
2812087.374344851
4027844.9261789485
4028765.893855303
2141352.4974707575
1402889.4822344903
4028765.893855303
4031939.529764283
4547499.995366446
4249878.947493556
4031939.529764283
4034947.683187269
6913579.261042774
6721428.672112434
12045987.239048926
4035814.017683065
7185736.379729897
7235647.952213346
4035814.017683065
4036153.994500167
5462900.675050856
5697555.108765381
4036153.994500167
4035868.66779091
2305583.7515876675
2816559.2302267607
4035868.66779091
4036029.608597585
2144220.6801497615
1407344.3281953626
4036029.608597585
4036139.6037394465
4554679.1360568935
4257580.605816975
4036139.6037394465
4034736.613975958
6919000.8722267
6727010.254541167
4034736.613975958
4031614.7356505804
6569699.485428989
6766149.669290976
4031614.7356505804
4028561.5228800457
3955227.208345466
4273400.419632241
4028561.5228800457
4027919.3477423536
1402889.4822344903
2141350.6949767927
4027919.3477423536
4030193.9154366613
3056690.723329429
2593407.6833540904
4030193.9154366613
4033615.8021811214
5917045.07800229
5691418.775809102
8575893.606065303
4036172.6056939373
6575818.564999783
6772087.787791946
4036172.6056939373
4035998.7295944868
3962695.7462328044
4280293.771829471
4035998.7295944868
4035881.3388963058
1407344.3281953626
2144219.0820160494
4035881.3388963058
4036173.484984041
3061670.7452103435
2599315.6737424
4036173.484984041
4035696.6862882073
5924470.263871592
5699151.328603409
4035696.6862882073
4033325.2458632006
7183183.4876434365
7237432.92761513
4033325.2458632006
4029901.2486264766
5455013.456279033
5690008.066440921
4029901.2486264766
4027844.871093648
2300070.9039915996
2812087.6343007
4027844.871093648
4028766.5484450734
2141350.6949767927
1402889.6600478666
4028766.5484450734
4031938.838193373
4547499.569751083
4249879.347942785
4031938.838193373
4034948.452459941
6913577.095988573
6721429.4995912565
