4035982.597056528
4035891.648883804
1443436.6158023272
2165625.3700956684
4035891.648883804
4036180.404392747
3189469.972776242
2748688.56575346
4036180.404392747
4035632.7918747743
6032282.5415026145
5811136.674117423
4035632.7918747743
4033178.834796031
7150210.618411827
7256046.442745545
4033178.834796031
4029773.9240517267
5332926.792940731
5573062.941787013
4029773.9240517267
4027804.6089052036
2160299.745478427
2698952.8208351764
4027804.6089052036
4028875.7370231245
2165148.709631699
1438950.2834578103
4028875.7370231245
4032098.1474869647
4681664.694686386
4393133.752660676
4032098.1474869647
4035059.579558604
6980514.827280838
6790254.989029453
4035059.579558604
4036169.7285987036
6494570.923406882
6693213.430464802
4036169.7285987036
4035982.597056528
3814088.0638634562
4143087.1138671124
5738506.817462414
4036048.3108502654
2168081.7521897526
1443435.2211844753
4036048.3108502654
4036117.9378066952
4688959.042061325
4400926.450246481
4036117.9378066952
4034637.271565105
6985658.931289197
6795549.387438823
4034637.271565105
4031444.5546795125
6488204.717959497
6687044.725893738
4031444.5546795125
4028466.9968980444
3806752.209076147
4136356.0028422927
4028466.9968980444
4027962.29157289
1438950.2834578103
2160299.6221671933
4027962.29157289
4030346.5367469336
3184240.661162981
2742580.2793769035
4030346.5367469336
4033756.1328459256
6024948.0600459045
5803513.061666562
4033756.1328459256
4035864.4306018753
7153134.336004105
7254652.585253621
4035864.4306018753
4036156.3501700377
5340864.618777084
5580645.649430607
4036156.3501700377
4035847.3154065222
2165625.3700956684
2703177.471653481
5265066.653936776
4035889.873030273
1443435.2211844753
2165626.3566423887
4035889.873030273
4036181.005741024
3189470.62254841
2748687.7738576173
4036181.005741024
4035632.6643923037
6032283.1886735605
5811136.46381527
4035632.6643923037
4033179.4659538227
7150210.493078438
7256046.036233915
4033179.4659538227
4029772.9098255336
5332926.24711155
5573062.797611945
4029772.9098255336
4027804.7954758494
2160299.6221671933
2698953.4323974545
4027804.7954758494
4028876.84543005
2165148.8241693038
1438949.5519945596
4028876.84543005
4032095.895156354
4681665.716135577
4393134.281870649
4032095.895156354
4035061.164034415
6980514.241559197
6790254.661679224
4035061.164034415
4036169.9937474495
6494569.492222059
6693213.0373423435
4036169.9937474495
4035984.1014816635
3814088.1827310477
4143086.0926597808
3382428.7822195073
4036047.8039736203
2168080.2536951755
1443435.0354976903
4036047.8039736203
4036119.560082714
4688957.875194944
4400925.863452588
4036119.560082714
4034637.9896929916
6985658.542599436
6795548.88421646
4034637.9896929916
4031442.6404844364
6488204.393413994
6687044.072788864
4031442.6404844364
4028467.4866634225
3806752.1269509885
4136356.3598044007
4028467.4866634225
4027961.872343653
1438949.5519945596
2160299.3778969836
4027961.872343653
4030345.7288006865
3184241.479521158
2742580.171400265
4030345.7288006865
4033756.177536417
6024947.604102215
5803511.856268878
4033756.177536417
4035864.3419624423
7153134.879863782
7254652.644245054
4035864.3419624423
4036156.431838061
5340864.634594953
5580646.931957768
4036156.431838061
4035847.8214565828
2165626.3566423887
2703178.1147809206
4764271.593791067
4035890.0393604785
1443435.0354976903
2165627.018207292
4035890.0393604785
4036179.5238727033
3189471.1276668436
2748688.4695914863
4036179.5238727033
4035635.0368223996
6032281.99632918
5811134.823062556
4035635.0368223996
4033178.6732419133
7150210.4643006325
7256044.620153043
4033178.6732419133
4029772.572182585
5332926.339139708
5573061.888822559
4029772.572182585
4027804.38326348
2160299.3778969836
2698952.4741477943
4027804.38326348
4028877.3093591663
2165148.4546498554
1438950.4311712105
4028877.3093591663
4032096.040622928
4681665.516739118
4393134.546659594
4032096.040622928
4035060.7485597567
6980514.4263822455
6790253.541022403
4035060.7485597567
4036170.204323652
6494570.4149942
6693211.526292624
4036170.204323652
4035984.0049588704
3814089.319759674
4143087.0102524473
5090273.413259026
4036048.0575160575
2168080.4634480313
1443436.6158023272
4036048.0575160575
4036117.747883733
4688958.201260361
4400926.299555867
4036117.747883733
4034637.704515741
6985656.863816783
6795548.760946369
4034637.704515741
4031443.854745412
6488203.487500627
6687045.284654583
4031443.854745412
4028467.1637299317
3806751.854328526
4136356.177394587
4028467.1637299317
4027962.5700866436
1438950.4311712105
2160299.745478427
4027962.5700866436
4030345.648480932
3184241.0330041316
2742580.7288389546
4030345.648480932
4033756.205301603
6024947.286054976
5803512.054643836
4033756.205301603
4035864.251435992
7153133.399433282
7254652.446315168
4035864.251435992
4036155.936880637
5340863.152016945
5580647.047564576
4036155.936880637
4035848.6044820277
2165627.018207292
2703178.0839464855
