4035985.0793229486
4035889.6979678934
1434319.1210255588
2162023.0630193767
4035889.6979678934
4036178.5863564373
3163417.98335255
2718415.2832379024
4036178.5863564373
4035646.924848694
6010793.061261024
5788827.765640953
4035646.924848694
4033208.0881858626
7157232.262274381
7252666.668583046
4033208.0881858626
4029801.984025917
5357807.531687259
5596877.315481734
4029801.984025917
4027809.2333237473
2188104.525213161
2721261.1464755866
4027809.2333237473
4028854.357555197
2159106.2734396467
1429842.1714795788
4028854.357555197
4032062.912599742
4654712.731276835
4364401.35709034
4032062.912599742
4035041.198352216
6967343.9753346825
6776715.673481616
4035041.198352216
4036169.516541403
6511290.945242579
6709439.650805726
4036169.516541403
4035985.0793229486
3844178.63109268
4170805.1226713974
5749074.209324329
4036045.217682028
2162023.0630193767
1434319.523646198
4036045.217682028
4036122.2805865905
4661984.086148082
4372175.969069628
4036122.2805865905
4034659.630432814
6972545.993655259
6782069.899517
4034659.630432814
4031476.1501683537
6504973.128961374
6703316.840461689
4031476.1501683537
4028485.6382691474
3836814.1243794393
4164041.238907557
4028485.6382691474
4027952.6326592127
1429842.1714795788
2159106.120888124
4027952.6326592127
4030314.6990449224
3158236.687757407
2712347.400028401
4030314.6990449224
4033728.937931334
6003438.375171918
5781179.228533833
4033728.937931334
4035854.1852595815
7160082.022758157
7251194.085808793
4035854.1852595815
4036159.7626774027
5365736.67660565
5604456.456117419
4036159.7626774027
4035848.583802536
2193467.0924923643
2725535.187095847
5317041.1165560605
4035888.3397469902
1434319.523646198
2162021.8300220165
4035888.3397469902
4036179.3015361694
3163416.480359674
2718415.009223194
4036179.3015361694
4035646.3724099775
6010793.375463264
5788827.724728054
4035646.3724099775
4033208.657183276
7157232.120737239
7252667.019984368
4033208.657183276
4029801.187506277
5357807.519031117
5596877.273562464
4029801.187506277
4027809.857418142
2188104.873329137
2721261.1923123817
4027809.857418142
4028853.7495255047
2159106.120888124
1429843.0076379124
4028853.7495255047
4032064.774428803
4654711.070748368
4364400.99015168
4032064.774428803
4035041.161714848
6967344.392941557
6776715.885118366
4035041.161714848
4036168.069292201
6511290.564137713
6709439.660151623
4036168.069292201
4035986.5325732706
3844178.697659417
4170805.0063846954
3453449.0309893955
4036046.1633393415
2162021.8300220165
1434319.2655840805
4036046.1633393415
4036121.2010903177
4661985.150913698
4372176.484687064
4036121.2010903177
4034660.931316286
6972545.38178847
6782068.906278368
4034660.931316286
4031475.566060851
6504972.871621711
6703315.793073148
4031475.566060851
4028485.223646317
3836813.8715031673
4164040.8162760907
4028485.223646317
4027953.035907747
1429843.0076379124
2159105.989515742
4027953.035907747
4030315.894692838
3158236.026229439
2712347.5976910954
4030315.894692838
4033727.8109666146
6003439.145916655
5781180.483263226
4033727.8109666146
4035854.2763833124
7160082.415023172
7251194.598423462
4035854.2763833124
4036158.879014551
5365736.849035253
5604455.688428086
4036158.879014551
4035849.1083853096
2193468.3385257768
2725535.7441065484
4821645.157474362
4035888.7504217434
1434319.2655840805
2162021.277963452
4035888.7504217434
4036178.933985748
3163417.470361118
2718414.7013687384
4036178.933985748
4035645.900885651
6010793.197128638
5788827.440092464
4035645.900885651
4033208.8113132943
7157231.81649653
7252665.614716882
4033208.8113132943
4029801.2143691173
5357807.142520813
5596876.693787607
4029801.2143691173
4027809.403650874
2188104.8833387475
2721260.797840199
4027809.403650874
4028854.6616597967
2159105.989515742
1429842.8436057558
4028854.6616597967
4032063.8205217524
4654711.956060977
4364400.160272554
4032063.8205217524
4035041.88358689
6967344.672003664
6776714.735980792
4035041.88358689
4036167.6504568895
6511290.247463125
6709438.262920558
4036167.6504568895
4035986.966137624
3844178.7902088235
4170804.8711980567
5102180.358183309
4036045.714020928
2162021.277963452
1434319.1210255588
4036045.714020928
4036122.0883644726
4661983.863065512
4372176.21730765
4036122.0883644726
4034660.2970048958
6972544.996213671
6782069.815887218
4034660.2970048958
4031476.265950273
6504972.152210255
6703316.8925323235
4031476.265950273
4028484.930040594
3836813.597269505
4164040.73991048
4028484.930040594
4027953.03353225
1429842.8436057558
2159106.2734396467
4027953.03353225
4030315.404552074
3158235.6764133256
2712347.269384116
4030315.404552074
4033728.375920014
6003437.681567924
5781180.21471546
4033728.375920014
4035854.333331528
7160081.094197236
7251195.113276511
4035854.333331528
4036158.9320457266
5365735.999797698
5604455.9687366625
4036158.9320457266
4035848.884588482
2193468.705291917
2725536.150799967
