4034104.5798767377
4035983.3366883155
7045494.5927551435
7229048.433204703
4035983.3366883155
4036106.900118789
5005218.169520729
5260299.277171694
4036106.900118789
4035853.817858167
1827202.8811581105
2440458.5482942224
4035853.817858167
4036090.364323608
2300952.0938950805
1636237.0007391865
4036090.364323608
4036045.6620296543
5034596.854931303
4767469.070622686
4036045.6620296543
4034316.291987873
7140970.34850806
6955096.167441942
4034316.291987873
4031037.3803954804
6254533.623169807
6460555.461655803
4031037.3803954804
4028244.242019034
3410652.720021684
3774974.78153084
4028244.242019034
4028119.96587649
1631558.316301177
1822308.606110169
4028119.96587649
4030745.8104092767
3532974.299434154
3140717.418003643
4030745.8104092767
4034104.5798767377
6293094.27788548
6081412.586292991
9014165.426353257
4036202.240084187
6261467.926790743
6467261.95239856
4036202.240084187
4035944.4278024784
3417577.9955385346
3781207.3743930263
4035944.4278024784
4035920.208271846
1636237.0007391865
1827203.7766306764
4035920.208271846
4036191.014767059
3538823.2251805295
3147328.963089585
4036191.014767059
4035442.295014265
6300097.973798084
6088669.857288911
4035442.295014265
4032782.267051798
7041624.81119949
7225281.754720639
4032782.267051798
4029402.3909415137
4997233.514893341
5252718.853827442
4029402.3909415137
4027779.814454174
1822308.606110169
2436842.044796259
4027779.814454174
4029187.4752560183
2297676.342981467
1631558.5762250845
4029187.4752560183
4032511.732587009
5027084.990934048
4759519.016667278
4032511.732587009
4035284.4789262176
7136619.573346296
6950625.319225991
12493627.066213507
4035982.200857466
7045493.965568262
7229047.900448505
4035982.200857466
4036106.3838009867
5005218.161489111
5260299.939628905
4036106.3838009867
4035854.0234406283
1827203.7766306764
2440458.4914212395
4035854.0234406283
4036090.5743044764
2300951.6510572997
1636237.234711025
4036090.5743044764
4036045.5831377665
5034596.940750148
4767469.120491812
4036045.5831377665
4034316.2134207995
7140970.157902546
6955096.045815491
4034316.2134207995
4031037.5808096235
6254533.103532854
6460555.659281295
4031037.5808096235
4028244.685312931
3410653.9638465
3774975.1304605305
4028244.685312931
4028119.1127341073
1631558.5762250845
1822307.9627284633
4028119.1127341073
4030747.1090955604
3532973.631754234
3140718.172769531
4030747.1090955604
4034105.070254231
6293094.648277072
6081413.243419382
14310705.885947129
4036202.1550041707
6261467.826739004
6467261.562344142
4036202.1550041707
4035943.706252282
3417577.6143776486
3781206.468771624
4035943.706252282
4035920.1131002335
1636237.234711025
1827203.7900227325
4035920.1131002335
4036191.7442749483
3538823.806124735
3147329.1573252827
4036191.7442749483
4035442.971267618
6300098.015292021
6088670.103485016
4035442.971267618
4032781.476942713
7041625.021287829
7225280.727728533
4032781.476942713
4029402.580665615
4997232.887485615
5252718.277158725
4029402.580665615
4027779.250074948
1822307.9627284633
2436841.366228665
4027779.250074948
4029187.5838330844
2297676.087154557
1631558.6294660182
4029187.5838330844
4032511.9325277787
5027085.649773292
4759519.567059707
4032511.9325277787
4035284.7581109884
7136619.366189334
6950625.406292824
12290751.018629942
4035982.110030369
7045493.631929588
7229046.37093213
4035982.110030369
4036106.590825704
5005217.528821438
5260298.966011527
4036106.590825704
4035853.95004583
1827203.7900227325
2440458.987944167
4035853.95004583
4036090.547516729
2300951.548490924
1636236.7012735638
4036090.547516729
4036045.8562473715
5034597.036093615
4767468.727007789
4036045.8562473715
4034314.468019706
7140970.382833674
6955095.064951209
4034314.468019706
4031039.0578866797
6254533.070261986
6460554.980573475
4031039.0578866797
4028244.324613223
3410653.24749735
3774974.6605909574
4028244.324613223
4028118.640195476
1631558.6294660182
1822308.8921650245
4028118.640195476
4030747.112735146
3532972.938694156
3140716.317282323
4030747.112735146
4034105.7977702445
6293094.208193501
6081411.554801928
8615523.683775313
4036201.429999592
6261466.0553619275
6467261.533561037
4036201.429999592
4035943.570102098
3417576.9100075723
3781206.5315784747
4035943.570102098
4035920.2601803476
1636236.7012735638
1827202.8811581105
4035920.2601803476
4036190.961888137
3538823.041944761
3147329.441431557
4036190.961888137
4035442.768746372
6300096.74725607
6088669.836484748
4035442.768746372
4032782.3166665244
7041623.74555461
7225282.3062441815
4032782.3166665244
4029402.163018786
4997231.86752702
5252718.360268823
4029402.163018786
4027779.0898703444
1822308.8921650245
2436841.6409757286
4027779.0898703444
4029187.9042431237
2297675.2876441833
1631558.316301177
4029187.9042431237
4032511.2423453173
5027083.934938963
4759519.707759469
4032511.2423453173
4035286.1216397034
7136617.809953126
6950625.042027216
