4035609.9807543885
4036197.2792935385
5847847.602152337
6067656.12280779
4036197.2792935385
4035880.021081934
2799055.0454399395
3232975.988593564
4035880.021081934
4035978.7484907396
2119914.5007392284
1460529.4618508
4035978.7484907396
4036186.871851836
4097046.119745166
3764032.4870346207
4036186.871851836
4035090.313223475
6665938.496895803
6466458.780879541
4035090.313223475
4032137.0703162584
6812336.208449961
7001995.492802407
4032137.0703162584
4028913.601355531
4440636.1129570445
4726271.548615026
4028913.601355531
4027809.4277765844
1456029.5845703457
2176537.408592028
4027809.4277765844
4029728.3473711237
2662550.0773250842
2114642.975602804
4029728.3473711237
4033115.9969935003
5533297.392179061
5291357.633196179
4033115.9969935003
4035609.9807543885
7261235.87953494
7138141.200579061
8643706.963252453
4036054.318080318
4448451.16412673
4733597.438673678
4036054.318080318
4035859.976953758
1460529.4618508
2179498.426933613
4035859.976953758
4036150.227604417
2666697.5076648174
2119914.3152287873
4036150.227604417
4035869.516183989
5540890.33531175
5299310.855406127
4035869.516183989
4033799.8853344535
7259975.654343565
7141191.919089912
4033799.8853344535
4030406.0460379138
5840265.144510216
6060360.170556324
4030406.0460379138
4027968.7694173474
2792887.252480531
3227672.2631716826
4027968.7694173474
4028437.6345752035
2114642.975602804
1456028.974064422
4028437.6345752035
4031401.2867768537
4090369.98783343
3756739.0217369515
4031401.2867768537
4034602.413377111
6659689.796864261
6460010.078683741
4034602.413377111
4036097.9661361887
6817526.30100279
7007041.040305542
12358862.979337232
4036195.157008428
5847846.332398327
6067656.067303079
4036195.157008428
4035881.3970841686
2799056.415836287
3232978.1565031344
4035881.3970841686
4035978.498177382
2119914.3152287873
1460528.3099507927
4035978.498177382
4036186.6912413905
4097045.73301427
3764032.448414611
4036186.6912413905
4035090.422539484
6665938.047298684
6466458.334318085
4035090.422539484
4032137.090841011
6812335.395626988
7001995.6499672355
4032137.090841011
4028914.437558797
4440637.056237997
4726272.291284819
4028914.437558797
4027808.674254219
1456028.974064422
2176536.828740959
4027808.674254219
4029728.215043277
2662549.8388059563
2114642.53663312
4029728.215043277
4033116.2461685836
5533297.153011241
5291357.388863734
4033116.2461685836
4035611.1073781378
7261236.095895632
7138140.715994172
13363156.539134892
4036054.360738584
4448450.619964087
4733596.988168907
4036054.360738584
4035860.544937737
1460528.3099507927
2179499.6543104295
4035860.544937737
4036148.4877720177
2666699.067164087
2119914.2623129757
4036148.4877720177
4035869.1223450946
5540890.163467289
5299311.307390261
4035869.1223450946
4033799.441744513
7259976.134909503
7141192.263140281
4033799.441744513
4030407.797932278
5840265.784863222
6060360.720730828
4030407.797932278
4027968.2779633496
2792887.6883045263
3227673.003077904
4027968.2779633496
4028438.498212606
2114642.53663312
1456027.907839188
4028438.498212606
4031401.7293827897
4090370.867757094
3756739.354180751
4031401.7293827897
4034602.2156955167
6659689.635328733
6460011.136224604
4034602.2156955167
4036097.689571185
6817526.898029124
7007040.108291381
12153756.163339263
4036195.0208700546
5847846.033466393
6067654.293308072
4036195.0208700546
4035882.435412193
2799055.3790241787
3232976.8880448393
4035882.435412193
4035977.1957677174
2119914.2623129757
1460527.857504854
4035977.1957677174
4036186.718130836
4097045.952501601
3764030.776225474
4036186.718130836
4035091.086008135
6665937.544418231
6466457.182851195
4035091.086008135
4032136.84698954
6812335.535061154
7001993.71772639
4032136.84698954
4028914.8061578856
4440636.446777541
4726271.500436886
4028914.8061578856
4027808.089848862
1456027.907839188
2176536.7809344577
4027808.089848862
4029727.7802338004
2662550.023306663
2114642.7702288083
4029727.7802338004
4033116.9981045136
5533296.831784528
5291355.764240596
4033116.9981045136
4035611.184583701
7261236.0803573225
7138139.583571662
8227245.476005966
4036054.697665589
4448449.1459266525
4733597.068813625
4036054.697665589
4035858.224564429
1460527.857504854
2179496.8487163
4035858.224564429
4036150.4200739115
2666697.9796079504
2119914.5007392284
4036150.4200739115
4035869.4063399597
5540888.549091975
5299311.270190988
4035869.4063399597
4033799.6505262814
7259974.163493432
7141192.2907959875
4033799.6505262814
4030406.8692200286
5840264.1086870525
6060360.417364696
4030406.8692200286
4027968.6572413095
2792886.3644800843
3227672.1145490664
4027968.6572413095
4028437.7161594504
2114642.7702288083
1456029.5845703457
4028437.7161594504
4031401.841827767
4090369.76328945
3756739.464631173
4031401.841827767
4034601.6295305337
6659688.385702123
6460010.787767918
4034601.6295305337
4036098.55332982
6817525.462259515
7007040.817215424
