4034861.7296673213
4036160.2697984814
6650659.6144468
6844783.110248513
4036160.2697984814
4036000.5392420352
4105375.4992481996
4412724.303378452
4036000.5392420352
4035875.29399467
1394981.5664627862
2136130.2547141174
4035875.29399467
4036176.3561562877
2941394.9902963135
2456517.056191315
4036176.3561562877
4035754.702464454
5816896.808878585
5587246.772570198
4035754.702464454
4033454.557704029
7210765.170284166
7214932.54182566
4033454.557704029
4030053.7017656323
5570377.761531652
5800707.836255201
4030053.7017656323
4027876.1856609606
2439556.1860074825
2927279.5136353513
4027876.1856609606
4028666.9158449764
2133284.722146255
1390540.0981508272
4028666.9158449764
4031767.463615004
4416193.985968645
4109080.430655642
4031767.463615004
4034861.7296673213
6844731.61075196
6650597.723655034
8958510.787766242
4036178.7163737174
5578197.507252902
5808206.238811782
4036178.7163737174
4035871.6779876067
2445255.3633737825
2931994.0097463643
4035871.6779876067
4036015.908193039
2136130.2547141174
1394981.6943472659
4036015.908193039
4036144.894687798
4423244.780450034
4116680.2485306575
4036144.894687798
4034852.176627014
6850410.142487898
6656449.891322349
4034852.176627014
4031768.6631303714
6644789.858848059
6839087.134620933
4031768.6631303714
4028644.7178992545
4097790.170593799
4405687.884680829
4028644.7178992545
4027880.4694128293
1390540.0981508272
2133283.9404189363
4027880.4694128293
4030063.987277503
2936655.1867410364
2450797.8973379675
4030063.987277503
4033481.238028502
5809399.010271784
5579428.362635964
4033481.238028502
4035745.625580298
7212948.602635608
7212776.524851737
12661775.003595864
4036158.1523202537
6650659.018767434
6844783.509547581
4036158.1523202537
4036002.2255563466
4105375.3149193656
4412724.143643306
4036002.2255563466
4035874.652637312
1394981.6943472659
2136128.347140496
4035874.652637312
4036176.601284299
2941394.5982862236
2456516.8722410854
4036176.601284299
4035754.2456829012
5816896.820671147
5587246.56553938
4035754.2456829012
4033455.946155054
7210765.498371459
7214932.949247162
4033455.946155054
4030052.6891099196
5570376.720861439
5800707.285478031
4030052.6891099196
4027876.0414499477
2439557.035023168
2927279.81269884
4027876.0414499477
4028667.4231183035
2133283.9404189363
1390539.7416220482
4028667.4231183035
4031768.7616549516
4416194.087246292
4109081.018280378
4031768.7616549516
4034861.3924245983
6844731.04533672
6650597.95518119
14169174.332952779
4036176.727592664
5578197.712200368
5808205.230460033
4036176.727592664
4035871.331651076
2445256.1296684877
2931995.01927557
4035871.331651076
4036016.0536803533
2136128.347140496
1394980.46122784
4036016.0536803533
4036144.2795883487
4423242.79157118
4116679.4167360673
4036144.2795883487
4034854.406777109
6850409.199788011
6656448.3060444705
4034854.406777109
4031767.0788760153
6644789.86377023
6839087.570630434
4031767.0788760153
4028645.281585831
4097790.0574766938
4405687.490890979
4028645.281585831
4027879.732808193
1390539.7416220482
2133284.2737697754
4027879.732808193
4030065.007720686
2936654.4705856508
2450796.4650916927
4030065.007720686
4033480.7734659
5809398.700614389
5579428.960959337
4033480.7734659
4035747.3278196645
7212949.063690729
7212775.735532256
12461636.164337996
4036158.13389945
6650657.746452858
6844780.999400109
4036158.13389945
4036002.547431559
4105376.283261853
4412723.438743116
4036002.547431559
4035873.48590388
1394980.46122784
2136129.1018741047
4035873.48590388
4036177.029559295
2941393.9994564014
2456515.2871906497
4036177.029559295
4035754.3622496594
5816896.061825404
5587245.651933062
4035754.3622496594
4033456.3029159717
7210765.725636152
7214931.28995426
4033456.3029159717
4030052.0947534754
5570376.854456992
5800705.670905493
4030052.0947534754
4027876.2851215056
2439556.9555647997
2927280.2011780892
4027876.2851215056
4028667.87000073
2133284.2737697754
1390539.6003742013
4028667.87000073
4031768.0353703774
4416194.281650594
4109080.475450161
4031768.0353703774
4034861.4581031776
6844731.149034306
6650596.6485227
8557311.397346
4036176.4487268957
5578195.461511027
5808205.549682463
4036176.4487268957
4035872.21225179
2445256.0110518015
2931995.154911306
4035872.21225179
4036016.7894673455
2136129.1018741047
1394981.5664627862
4036016.7894673455
4036144.449912411
4423243.304459181
4116679.5461752703
4036144.449912411
4034851.9010246242
6850408.904655818
6656449.873749355
4034851.9010246242
4031768.820974326
6644788.60532003
6839087.844164177
4031768.820974326
4028644.700155316
4097789.8688870175
4405687.678152478
4028644.700155316
4027880.3634243147
1390539.6003742013
2133284.722146255
4027880.3634243147
4030064.6341063306
2936655.318219548
2450797.486316744
4030064.6341063306
4033480.420037026
5809397.910642018
5579429.763028706
4033480.420037026
4035747.3462196486
7212947.106366193
7212776.574607952
