4035417.505457556
4036204.219589722
6121294.089437623
6331635.717988234
4036204.219589722
4035910.777386159
3196970.9307746976
3583046.172476278
4035910.777386159
4035940.0038359133
1789358.6371475046
1668274.5957813533
4035940.0038359133
4036201.3278669934
3736488.018432664
3368036.8799382043
4036201.3278669934
4035325.5036425753
6437432.714804407
6230657.625551811
4035325.5036425753
4032549.0673309583
6968384.553004762
7153917.241991562
4032549.0673309583
4029227.171422847
4803783.0282294005
5069017.133074006
4029227.171422847
4027776.2261871044
1663564.2030436674
2320513.701166289
4027776.2261871044
4029375.0199882505
2408700.702663296
1784504.5524562886
4029375.0199882505
4032721.6448452263
5211824.695643318
4954232.117252333
4032721.6448452263
4035417.505457556
7210030.909743327
7025976.93017621
8766542.762458006
4036097.226613448
4811740.467122072
5076543.720111468
4036097.226613448
4035851.658865225
1668274.5957813533
2323844.2675234284
4035851.658865225
4036113.5010754582
2412252.0702177677
1789358.514338335
4036113.5010754582
4035982.7163885455
5219399.603948269
4962216.002680796
4035982.7163885455
4034145.8125962988
7213909.754428924
7029960.100005498
4034145.8125962988
4030810.541907499
6114096.48454741
6324685.320842097
4030810.541907499
4028125.9342186777
3190303.408699648
3577125.505599254
4028125.9342186777
4028221.185980732
1784504.5524562886
1663564.2666143735
4028221.185980732
4030986.542635831
3730319.973788714
3361163.19033539
4030986.542635831
4034290.7514929203
6430665.74987927
6223657.147625938
4034290.7514929203
4036021.8844382125
6972745.395194663
7158160.200025117
12513995.680165527
4036203.74869522
6121295.2360401815
6331635.487983682
4036203.74869522
4035911.91906545
3196970.951365038
3583046.7367548672
4035911.91906545
4035939.653432848
1789358.514338335
1668275.102159591
4035939.653432848
4036201.5983820576
3736487.2801564992
3368037.447804563
4036201.5983820576
4035325.1516902265
6437432.61273288
6230658.193445938
4035325.1516902265
4032549.1040399387
6968384.622443833
7153917.0417433055
4032549.1040399387
4029227.7671850976
4803782.664662235
5069017.193655098
4029227.7671850976
4027775.865411572
1663564.2666143735
2320512.8518319903
4027775.865411572
4029375.3517813305
2408700.218789962
1784505.0871982947
4029375.3517813305
4032719.519703415
5211824.854688692
4954232.06664734
4032719.519703415
4035418.2627761224
7210030.515379454
7025976.247272306
13679721.109941231
4036097.0741148945
4811740.334560936
5076543.45622484
4036097.0741148945
4035852.233588519
1668275.102159591
2323845.151033156
4035852.233588519
4036114.837573145
2412252.110975227
1789358.026795932
4036114.837573145
4035981.330433289
5219401.270856193
4962217.290327697
4035981.330433289
4034147.4424992437
7213909.665254085
7029960.067534641
4034147.4424992437
4030809.6936445
6114095.489618658
6324685.159667373
4030809.6936445
4028125.5120939435
3190303.863985407
3577126.2105731256
4028125.5120939435
4028221.720751777
1784505.0871982947
1663564.6712607464
4028221.720751777
4030986.522312084
3730320.3800177663
3361163.792501118
4030986.522312084
4034289.7694885624
6430665.423627206
6223656.898227689
4034289.7694885624
4036022.2813767027
6972744.814090202
7158160.642727139
12311465.58466937
4036203.6642232495
6121295.066923537
6331635.601457538
4036203.6642232495
4035912.192275225
3196971.393761783
3583045.8492075
4035912.192275225
4035940.119100993
1789358.026795932
1668274.7934181793
4035940.119100993
4036201.687430368
3736487.556827518
3368037.366322805
4036201.687430368
4035325.3827651846
6437433.175782031
6230657.285303509
4035325.3827651846
4032548.46807662
6968384.634683715
7153915.584280704
4032548.46807662
4029227.7798049785
4803783.203393558
5069016.475704979
4029227.7798049785
4027776.1467574295
1663564.6712607464
2320512.9605857963
4027776.1467574295
4029374.912068624
2408700.314199327
1784505.023749872
4029374.912068624
4032719.4375788
5211824.480924657
4954230.964889338
4032719.4375788
4035418.228204908
7210030.112843866
7025974.656545471
8356177.540532607
4036097.3136164555
4811740.703066968
5076543.124239937
4036097.3136164555
4035852.2751976247
1668274.7934181793
2323844.5049764854
4035852.2751976247
4036113.4872142044
2412252.422290103
1789358.6371475046
4036113.4872142044
4035982.505508306
5219399.74948191
4962217.302141815
4035982.505508306
4034145.8831245936
7213908.142305853
7029960.113383803
4034145.8831245936
4030810.1746063554
6114095.190983057
6324685.83669372
4030810.1746063554
4028125.710261485
3190302.9190252107
3577126.7368382034
4028125.710261485
4028221.6866059946
1784505.023749872
1663564.2030436674
4028221.6866059946
4030987.094926037
3730319.2169206636
3361163.6229285845
4030987.094926037
4034289.36899874
6430664.565571812
6223657.040195432
4034289.36899874
4036022.117646277
6972743.845991718
7158160.880455036
