4036002.876755556
4035879.109888111
1402727.860062593
2141191.937416255
4035879.109888111
4036171.1426874506
3035254.6896966486
2568151.770575887
4036171.1426874506
4035710.5800763653
5901391.171117626
5675156.306414834
4035710.5800763653
4033356.654298664
7189535.8409509435
7232925.450159956
4033356.654298664
4029943.3252651915
5480288.833643874
5714243.687308316
4029943.3252651915
4027839.163510625
2330013.6465962087
2836628.906084182
4027839.163510625
4028742.9889433566
2138332.9896156625
1398278.9106530438
4028742.9889433566
4031904.6334457663
4519116.694428362
4219496.2837105775
4031904.6334457663
4034941.866971041
6898975.663651058
6706408.104820904
4034941.866971041
4036155.1564848004
6592376.490555917
6788164.140381216
4036155.1564848004
4036002.876755556
3993765.6548344158
4309076.761278507
5804791.12868407
4036028.7579733194
2141191.937416255
1402727.0139188478
4036028.7579733194
4036143.3007824784
4526270.16500669
4227177.97153582
4036143.3007824784
4034771.3318965486
6904455.367101018
6712050.536008319
4034771.3318965486
4031636.614786931
6586310.000283877
6782279.485451891
4031636.614786931
4028581.140706024
3986268.015272885
4302150.240832844
4028581.140706024
4027906.916662948
1398278.9106530438
2138332.897126857
4027906.916662948
4030166.3016090523
3030325.210773729
2562281.085487021
4030166.3016090523
4033587.917982918
5893948.200140975
5667404.997574451
4033587.917982918
4035799.9788084407
7192008.062852537
7231060.573473262
4035799.9788084407
4036171.708144148
5488162.731380761
5721784.385516509
4036171.708144148
4035853.979144733
2335565.662958387
2841152.8508614134
5577640.046313688
4035878.925179894
1402727.0139188478
2141192.7274181354
4035878.925179894
4036171.0062676976
3035255.823880769
2568151.8942800155
4036171.0062676976
4035710.903279139
5901390.391206293
5675155.930003559
4035710.903279139
4033356.089468267
7189535.256795054
7232925.092295563
4033356.089468267
4029944.264641281
5480287.981080379
5714243.754157998
4029944.264641281
4027838.4587662173
2330014.062459985
2836628.838512556
4027838.4587662173
4028744.019847425
2138332.897126857
1398278.1143710846
4028744.019847425
4031904.3060167707
4519116.108319005
4219495.61012642
4031904.3060167707
4034941.1119438414
6898976.113947997
6706408.6941371905
4034941.1119438414
4036155.177757679
6592376.8899952695
6788164.661157725
4036155.177757679
4036003.567213937
3993764.796832798
4309076.323714044
3807978.934259062
4036025.9941201485
2141192.7274181354
1402728.4853805124
4036025.9941201485
4036143.004353642
4526268.232423341
4227176.613914282
4036143.004353642
4034773.5990327303
6904454.508608609
6712050.218026137
4034773.5990327303
4031636.41654328
6586309.967121499
6782279.462927769
4031636.41654328
4028580.801995036
3986267.785351512
4302150.033475766
4028580.801995036
4027907.0791068175
1398278.1143710846
2138332.659382765
4027907.0791068175
4030165.5382656334
3030325.9454147783
2562282.710085006
4030165.5382656334
4033587.506673528
5893948.08087856
5667404.471786815
4033587.506673528
4035801.9074884704
7192008.472450386
7231060.328386227
4035801.9074884704
4036170.333049031
5488162.720022036
5721783.665469456
4036170.333049031
4035855.7762816977
2335566.024254653
2841153.4282404347
5107572.198622674
4035879.346408541
1402728.4853805124
2141191.6421967363
4035879.346408541
4036171.5782884606
3035255.188834257
2568153.0652538296
4036171.5782884606
4035710.419750979
5901391.341957364
5675155.595239426
4035710.419750979
4033355.4501935258
7189535.671311529
7232923.774619003
4033355.4501935258
4029944.9990561577
5480288.307780087
5714242.811966392
4029944.9990561577
4027837.9130245545
2330013.3792905235
2836628.8301282115
4027837.9130245545
4028744.227755173
2138332.659382765
1398277.8625259225
4028744.227755173
4031904.579365691
4519117.055451115
4219494.552019479
4031904.579365691
4034941.1097969958
6898975.970360062
6706407.546338732
4034941.1097969958
4036155.30984806
6592376.871639835
6788163.5540834
4036155.30984806
4036003.0987662007
3993765.1526291384
4309075.41164801
5164873.523388521
4036028.3821956143
2141191.6421967363
1402727.860062593
4036028.3821956143
4036142.9733033343
4526269.366288671
4227177.579195232
4036142.9733033343
4034771.389001389
6904453.720542853
6712051.212849939
4034771.389001389
4031637.0655037086
6586309.247920208
6782280.305169173
4031637.0655037086
4028581.4731657077
3986266.7380033997
4302150.364643628
4028581.4731657077
4027906.6340470673
1398277.8625259225
2138332.9896156625
4027906.6340470673
4030165.2287400854
3030324.730631222
2562282.66987398
4030165.2287400854
4033587.884772114
5893946.764034664
5667404.1237913435
4033587.884772114
4035801.017486174
7192006.739789089
7231060.905141668
4035801.017486174
4036170.9927498503
5488162.171402748
5721784.193397603
4036170.9927498503
4035854.906288242
2335565.641524072
2841153.5504988497
