4035953.9609717117
4035912.948392017
1580257.520277233
1901246.937602629
4035912.948392017
4036189.319049378
3456029.850866164
3053947.1742731775
4036189.319049378
4035490.4226934174
6239738.406226442
6026196.947910372
4035490.4226934174
4032876.096008582
7069767.373922964
7252713.304438254
4032876.096008582
4029496.934205966
5077347.863736397
5328998.575887476
4029496.934205966
4027771.9413810493
1896263.1810569407
2492628.746908798
4027771.9413810493
4029111.555143221
2258308.5220095455
1575640.1902975223
4029111.555143221
4032413.124410839
4947617.099247564
4675510.85614269
4032413.124410839
4035249.7387950826
7102827.409603404
6915926.306386189
4035249.7387950826
4036182.463869603
6318308.612405588
6522309.615133594
4036182.463869603
4035953.9609717117
3510627.845675062
3865520.895982863
5644020.152290849
4036081.258204098
2261484.0874102036
1580257.0876526309
4036081.258204098
4036064.487862039
4955089.444396393
4683435.23159097
4036064.487862039
4034401.7077063685
7107371.43094289
6920597.531440161
4034401.7077063685
4031123.9267407483
6311496.34966681
6515720.65952595
4031123.9267407483
4028292.9124249276
3503596.8128145603
3859162.206784265
4028292.9124249276
4028076.3405695474
1575640.1902975223
1896262.0792866587
4028076.3405695474
4030654.715937792
3450318.0522236233
3047447.885517402
4030654.715937792
4034025.3535699924
6232646.71895532
6018843.782075639
4034025.3535699924
4035955.547137455
7073421.504718671
7256272.05303367
4035955.547137455
4036131.664455489
5085333.307578024
5336594.089796481
4036131.664455489
4035839.880373957
1901246.937602629
2496378.551421989
4750253.362275743
4035912.6118233316
1580257.0876526309
1901248.3469855487
4035912.6118233316
4036189.069510968
3456030.683447559
3053947.353686864
4036189.069510968
4035490.104327238
6239738.140923861
6026196.797659955
4035490.104327238
4032876.609466731
7069766.883091139
7252713.287870888
4032876.609466731
4029496.9591887295
5077348.041495447
5328997.79689236
4029496.9591887295
4027770.7142168256
1896262.0792866587
2492628.530030247
4027770.7142168256
4029112.555991694
2258308.6042199535
1575639.098445691
4029112.555991694
4032414.3342564944
4947617.587502494
4675511.687553024
4032414.3342564944
4035246.9215447176
7102828.44128581
6915926.480844136
4035246.9215447176
4036184.9457611307
6318308.851058848
6522310.069292428
4036184.9457611307
4035953.5606720103
3510624.073091773
3865519.109467384
2672035.118606234
4036079.7503986037
2261483.586746313
1580257.8853151628
4036079.7503986037
4036065.7227422404
4955087.871261449
4683434.417341549
4036065.7227422404
4034402.407372977
7107371.7926454665
6920597.628399049
4034402.407372977
4031124.3063608934
6311496.388746387
6515719.908291042
4031124.3063608934
4028292.0251900028
3503595.717440138
3859161.747290555
4028292.0251900028
4028076.195910505
1575639.098445691
1896261.4754348719
4028076.195910505
4030653.498291125
3450318.862973847
3047448.066005848
4030653.498291125
4034027.1059883335
6232646.092666164
6018842.785916762
4034027.1059883335
4035956.0755645
7073420.470068255
7256272.037086726
4035956.0755645
4036129.940715235
5085333.439251587
5336593.105930857
4036129.940715235
4035841.2653143024
1901248.3469855487
2496379.038138258
4188372.437702961
4035911.951211267
1580257.8853151628
1901247.7890410468
4035911.951211267
4036188.887424925
3456029.6271918733
3053946.1821673755
4036188.887424925
4035490.753722094
6239738.613379976
6026195.369053078
4035490.753722094
4032876.492341472
7069767.124482429
7252712.138698618
4032876.492341472
4029497.586502296
5077348.347049595
5328998.411220091
4029497.586502296
4027770.447322307
1896261.4754348719
2492627.720997669
4027770.447322307
4029112.850192777
2258308.713562327
1575639.7370981672
4029112.850192777
4032413.5301419822
4947617.453101107
4675511.426973851
4032413.5301419822
4035247.391529135
7102828.441793907
6915925.59635455
4035247.391529135
4036184.520148709
6318307.810871568
6522308.149451688
4036184.520148709
4035953.2777706
3510625.070467313
3865517.209003667
4983525.994535445
4036081.332398404
2261483.235090171
1580257.520277233
4036081.332398404
4036064.4073731313
4955088.348312231
4683434.398569704
4036064.4073731313
4034402.395581182
7107370.143883846
6920597.680844295
4034402.395581182
4031123.8115562308
6311495.583855012
6515720.891124659
4031123.8115562308
4028293.1155507085
3503596.383718894
3859161.7749340194
4028293.1155507085
4028076.195458067
1575639.7370981672
1896263.1810569407
4028076.195458067
4030653.469235083
3450318.3249467225
3047448.594444319
4030653.469235083
4034026.8469034606
6232645.585190835
6018843.420045442
4034026.8469034606
4035956.615947172
7073419.242514745
7256272.662047715
4035956.615947172
4036129.7059404994
5085331.7754969075
5336593.8762798235
4036129.7059404994
4035840.587024278
1901247.7890410468
2496378.8597898907
