4036189.626040777
4035886.658527811
2666400.6806316874
3118827.1455187034
4035886.658527811
4035979.4111454184
2153058.467883565
1420768.8728206179
4035979.4111454184
4036178.7891778788
4218522.549411914
3895897.803817361
4036178.7891778788
4035003.738269872
6737031.809679857
6539716.11864898
4035003.738269872
4032008.5879187165
6752975.652283725
6944253.091705454
4032008.5879187165
4028804.8982328647
4314688.594845153
4608128.814495864
4028804.8982328647
4027829.819511068
1416304.3124922982
2150167.417580344
4027829.819511068
4029850.6291686078
2760326.3478562185
2236499.2880542963
4029850.6291686078
4033262.6826818315
5637654.078707112
5400384.081666961
4033262.6826818315
4035653.567298932
7246396.286247782
7168894.787998221
4035653.567298932
4036189.626040777
5750053.459962712
5973456.987319079
6850273.248041632
4035863.369009683
1420768.8728206179
2153059.4376233555
4035863.369009683
4036160.982546956
2764690.996560703
2241931.927534466
4036160.982546956
4035837.398298625
5645224.240602604
5408300.437464447
4035837.398298625
4033665.3477866445
7244791.03860043
7171617.443847313
4033665.3477866445
4030276.5939717577
5742369.721676044
5966073.070918411
4030276.5939717577
4027935.63968987
2660402.2282837527
3113734.456293078
4027935.63968987
4028504.7971264026
2150167.417580344
1416304.134707225
4028504.7971264026
4031545.4296431355
4211696.1534403805
3888481.0228271433
4031545.4296431355
4034698.640451638
6730984.198616823
6533479.449179004
4034698.640451638
4036132.6522506946
6758427.109925197
6949549.916087756
4036132.6522506946
4036027.3111981237
4322426.9948607795
4615356.972003222
8862593.07661937
4035885.3960829126
2666396.9756331793
3118825.023368446
4035885.3960829126
4035978.914309266
2153059.4376233555
1420769.6830034482
4035978.914309266
4036179.011562808
4218522.326294822
3895897.5884857276
4036179.011562808
4035003.601326986
6737031.591516036
6539715.794052378
4035003.601326986
4032008.8728497983
6752975.968445713
6944253.475230521
4032008.8728497983
4028805.2205890357
4314686.819893833
4608129.037951866
4028805.2205890357
4027828.8099640296
1416304.134707225
2150166.7696141256
4027828.8099640296
4029850.7701294655
2760325.629878045
2236498.6840957943
4029850.7701294655
4033263.3739784597
5637652.9777954705
5400384.142689053
4033263.3739784597
4035654.338457985
7246396.04291648
7168894.541424203
4035654.338457985
4036190.34632504
5750052.055668726
5973457.167978054
8210574.473312498
4035863.8365895255
1420769.6830034482
2153060.888642529
4035863.8365895255
4036161.9951067455
2764691.069082567
2241930.63689078
4036161.9951067455
4035836.0051500676
5645224.685459819
5408300.407579214
4035836.0051500676
4033665.569926472
7244790.827381818
7171616.772403371
4033665.569926472
4030274.979778772
5742370.546272748
5966073.479686515
4030274.979778772
4027936.527607657
2660403.481407778
3113735.1600298514
4027936.527607657
4028506.3003477287
2150166.7696141256
1416304.1049515328
4028506.3003477287
4031545.1260334128
4211696.983835507
3888481.3019836065
4031545.1260334128
4034698.804027285
6730984.6329285195
6533479.906785252
4034698.804027285
4036132.425125632
6758427.499889321
6949549.514675553
4036132.425125632
4036026.71801869
4322427.3260710975
4615356.1163101895
8574434.493105888
4035886.0041592983
2666397.4627607623
3118823.470419409
4035886.0041592983
4035978.7553514647
2153060.888642529
1420770.0178040669
4035978.7553514647
4036179.097644645
4218522.348975042
3895897.98813323
4036179.097644645
4035003.4418058665
6737031.251004273
6539715.445514795
4035003.4418058665
4032008.4901158907
6752975.383141703
6944251.893191845
4032008.4901158907
4028804.286363259
4314687.419928881
4608126.487275784
4028804.286363259
4027828.8486283617
1416304.1049515328
2150166.9080625535
4027828.8486283617
4029850.6068140883
2760325.902546416
2236498.596109518
4029850.6068140883
4033263.482679651
5637652.998897943
5400382.337121228
4033263.482679651
4035654.20847151
7246395.733035724
7168893.094276783
4035654.20847151
4036190.401801621
5750051.894337952
5973455.61858157
6317010.402451632
4035863.4907817785
1420770.0178040669
2153058.467883565
4035863.4907817785
4036160.869555264
2764691.2734378427
2241932.0366743114
4036160.869555264
4035837.525938328
5645223.478789954
5408300.309171897
4035837.525938328
4033665.313087093
7244789.124049342
7171617.828517699
4033665.313087093
4030276.23617266
5742368.501590958
5966073.575997909
4030276.23617266
4027935.8062026226
2660402.262467869
3113735.189298259
4027935.8062026226
4028505.2084060754
2150166.9080625535
1416304.3124922982
4028505.2084060754
4031546.4406961286
4211695.400401671
3888481.6522801835
4031546.4406961286
4034698.1776429852
6730983.491783546
6533480.208895051
4034698.1776429852
4036132.455517844
6758425.968190793
6949549.922045685
4036132.455517844
4036027.06536704
4322426.267305747
4615357.464699522
