4035959.5795706804
4035908.1071861982
1546789.283393174
1951756.9255812105
4035908.1071861982
4036188.62422921
3401971.6252666675
2992638.0424233307
4036188.62422921
4035520.040017037
6199350.339877892
5984370.92415209
4035520.040017037
4032937.5219481224
7087337.2066427525
7269842.478424111
4032937.5219481224
4029551.0930279
5129424.503791498
5378642.435072746
4029551.0930279
4027774.7677807314
1946708.5313881496
2531219.8545875936
4027774.7677807314
4029064.7490093275
2235107.155763811
1542204.1477442784
4029064.7490093275
4032349.892507016
4894991.31352654
4619788.5925640175
4032349.892507016
4035210.199407755
7079740.2942472445
6892214.259841049
4035210.199407755
4036183.5387637075
6354866.968062648
6557733.034361281
4036183.5387637075
4035959.5795706804
3571638.7032574066
3921018.137888603
5661239.166737579
4036075.154609077
2238223.774078566
1546789.2499754129
4036075.154609077
4036076.0831014873
4902432.810263817
4627691.102554542
4036076.0831014873
4034450.397710852
7084408.004627495
6897013.99452451
4034450.397710852
4031187.7362582916
6348137.540211211
6551221.461472006
4031187.7362582916
4028326.5034960625
3564543.9772294066
3914581.2072548345
4028326.5034960625
4028050.7290258002
1542204.1477442784
1946707.5839252525
4028050.7290258002
4030592.2166260816
3396353.6921775616
2986216.6612997986
4030592.2166260816
4033972.6078029894
6192202.83294315
5976957.06121678
4033972.6078029894
4035940.334649192
7090847.32599097
7273262.274273064
4035940.334649192
4036135.3621717594
5137407.264856506
5386240.562152306
4036135.3621717594
4035841.2019002074
1951756.9255812105
2535060.256917772
4852289.189046564
4035907.4577968055
1546789.2499754129
1951757.5643860714
4035907.4577968055
4036188.3507561083
3401971.205105849
2992637.8480769424
4036188.3507561083
4035520.0072004586
6199349.8928943
5984370.333568133
4035520.0072004586
4032937.952156072
7087336.989997168
7269842.32267006
4032937.952156072
4029551.2425460955
5129425.366312347
5378642.254111534
4029551.2425460955
4027775.2753480542
1946707.5839252525
2531218.719812232
4027775.2753480542
4029063.6908766213
2235108.2723065116
1542206.0036181228
4029063.6908766213
4032351.2770576137
4894990.098637524
4619788.801607879
4032351.2770576137
4035210.925881811
7079741.078735544
6892214.582282228
4035210.925881811
4036182.8845700035
6354864.672311213
6557732.430270783
4036182.8845700035
4035958.7796241315
3571636.8857817794
3921016.7377908123
2813944.0374583732
4036075.75527438
2238222.9015844036
1546789.591896511
4036075.75527438
4036076.0692120106
4902432.745798814
4627691.666461055
4036076.0692120106
4034450.011142922
7084408.322811012
6897013.385047249
4034450.011142922
4031188.662716921
6348137.593222921
6551220.774777265
4031188.662716921
4028324.886048891
3564542.5271134283
3914580.0074747084
4028324.886048891
4028051.5477407314
1542206.0036181228
1946708.0748949382
4028051.5477407314
4030591.1407338292
3396352.9451606916
2986215.9991405983
4030591.1407338292
4033974.536967328
6192203.132820757
5976956.008731438
4033974.536967328
4035939.0752205155
7090847.389600672
7273262.118567098
4035939.0752205155
4036135.632410482
5137407.399422488
5386241.196081842
4036135.632410482
4035841.336106284
1951757.5643860714
2535060.067198304
4303746.906328397
4035908.389949328
1546789.591896511
1951758.1931347342
4035908.389949328
4036189.093902059
3401972.0364691373
2992637.922458149
4036189.093902059
4035520.313827329
6199350.405708391
5984370.212303893
4035520.313827329
4032936.04957513
7087336.128494536
7269840.636039
4032936.04957513
4029551.4271695497
5129425.307224344
5378642.294526803
4029551.4271695497
4027775.8200369487
1946708.0748949382
2531218.879630239
4027775.8200369487
4029063.5943828886
2235108.8472587233
1542206.2182811755
4029063.5943828886
4032350.866281449
4894990.321624347
4619788.011873225
4032350.866281449
4035210.878954601
7079740.808363249
6892213.4164534435
4035210.878954601
4036183.062556388
6354864.9238253115
6557730.542433616
4036183.062556388
4035958.6258562226
3571637.8137995563
3921016.0639140704
5003016.29001695
4036074.9814572344
2238223.194443963
1546789.283393174
4036074.9814572344
4036076.2064075903
4902431.6828237325
4627691.792541516
4036076.2064075903
4034450.6412049113
7084407.471584245
6897014.27055157
4034450.6412049113
4031187.6420216355
6348136.075094777
6551221.017755455
4031187.6420216355
4028326.06701805
3564543.688021323
3914580.481195682
4028326.06701805
4028051.462204353
1542206.2182811755
1946708.5313881496
4028051.462204353
4030591.29993464
3396353.5571990893
2986216.6264214604
4030591.29993464
4033973.7271148735
6192202.330647872
5976956.86386431
4033973.7271148735
4035939.5850047497
7090846.291378652
7273262.563496475
4035939.5850047497
4036135.140829595
5137405.464654538
5386241.9059310295
4036135.140829595
4035841.987857227
1951758.1931347342
2535061.1803464307
