4036011.8445692114
4035874.7347055306
1396857.4035741354
2137350.456877495
4035874.7347055306
4036168.0424412615
2985096.8865650953
2508674.41381916
4036168.0424412615
4035734.8492927607
5856735.985005649
5628709.493030246
4035734.8492927607
4033414.30752776
7201143.701677168
7223702.538165965
4033414.30752776
4030003.007113879
5528367.136627262
5760373.4785560295
4030003.007113879
4027851.4721086607
2387938.9388431488
2884401.5319955293
4027851.4721086607
4028701.861392994
2134502.843970464
1392414.0398816254
4028701.861392994
4031839.5323190955
4464530.845508801
4160984.180429647
4031839.5323190955
4034901.1246035625
6870461.774125557
6677073.318774597
4034901.1246035625
4036147.126134422
6623627.497580706
6818521.091941416
4036147.126134422
4036011.8445692114
4053162.4646355584
4364187.944016951
5828378.733766321
4036022.138956918
2137350.456877495
1396858.3695298845
4036022.138956918
4036150.099593663
4471630.711280977
4168623.784124984
4036150.099593663
4034814.4902395373
6876047.180045065
6682827.32321284
4034814.4902395373
4031701.6216472727
6617666.852124671
6812735.814440642
4031701.6216472727
4028621.9225908457
4045615.7464939514
4357200.535145986
4028621.9225908457
4027891.089417521
1392414.0398816254
2134502.8146037823
4027891.089417521
4030104.7364566913
2980268.3910874277
2502885.1109089307
4030104.7364566913
4033532.2716444302
5849261.936501827
5620921.568935946
4033532.2716444302
4035778.527820729
7203463.767753258
7221682.38627767
4035778.527820729
4036174.3321612733
5536213.606397725
5767891.668679115
4036174.3321612733
4035857.1673994483
2393570.0076689254
2889027.037159429
5682092.152484192
4035876.2752533257
1396858.3695298845
2137351.6129017076
4035876.2752533257
4036167.719080014
2985097.116401183
2508675.154342047
4036167.719080014
4035734.9258157816
5856735.751883611
5628709.256379607
4035734.9258157816
4033414.534998836
7201143.54889351
7223702.377362222
4033414.534998836
4030002.457436836
5528366.340560843
5760372.88843763
4030002.457436836
4027851.6072754473
2387939.32949837
2884401.8502487596
4027851.6072754473
4028701.322627158
2134502.8146037823
1392413.9204654067
4028701.322627158
4031839.775687785
4464530.575306908
4160984.285393943
4031839.775687785
4034899.810144064
6870461.217162347
6677073.535828746
4034899.810144064
4036149.770063598
6623627.8671871
6818521.376581273
4036149.770063598
4036009.2720519383
4053161.749125218
4364187.406124923
3949431.352806989
4036023.0142777115
2137351.6129017076
1396858.6822954635
4036023.0142777115
4036149.138551146
4471632.024845637
4168623.9756872146
4036149.138551146
4034814.8171104575
6876046.6997372005
6682827.542604316
4034814.8171104575
4031700.434424568
6617666.422651672
6812735.459687953
4031700.434424568
4028622.028714599
4045615.97125739
4357200.605740407
4028622.028714599
4027890.8521366054
1392413.9204654067
2134502.389082604
4027890.8521366054
4030105.707486766
2980268.359686648
2502885.0219019
4030105.707486766
4033530.4943849673
5849262.212111441
5620921.45592956
4033530.4943849673
4035779.057728703
7203463.411287522
7221682.052487605
4035779.057728703
4036175.049946983
5536214.307242484
5767892.174164135
4036175.049946983
4035857.3606543667
2393569.8528378657
2889027.321821876
5221432.094684591
4035876.747623069
1396858.6822954635
2137351.8492281665
4035876.747623069
4036166.8810327756
2985096.845011225
2508675.2937622685
4036166.8810327756
4035735.074313843
5856735.02289921
5628708.075105259
4035735.074313843
4033414.2961899927
7201143.40873832
7223700.992573299
4033414.2961899927
4030003.138513961
5528367.142399016
5760372.079100106
4030003.138513961
4027851.5793485017
2387939.2591390056
2884402.4420236726
4027851.5793485017
4028701.9621862737
2134502.389082604
1392413.5948764917
4028701.9621862737
4031839.865992227
4464529.98294845
4160983.248703931
4031839.865992227
4034899.7660909668
6870461.043992065
6677072.20306185
4034899.7660909668
4036149.6668276563
6623628.454378239
6818519.974544455
4036149.6668276563
4036009.6051863376
4053161.5859306017
4364187.352117498
5191364.505007026
4036021.9990737555
2137351.8492281665
1396857.4035741354
4036021.9990737555
4036150.6134271836
4471630.321196434
4168623.8914467907
4036150.6134271836
4034814.302041759
6876046.018099492
6682827.710946945
4034814.302041759
4031701.1675407975
6617665.34464444
6812735.988291806
4031701.1675407975
4028622.1328094127
4045615.1258219993
4357201.269589246
4028622.1328094127
4027890.2256648424
1392413.5948764917
2134502.843970464
4027890.2256648424
4030105.7839158825
2980267.267407174
2502884.6809446444
4030105.7839158825
4033530.4941957407
5849261.513056675
5620921.698547501
4033530.4941957407
4035778.9339541537
7203461.94189126
7221682.319229972
4035778.9339541537
4036174.8585300725
5536213.380375667
5767892.704335454
4036174.8585300725
4035857.8381577614
2393570.1620905837
2889027.776624279
