4034687.2259964664
4036129.823852134
6766366.016266154
6957270.69410507
4036129.823852134
4036027.775745843
4339037.867563445
4630918.605612402
4036027.775745843
4035864.9949060488
1424985.6309840132
2155844.5711453855
4035864.9949060488
4036159.041365033
2751554.63021648
2225714.134724951
4036159.041365033
4035843.1709214337
5631672.634054416
5394156.149631741
4035843.1709214337
4033681.6710012094
7246988.209197029
7167834.908484088
4033681.6710012094
4030292.543375213
5755357.379795745
5978574.7584745325
4030292.543375213
4027942.950533063
2677694.5083451048
3128522.803127395
4027942.950533063
4028508.548040209
2152946.211346856
1420517.7793354413
4028508.548040209
4031510.8258310556
4195825.905855723
3871284.714258978
4031510.8258310556
4034687.2259964664
6721812.935825324
6524031.377207807
8987124.867507208
4036191.4665922397
5763026.142196042
5985946.6701856125
4036191.4665922397
4035885.63780385
2683711.516470427
3133640.1945047197
4035885.63780385
4035989.53458691
2155844.5711453855
1424984.692190312
4035989.53458691
4036167.398730497
4202630.900929686
3878683.266739041
4036167.398730497
4035016.380297382
6727888.093701586
6530296.369038952
4035016.380297382
4032025.650454116
6760946.9545002
6952005.505199745
4032025.650454116
4028815.6022186093
4331287.943397928
4623675.7050935775
4028815.6022186093
4027829.2099063965
1420517.7793354413
2152946.2472354383
4027829.2099063965
4029833.345221718
2747219.2210766226
2220302.353988113
4029833.345221718
4033245.425856104
5624097.650649247
5386233.493011519
4033245.425856104
4035648.827654167
7248548.857742404
7165067.872456336
12651228.432356525
4036127.8849708014
6766364.8297895
6957270.043386765
4036127.8849708014
4036029.112218062
4339036.467319081
4630917.206712991
4036029.112218062
4035863.608563011
1424984.692190312
2155842.2008249755
4035863.608563011
4036159.0567763224
2751554.4994353475
2225713.87554558
4036159.0567763224
4035843.8891837574
5631671.969656245
5394156.925860817
4035843.8891837574
4033682.5502164736
7246988.318528476
7167834.604855559
4033682.5502164736
4030291.169998779
5755355.290656504
5978574.026684459
4030291.169998779
4027943.7716079312
2677696.0283177914
3128523.7092887256
4027943.7716079312
4028508.2602374763
2152946.2472354383
1420517.8887216186
4028508.2602374763
4031511.708130313
4195825.461767751
3871285.3688691026
4031511.708130313
4034687.393498689
6721813.634650569
6524031.877748404
14241701.150452988
4036190.483426815
5763025.972228764
5985946.956814777
4036190.483426815
4035884.7842593906
2683712.1667414103
3133641.310441761
4035884.7842593906
4035991.7444026032
2155842.2008249755
1424983.0936670573
4035991.7444026032
4036165.38207666
4202632.023051574
3878682.985554097
4036165.38207666
4035017.9279189897
6727887.98564501
6530295.833257062
4035017.9279189897
4032025.1787222535
6760947.068861784
6952005.231168478
4032025.1787222535
4028815.8503220933
4331287.505187917
4623675.836293671
4028815.8503220933
4027829.5246311706
1420517.8887216186
2152946.0493767965
4027829.5246311706
4029833.255516305
2747219.2191662816
2220302.903130709
4029833.255516305
4033245.4649326084
5624098.30476545
5386234.652371384
4033245.4649326084
4035648.5410505524
7248548.322732875
7165068.360364425
12450919.106102744
4036128.2768144817
6766365.20610632
6957268.348428942
4036128.2768144817
4036029.2657256974
4339037.8714228915
4630916.654080361
4036029.2657256974
4035864.612015772
1424983.0936670573
2155842.6966950474
4035864.612015772
4036158.6314135743
2751556.271772264
2225715.764027461
4036158.6314135743
4035843.2881641663
5631672.05807874
5394155.991004509
4035843.2881641663
4033681.5993899894
7246988.308430904
7167833.292116474
4033681.5993899894
4030291.9652642724
5755356.54638898
5978572.999815255
4030291.9652642724
4027943.555143068
2677695.48861828
3128524.0117873824
4027943.555143068
4028508.7282863394
2152946.0493767965
1420517.495555141
4028508.7282863394
4031512.0020184927
4195825.887217717
3871283.6234049075
4031512.0020184927
4034686.8659999194
6721813.85070942
6524031.027597961
8587250.015573278
4036190.459381462
5763024.314733438
5985947.0429815445
4036190.459381462
4035886.3521740683
2683711.967366876
3133641.716739866
4035886.3521740683
4035989.9865586497
2155842.6966950474
1424985.6309840132
4035989.9865586497
4036167.279123089
4202631.732957808
3878684.0107151032
4036167.279123089
4035015.9376167245
6727886.998204314
6530296.769676964
4035015.9376167245
4032025.5034076963
6760946.059312128
6952006.473292698
4032025.5034076963
4028816.568088563
4331286.967505194
4623676.288272546
4028816.568088563
4027828.820084207
1420517.495555141
2152946.211346856
4027828.820084207
4029832.8090682854
2747218.7000479344
2220302.342684902
4029832.8090682854
4033246.238767849
5624096.2193317395
5386233.543413422
4033246.238767849
4035648.2216045773
7248547.101297874
7165068.607201515
