4035856.5540324585
4036075.1386493663
2240356.5006190003
1549873.6803333967
4036075.1386493663
4036062.811074686
4907490.161625922
4633047.268524593
4036062.811074686
4034446.593991087
7086633.153602219
6899300.084330926
4034446.593991087
4031193.7441290636
6344660.9361917395
6547853.296249857
4031193.7441290636
4028321.6108510494
3558711.7784784627
3909267.8994252034
4028321.6108510494
4028044.3511831285
1545287.3565350233
1941828.336009914
4028044.3511831285
4030610.2600132595
3401500.2837156327
2992070.0268673995
4030610.2600132595
4033975.8121566423
6196104.137271639
5980996.277655304
4033975.8121566423
4035945.4554369636
7089209.978542631
7271663.570663182
4035945.4554369636
4036115.5859058774
5132435.901178549
5381499.951375503
4036115.5859058774
4035856.5540324585
1946874.9749038601
2531308.259165641
5535514.364056351
4036201.066443064
3407125.6170034017
2998499.520087724
4036201.066443064
4035516.44488221
6203244.053656797
5988403.366226536
4035516.44488221
4032932.720384734
7085684.694876318
7268231.196166519
4032932.720384734
4029533.184768243
5124456.072810642
5373903.188386504
4029533.184768243
4027786.731343115
1941828.336009914
2527471.285029293
4027786.731343115
4029067.923992159
2237237.1133019533
1545287.8907184151
4029067.923992159
4032344.681945289
4900045.270791039
4625142.912872171
4032344.681945289
4035214.562067003
7081976.128510405
6894513.364722542
4035214.562067003
4036196.386953513
6351396.411838063
6554372.245223661
4036196.386953513
4035958.7254109094
3565799.318546768
3915695.9072728953
4035958.7254109094
4035895.5343728857
1549873.6803333967
1946874.2073653282
2706801.8066880493
4036074.607562801
2240356.018613141
1549873.913512332
4036074.607562801
4036062.9323924463
4907489.608796882
4633046.494198766
4036062.9323924463
4034446.3656488545
7086632.799091743
6899299.665681385
4034446.3656488545
4031193.4769791965
6344660.657338965
6547853.042137297
4031193.4769791965
4028322.543269038
3558712.1643373542
3909268.1926884665
4028322.543269038
4028043.5670137564
1545287.8907184151
1941829.203069959
4028043.5670137564
4030609.0563851697
3401500.303002148
2992070.058165746
4030609.0563851697
4033976.8178328937
6196102.955914776
5980995.667553465
4033976.8178328937
4035944.4076620378
7089209.368206828
7271663.560785347
4035944.4076620378
4036118.2622303986
5132436.508643321
5381500.403575369
4036118.2622303986
4035855.4126252774
1946874.2073653282
2531307.1536887754
1512858.6311718475
4036200.7099260865
3407123.1659056726
2998497.860898275
4036200.7099260865
4035516.844510425
6203243.238794702
5988403.672873014
4035516.844510425
4032933.3617213997
7085685.036617741
7268231.463950358
4032933.3617213997
4029533.0214404226
5124455.61690713
5373902.803977536
4029533.0214404226
4027786.845131222
1941829.203069959
2527471.267174287
4027786.845131222
4029067.7893102313
2237235.8000803622
1545288.0110951404
4029067.7893102313
4032344.0451803976
4900044.067296431
4625141.686780268
4032344.0451803976
4035214.9614767293
7081976.108337739
6894512.9332344
4035214.9614767293
4036196.0806101128
6351396.443968318
6554372.4468097985
4036196.0806101128
4035960.0075133536
3565800.064289134
3915696.9107823935
4035960.0075133536
4035894.753824547
1549873.913512332
1946874.0916005746
1518198.2336280954
4036074.4234727114
2240356.0815823036
1549873.0846335047
4036074.4234727114
4036063.285647322
4907490.068685758
4633045.24241298
4036063.285647322
4034447.5687396857
7086632.868046949
6899298.397984797
4034447.5687396857
4031191.9055331056
6344659.876767062
6547850.77213361
4031191.9055331056
4028322.4043196747
3558712.7264322853
3909268.680509088
4028322.4043196747
4028044.2472107937
1545288.0110951404
1941828.8012239342
4028044.2472107937
4030608.397052291
3401499.7973165363
2992069.5445585195
4030608.397052291
4033977.768186601
6196102.857986192
5980994.113506973
4033977.768186601
4035944.0913957558
7089209.377047805
7271661.763754327
4035944.0913957558
4036118.263807477
5132436.904507982
5381499.970975849
4036118.263807477
4035855.0268424996
1946874.0916005746
2531307.380616351
4860314.545367761
4036200.8727983744
3407124.707023073
2998498.224070731
4036200.8727983744
4035516.4665493197
6203242.3660613205
5988403.818882839
4035516.4665493197
4032932.9005017746
7085683.2439021235
7268231.145379657
4032932.9005017746
4029533.215721218
5124454.78440156
5373903.958358571
4029533.215721218
4027786.3411185616
1941828.8012239342
2527471.543034158
4027786.3411185616
4029068.5343869454
2237236.249321261
1545287.3565350233
4029068.5343869454
4032343.987549952
4900044.205950296
4625142.577933659
4032343.987549952
4035214.5924383705
7081974.96654863
6894512.640240917
4035214.5924383705
4036195.438368872
6351394.638248285
6554372.832457847
4036195.438368872
4035960.2441794327
3565800.1308593596
3915697.502138935
4035960.2441794327
4035895.104317615
1549873.0846335047
1946874.9749038601
