4035858.7825759277
4036058.514929523
2191522.454135217
1478412.692064142
4036058.514929523
4036089.7194584613
4774639.9468575
4492096.573865728
4036089.7194584613
4034565.2086482397
7026364.822425228
6837384.824179781
4034565.2086482397
4031353.895412402
6433586.214172323
6634061.118983294
4031353.895412402
4028407.5166553445
3710466.157164035
4047910.356542122
4028407.5166553445
4027987.5502440925
1473894.813946008
2073077.321650119
4027987.5502440925
4030452.9441666896
3268045.522032655
2839446.0614379635
4030452.9441666896
4033842.3213126543
6092712.18125529
5873826.322772992
4033842.3213126543
4035901.0472712326
7129712.500008558
7264420.309253276
4035901.0472712326
4036130.5691970387
5260637.243056233
5503910.251503272
4036130.5691970387
4035858.7825759277
2078292.6760425703
2633727.351011122
5515924.910985201
4036197.0971148
3273429.0955510917
2845677.8802266354
4036197.0971148
4035588.0626435736
6099977.328864466
5881373.764709329
4035588.0626435736
4033084.5363694336
7126551.392346946
7265561.14785392
4033084.5363694336
4029671.1014484833
5252679.05812868
5496316.813899528
4029671.1014484833
4027802.617083387
2073077.321650119
2629656.458932118
4027802.617083387
4028949.4846480996
2188530.7582274517
1473895.6852225414
4028949.4846480996
4032186.2507303907
4767281.071905362
4484256.309745684
4032186.2507303907
4035121.922619598
7021406.028213439
6832284.217354708
4035121.922619598
4036187.5929003507
6440101.411133703
6640371.549258627
4036187.5929003507
4035974.471263616
3717711.030164711
4054529.0302931187
4035974.471263616
4035884.897672268
1478412.692064142
2078292.314501507
2795612.335049783
4036059.2079330883
2191522.722637904
1478411.1319395604
4036059.2079330883
4036089.3822161495
4774640.6882641865
4492095.983378642
4036089.3822161495
4034565.4009892363
7026364.191721489
6837384.950478637
4034565.4009892363
4031353.068686128
6433585.775345387
6634060.519345881
4031353.068686128
4028408.2235936876
3710466.578238245
4047911.05991851
4028408.2235936876
4027986.626707865
1473895.6852225414
2073078.8920536768
4027986.626707865
4030454.416424529
3268044.2728025857
2839445.0890622125
4030454.416424529
4033842.337795981
6092711.5836799005
5873826.819003309
4033842.337795981
4035898.693609734
7129712.165229337
7264420.314019475
4035898.693609734
4036132.4007849772
5260639.476226582
5503911.4541412415
4036132.4007849772
4035858.1264790436
2078292.314501507
2633728.118729086
1192914.9456346154
4036197.390561861
3273427.831690901
2845677.232785617
4036197.390561861
4035589.0744826524
6099975.927689418
5881372.677814908
4035589.0744826524
4033085.5046899267
7126551.205090477
7265561.765089942
4033085.5046899267
4029669.051343492
5252677.834965925
5496316.325867517
4029669.051343492
4027803.534391166
2073078.8920536768
2629657.3315245314
4027803.534391166
4028948.6749741123
2188530.474083095
1473895.610967539
4028948.6749741123
4032185.300803161
4767280.157050344
4484255.0422032755
4032185.300803161
4035122.622091306
7021405.967850655
6832283.636176992
4035122.622091306
4036188.9501780057
6440101.405477667
6640372.057905265
4036188.9501780057
4035974.7930420106
3717710.6312779225
4054527.962734696
4035974.7930420106
4035882.89445862
1478411.1319395604
2078291.6381029156
1671399.0568451928
4036058.255863808
2191522.762903913
1478411.9012867003
4036058.255863808
4036090.1851059836
4774640.566236081
4492095.372032956
4036090.1851059836
4034564.3676525
7026364.214187753
6837383.38775623
4034564.3676525
4031353.933623057
6433586.276857523
6634060.151117483
4031353.933623057
4028408.819211282
3710466.607045284
4047910.798568905
4028408.819211282
4027986.640646986
1473895.610967539
2073077.9306607572
4027986.640646986
4030454.7550600953
3268044.2670072094
2839445.152965067
4030454.7550600953
4033841.7881424157
6092712.237609269
5873826.086731317
4033841.7881424157
4035899.0017954796
7129712.651002594
7264419.184179941
4035899.0017954796
4036132.029869168
5260638.810376843
5503911.103478697
4036132.029869168
4035858.315334701
2078291.6381029156
2633727.526063796
4837996.121344283
4036197.051015319
3273428.9158986467
2845677.768620622
4036197.051015319
4035588.10348225
6099975.360104646
5881372.96369952
4035588.10348225
4033084.026479986
7126549.8130510785
7265561.874567873
4033084.026479986
4029671.272701378
5252678.073441339
5496317.176614388
4029671.272701378
4027802.412870056
2073077.9306607572
2629656.990249085
4027802.412870056
4028949.9887309195
2188530.0636588177
1473894.813946008
4028949.9887309195
4032185.13747126
4767280.788816147
4484256.491366211
4032185.13747126
4035122.0872167163
7021404.748784743
6832284.413754922
4035122.0872167163
4036188.94697083
6440100.3331519
6640372.215369868
4036188.94697083
4035975.1862801155
3717710.8064123443
4054527.9712151103
4035975.1862801155
4035884.002795542
1478411.9012867003
2078292.6760425703
