4035853.792277726
4036104.155048736
2362229.855226512
1721340.2627193222
4036104.155048736
4036004.309614666
5141769.652668917
4880502.498609054
4036004.309614666
4034225.2049623886
7184162.361066257
6999433.194388921
4034225.2049623886
4030905.7247324935
6174495.687403763
6383097.479333797
4030905.7247324935
4028181.7392636538
3283601.3936529187
3660583.4638463375
4028181.7392636538
4028164.427287586
1716566.9070226788
1727670.3910292755
4028164.427287586
4030891.8209374817
3646540.021465652
3267938.233235985
4030891.8209374817
4034210.865209995
6373383.288537077
6164453.741559252
4034210.865209995
4036015.3654233576
7004675.534093574
7189270.575002301
4036015.3654233576
4036090.4497468797
4894283.715211789
5154850.330511827
4036090.4497468797
4035853.792277726
1732457.6767380117
2370348.2774856105
5585963.538514386
4036203.0537594054
3652574.728410679
3274704.0388053055
4036203.0537594054
4035375.9066867535
6380253.420873574
6171566.997246951
4035375.9066867535
4032654.310626625
7000520.733519331
7185225.661130838
4032654.310626625
4029295.543966859
4886311.851443811
5147299.311950585
4029295.543966859
4027775.3077755473
1727670.3910292755
2366899.045286357
4027775.3077755473
4029293.076381752
2358803.3971490185
1716567.4010583684
4029293.076381752
4032626.777557683
5134215.494625583
4872527.62490812
4032626.777557683
4035370.4007297633
7180080.378854587
6995240.7583711585
4035370.4007297633
4036200.0555786514
6181587.1331240125
6389947.957192971
4036200.0555786514
4035935.545301197
3290381.908333823
3666640.5050467476
4035935.545301197
4035917.7512683533
1721340.2627193222
1732455.8896473832
2640131.118890464
4036104.205458832
2362230.6559645324
1721340.0682065901
4036104.205458832
4036004.2518563145
5141769.989555172
4880502.228642855
4036004.2518563145
4034224.6619999674
7184161.9445759645
6999433.594162843
4034224.6619999674
4030906.9608362257
6174496.536790449
6383097.292457229
4030906.9608362257
4028181.8288557
3283601.845534565
3660582.868506667
4028181.8288557
4028163.60237088
1716567.4010583684
1727670.0579747842
4028163.60237088
4030890.8388651917
3646538.8719562814
3267938.6065841024
4030890.8388651917
4034211.4581419337
6373382.3967586905
6164453.295614674
4034211.4581419337
4036015.591241429
7004675.674047763
7189270.583563371
4036015.591241429
4036091.6730079553
4894284.554479879
5154851.384403972
4036091.6730079553
4035852.814188622
1732455.8896473832
2370347.3879342494
2128969.540896355
4036203.542490277
3652572.7040184205
3274702.5278099114
4036203.542490277
4035375.5209419364
6380253.079677013
6171566.954091224
4035375.5209419364
4032656.5502097025
7000520.743866999
7185226.062686781
4032656.5502097025
4029295.0218332084
4886310.5460745925
5147297.732406137
4029295.0218332084
4027774.4208173878
1727670.0579747842
2366899.014827048
4027774.4208173878
4029293.1540226988
2358802.660326858
1716566.271597231
4029293.1540226988
4032626.413672494
5134215.838972754
4872527.444701123
4032626.413672494
4035370.439092515
7180080.2614509305
6995240.065818124
4035370.439092515
4036202.4031500435
6181587.402725382
6389948.63430707
4036202.4031500435
4035934.082022815
3290381.430301366
3666639.2431547586
4035934.082022815
4035917.0839019273
1721340.0682065901
1732455.8478084207
1395870.4909807178
4036103.091148174
2362230.8421408497
1721340.9743345447
4036103.091148174
4036004.5312965023
5141769.691003531
4880500.719074163
4036004.5312965023
4034225.526698559
7184161.953881787
6999431.706198093
4034225.526698559
4030906.674454875
6174495.922840918
6383096.979883014
4030906.674454875
4028182.6510854955
3283601.9925623266
3660583.9935309715
4028182.6510854955
4028162.3283243836
1716566.271597231
1727670.413191905
4028162.3283243836
4030890.895304989
3646538.3617409077
3267936.2665715297
4030890.895304989
4034212.034278666
6373381.674888992
6164451.920965384
4034212.034278666
4036015.425116344
7004675.780097021
7189269.443071393
4036015.425116344
4036091.616272844
4894283.670292514
5154850.522885836
4036091.616272844
4035852.989142258
1732455.8478084207
2370346.797774833
4917687.492643595
4036203.4200196965
3652574.4465398304
3274703.1770018484
4036203.4200196965
4035375.789235325
6380252.009716269
6171566.8509774
4035375.789235325
4032655.184031195
7000519.642180868
7185225.904996585
4032655.184031195
4029294.7847158764
4886310.950430366
5147298.460239421
4029294.7847158764
4027774.4454533295
1727670.413191905
2366898.5960214767
4027774.4454533295
4029293.333916596
2358802.3785302774
1716566.9070226788
4029293.333916596
4032627.1840297934
5134214.261999804
4872527.82101501
4032627.1840297934
4035369.6499047875
7180079.528790696
6995240.800320638
4035369.6499047875
4036202.4358699014
6181586.761615575
6389948.816805703
4036202.4358699014
4035934.6477427203
3290381.113980544
3666639.5246494226
4035934.6477427203
4035917.451939092
1721340.9743345447
1732457.6767380117
