4035842.8088830546
4036161.19849536
5404635.078834191
5641711.629028911
4036161.19849536
4035849.4774205647
2237717.849563437
2761274.236076905
4035849.4774205647
4036040.791690714
2153749.538665679
1421820.562949895
4036040.791690714
4036128.459072001
4619395.574194492
4326738.5069660405
4036128.459072001
4034695.631775937
6951557.791465866
6760491.6908606
4034695.631775937
4031528.6010012846
6531037.501002476
6728613.799277175
4031528.6010012846
4028512.9234349653
3884033.783609296
4207591.893830915
4028512.9234349653
4027939.180868456
1417353.7482728928
2150855.1863109297
4027939.180868456
4030281.8913466446
3117565.7880421407
2664881.4181559454
4030281.8913466446
4033666.9797842447
5969317.807372901
5745739.513775057
4033666.9797842447
4035842.8088830546
7170642.279233088
7245365.020634368
8424579.335114991
4035992.1853704
3891441.549100298
4214410.323868854
4035992.1853704
4035885.422066254
1421820.562949895
2153749.0806814856
4035885.422066254
4036189.6212484436
3122666.66846976
2670888.4365112833
4036189.6212484436
4035654.251104646
5976700.464149035
5753422.472491398
4035654.251104646
4033256.5176302865
7167909.541789675
7246961.861019947
4033256.5176302865
4029844.4544927888
5396722.192482159
5634143.9837463135
4029844.4544927888
4027815.823912175
2232296.5734738153
2756921.5036050742
4027815.823912175
4028822.4034658438
2150855.1863109297
1417353.8979341376
4028822.4034658438
4032011.4425052926
4612158.598288643
4318992.207152553
4032011.4425052926
4035009.7850968083
6946265.7453144565
6755045.410866192
4035009.7850968083
4036166.244001222
6537278.000180824
6734664.500360663
12035187.47400562
4036161.0741167534
5404637.574314156
5641712.581782986
4036161.0741167534
4035851.472913143
2237719.4360624654
2761275.858150783
4035851.472913143
4036040.8891975204
2153749.0806814856
1421821.3758048161
4036040.8891975204
4036128.5040833144
4619396.108247358
4326738.235983841
4036128.5040833144
4034695.096842976
6951557.437382002
6760491.56714142
4034695.096842976
4031527.853226406
6531037.4365649475
6728613.790465704
4031527.853226406
4028513.6304999795
3884033.3938420895
4207592.240739155
4028513.6304999795
4027939.444763315
1417353.8979341376
2150854.647067111
4027939.444763315
4030282.1650274503
3117566.3097868953
2664881.4180970695
4030282.1650274503
4033668.1149425358
5969317.510008393
5745740.548584006
4033668.1149425358
4035840.208812893
7170641.652290364
7245365.518471125
12790868.905510133
4035991.6069432716
3891441.6044120663
4214409.4300287645
4035991.6069432716
4035884.2066332838
1421821.3758048161
2153749.5876197154
4035884.2066332838
4036190.4512194027
3122663.8784485455
2670885.645748967
4036190.4512194027
4035655.126272534
5976699.800200073
5753421.333447058
4035655.126272534
4033255.5290397117
7167908.837691547
7246961.447039871
4033255.5290397117
4029843.218307448
5396722.371184456
5634144.115598468
4029843.218307448
4027816.7695590374
2232298.3388349647
2756923.6766635664
4027816.7695590374
4028822.461010894
2150854.647067111
1417352.876560992
4028822.461010894
4032012.315784884
4612158.894134577
4318991.823282467
4032012.315784884
4035009.812421147
6946266.829984948
6755045.9653967125
4035009.812421147
4036166.2178548453
6537277.27833094
6734664.140558271
11824482.892398462
4036160.8654571115
5404636.927658491
5641712.736359046
4036160.8654571115
4035851.618519535
2237719.7014786475
2761276.0838238304
4035851.618519535
4036040.1483158376
2153749.5876197154
1421820.8195480364
4036040.1483158376
4036129.7804118353
4619395.199935318
4326737.611459059
4036129.7804118353
4034693.91987815
6951557.278638732
6760491.036796159
4034693.91987815
4031529.118396051
6531037.349817993
6728612.868551112
4031529.118396051
4028513.228510735
3884033.341084583
4207590.815442709
4028513.228510735
4027938.8025752855
1417352.876560992
2150855.3274622373
4027938.8025752855
4030282.3403076124
3117565.9007325983
2664881.2941873344
4030282.3403076124
4033668.313017987
5969317.424531387
5745738.129496489
4033668.313017987
4035840.3857910824
7170641.661505006
7245363.668468293
7996754.783589884
4035991.8342120377
3891442.103763779
4214409.036500807
4035991.8342120377
4035885.6334401416
1421820.8195480364
2153749.538665679
4035885.6334401416
4036189.3766733287
3122666.654090741
2670886.827868019
4036189.3766733287
4035653.9961795732
5976699.364804269
5753422.029133999
4035653.9961795732
4033256.391661795
7167907.915444434
7246962.505414544
4033256.391661795
4029844.557289745
5396721.251806016
5634144.844903525
4029844.557289745
4027816.510623936
2232296.3190194
2756922.6145768263
4027816.510623936
4028821.4796107053
2150855.3274622373
1417353.7482728928
4028821.4796107053
4032012.5129800877
4612157.170147036
4318991.828035276
4032012.5129800877
4035010.359131459
6946264.68128289
6755045.985652446
4035010.359131459
4036164.990200475
6537275.5507335635
6734663.834319482
