4035679.117011302
4036187.585976005
5736061.560151729
5959989.125226106
4036187.585976005
4035871.501827382
2647824.7531260387
3102959.4085006877
4035871.501827382
4035994.6983719785
2150291.353176864
1416578.5623768475
4035994.6983719785
4036175.7831287393
4235598.421454757
3914379.9856005292
4036175.7831287393
4034992.5009301947
6746795.323324773
6549772.973632509
4034992.5009301947
4031976.9370536925
6744347.265474018
6935862.940890518
4031976.9370536925
4028801.6958156815
4296833.351628589
4591415.529267775
4028801.6958156815
4027834.415912201
1412117.6519165616
2147407.325569939
4027834.415912201
4029869.176317902
2774504.333944455
2253970.683313138
4029869.176317902
4033264.7173202047
5652174.5141148195
5415540.155919143
4033264.7173202047
4035679.117011302
7244017.625843497
7172931.69295192
8590459.801267544
4036036.9569097944
4304561.919015174
4598629.969018777
4036036.9569097944
4035864.612764938
1416578.5623768475
2150291.5961205196
4035864.612764938
4036162.8351983875
2778899.8563596453
2259426.081787115
4036162.8351983875
4035818.598513395
5659740.018555363
5423449.520426797
4035818.598513395
4033660.2804786838
7242362.948640664
7175609.086661446
4033660.2804786838
4030256.053254708
5728367.90130768
5952595.457485502
4030256.053254708
4027918.019657038
2641854.687313264
3097902.1073076464
4027918.019657038
4028532.418551534
2147407.325569939
1412116.6691591584
4028532.418551534
4031563.210768595
4228752.232072689
3906947.9872591845
4031563.210768595
4034715.7002828647
6740776.644583517
6543567.717945386
4034715.7002828647
4036119.689683087
6749834.291299804
6941191.948853108
12284750.106502067
4036188.586917559
5736062.732795573
5959989.934355989
4036188.586917559
4035871.3649954903
2647825.0200229846
3102959.954048626
4035871.3649954903
4035994.804715418
2150291.5961205196
1416577.7481644033
4035994.804715418
4036175.907239069
4235598.311210642
3914379.8654506565
4036175.907239069
4034992.6519809025
6746794.9956917595
6549773.017561976
4034992.6519809025
4031976.953850656
6744347.323968667
6935862.637532187
4031976.953850656
4028801.0672516846
4296832.532657963
4591414.75234495
4028801.0672516846
4027834.269884988
1412116.6691591584
2147407.9829297545
4027834.269884988
4029869.876813576
2774504.8602466355
2253970.155582353
4029869.876813576
4033265.014603436
5652174.865554119
5415540.769499831
4033265.014603436
4035677.392691363
7244017.235167434
7172931.944964001
13225016.239469375
4036037.787650973
4304562.081703472
4598629.89936885
4036037.787650973
4035865.114785266
1416577.7481644033
2150290.398518506
4035865.114785266
4036162.126683319
2778900.81485306
2259428.019101308
4036162.126683319
4035818.6998736197
5659739.781857638
5423449.903635572
4035818.6998736197
4033660.767478431
7242363.1921507735
7175608.9666691385
4033660.767478431
4030255.294313865
5728367.2277412005
5952595.321012617
4030255.294313865
4027919.0390143767
2641854.5456155003
3097902.433884534
4027919.0390143767
4028532.736015062
2147407.9829297545
1412116.4640245684
4028532.736015062
4031562.347292401
4228752.937542242
3906947.6239044336
4031562.347292401
4034714.3972957483
6740776.906230208
6543566.876390159
4034714.3972957483
4036120.674025284
6749834.716195859
6941192.7661959175
12078388.120059296
4036188.3279016903
5736062.6067633545
5959989.334045089
4036188.3279016903
4035870.674802724
2647824.434716718
3102959.4309090436
4035870.674802724
4035994.950910974
2150290.398518506
1416578.1082031908
4035994.950910974
4036176.977938072
4235598.390398915
3914378.559184267
4036176.977938072
4034990.542851254
6746794.950765369
6549772.312687609
4034990.542851254
4031978.4114538482
6744348.145576259
6935862.471917696
4031978.4114538482
4028801.804241329
4296833.206137108
4591414.653939296
4028801.804241329
4027833.4144517253
1412116.4640245684
2147407.2873011525
4027833.4144517253
4029870.254046924
2774504.585529595
2253970.4797757585
4029870.254046924
4033264.786230071
5652174.289257722
5415539.730642012
4033264.786230071
4035677.266588898
7244017.129379462
7172930.571075012
8171292.79684746
4036038.0037853685
4304562.0174768
4598629.9361583125
4036038.0037853685
4035864.1766061625
1416578.1082031908
2150291.353176864
4035864.1766061625
4036162.405061176
2778899.1899087937
2259426.4081501034
4036162.405061176
4035818.9484063666
5659738.312640631
5423449.403463793
4035818.9484063666
4033660.4180775434
7242361.845979918
7175609.779765023
4033660.4180775434
4030255.7127160407
5728367.099473588
5952595.604211216
4030255.7127160407
4027919.16422876
2641854.734687622
3097902.2232685364
4027919.16422876
4028531.1030795355
2147407.2873011525
1412117.6519165616
4028531.1030795355
4031562.804987524
4228751.767035076
3906947.6943979436
4031562.804987524
4034714.8037846335
6740775.742961785
6543567.319285578
4034714.8037846335
4036120.184223303
6749833.392631518
6941192.842837175
