4035854.1473740996
4036094.543284522
2317083.6103414907
1658845.2409348933
4036094.543284522
4036025.073084559
5064422.246302614
4798951.671480391
4036025.073084559
4034299.970777553
7153230.145174749
6967683.203028998
4034299.970777553
4031002.4783058385
6232639.987907122
6439361.334396737
4031002.4783058385
4028225.6493385946
3375498.408593815
3743242.025259354
4028225.6493385946
4028121.6474588686
1654142.6913598627
1795335.0192567038
4028121.6474588686
4030797.776502589
3564322.842382508
3175941.0512618637
4030797.776502589
4034131.935598762
6315577.988036895
6104673.725053285
4034131.935598762
4035995.794328001
7034506.667684375
7218339.844585904
4035995.794328001
4036099.2501620995
4974689.027814924
5231257.929912561
4036099.2501620995
4035854.1473740996
1800201.4357907372
2420307.0362785584
5567017.139325862
4036203.4853070932
3570225.1467581014
3182595.842990347
4036203.4853070932
4035424.0146584893
6322544.386361411
6111891.670625393
4035424.0146584893
4032747.7191474005
7030557.073431852
7214495.099652714
4032747.7191474005
4029373.179961738
4966707.517411446
5223683.704504113
4029373.179961738
4027776.124704383
1795335.0192567038
2416734.76387287
4027776.124704383
4029216.622648719
2313768.793810078
1654143.2305493436
4029216.622648719
4032532.1904749265
5056897.82483204
4790993.768904113
4032532.1904749265
4035319.7845231346
7148952.047218242
6963287.683169021
4035319.7845231346
4036201.704933111
6239619.718119485
6446109.471814856
4036201.704933111
4035943.1283373106
3382385.5946439407
3749427.424654559
4035943.1283373106
4035909.908675451
1658845.2409348933
1800200.872684334
2648432.653190639
4036094.79735426
2317083.202701702
1658845.0553175074
4036094.79735426
4036025.017275514
5064422.319996468
4798951.406886518
4036025.017275514
4034299.913280494
7153229.926935212
6967683.491235246
4034299.913280494
4031002.168878463
6232640.24805207
6439361.600511534
4031002.168878463
4028226.970021659
3375499.1991729443
3743243.102445955
4028226.970021659
4028121.3505664403
1654143.2305493436
1795336.393875532
4028121.3505664403
4030796.0563460826
3564323.2813872234
3175941.257486796
4030796.0563460826
4034134.8354198188
6315576.107311642
6104673.646820795
4034134.8354198188
4035993.547127745
7034505.9085872285
7218339.351046088
4035993.547127745
4036100.7438820475
4974689.569617551
5231258.228704568
4036100.7438820475
4035852.91079275
1800200.872684334
2420305.8945874553
1920279.6157142716
4036203.3859841563
3570225.5140039255
3182596.860992323
4036203.3859841563
4035423.538611398
6322544.238092261
6111891.186832548
4035423.538611398
4032748.9842514372
7030557.468469125
7214495.208833252
4032748.9842514372
4029372.8059243406
4966707.990330721
5223683.927894209
4029372.8059243406
4027776.6292045857
1795336.393875532
2416734.7062263386
4027776.6292045857
4029216.317535181
2313767.9086617026
1654143.760607669
4029216.317535181
4032532.3806085745
5056897.715042726
4790993.736050213
4032532.3806085745
4035320.488718262
7148953.140129711
6963287.76538937
4035320.488718262
4036200.6216837545
6239618.741362858
6446108.868354839
4036200.6216837545
4035942.5720442384
3382385.5821055453
3749427.2957802834
4035942.5720442384
4035909.531553165
1658845.0553175074
1800200.7067562893
1411505.82267373
4036095.039137344
2317082.5821464653
1658844.1723659204
4036095.039137344
4036026.1322475295
5064421.895176888
4798950.285274844
4036026.1322475295
4034299.4719769163
7153229.981162863
6967682.358518984
4034299.4719769163
4031002.1827188353
6232639.77128061
6439360.674848985
4031002.1827188353
4028225.707634116
3375498.9650059077
3743242.0738925217
4028225.707634116
4028122.4299456077
1654143.760607669
1795335.9643441131
4028122.4299456077
4030796.1205508807
3564323.0671667913
3175941.091432585
4030796.1205508807
4034134.696417955
6315576.190912533
6104672.023561419
4034134.696417955
4035993.304706716
7034506.20077049
7218338.639033046
4035993.304706716
4036100.9028975447
4974689.572647451
5231257.527686552
4036100.9028975447
4035852.4223430133
1800200.7067562893
2420306.1932770447
4896158.997240327
4036203.338401534
3570224.0740298363
3182596.9050653134
4036203.338401534
4035424.3154199906
6322543.102319251
6111891.419550069
4035424.3154199906
4032747.932160887
7030555.982882999
7214495.44186979
4032747.932160887
4029373.208941249
4966706.741352158
5223683.683180432
4029373.208941249
4027776.297630943
1795335.9643441131
2416735.466081233
4027776.297630943
4029216.6533594304
2313768.0679382063
1654142.6913598627
4029216.6533594304
4032532.7389683244
5056896.743388101
4790993.860436074
4032532.7389683244
4035319.812453988
7148951.163946744
6963288.4469735995
4035319.812453988
4036201.4974590666
6239618.555338226
6446108.931094913
4036201.4974590666
4035942.669648818
3382384.999212612
3749427.380387633
4035942.669648818
4035909.908206371
1658844.1723659204
1800201.4357907372
