4035884.014631197
4035992.801149346
2151307.6445333776
1418119.1537478436
4035992.801149346
4036164.8705088515
4229127.265254165
3907375.08266923
4036164.8705088515
4034997.5656858245
6743095.5363669805
6545962.176192535
4034997.5656858245
4031995.3685102426
6747630.575744088
6939056.308120467
4031995.3685102426
4028808.564168572
4303610.343844175
4597756.798079373
4028808.564168572
4027821.105808376
1413659.3187235964
2148422.717962718
4027821.105808376
4029860.457926056
2769109.358045934
2247329.114107149
4029860.457926056
4033272.0225913157
5646666.636876926
5409793.040447657
4033272.0225913157
4035676.1498771026
7244927.794475844
7171409.454942524
4035676.1498771026
4036175.192128871
5741371.469295397
5965099.6980616255
4036175.192128871
4035884.014631197
2654873.169776801
3108980.0707914243
5500067.04806773
4036161.998736954
2773491.879735375
2252775.2793148
4036161.998736954
4035832.960413675
5654233.8860754
5417704.708829486
4035832.960413675
4033667.225387549
7243291.340344686
7174104.013977464
4033667.225387549
4030251.0030795382
5733682.405749029
5957710.086659046
4030251.0030795382
4027934.608914994
2648893.164308255
3103909.2805713923
4027934.608914994
4028524.9396901582
2148422.717962718
1413659.6078815372
4028524.9396901582
4031542.12900651
4222288.505984588
3899949.5890459656
4031542.12900651
4034711.707080778
6737065.862400209
6539743.843943266
4034711.707080778
4036131.131004618
6753104.347308496
6944373.546427495
4036131.131004618
4036040.6005449668
4311342.980958458
4604976.665163076
4036040.6005449668
4035850.1431643674
1418119.1537478436
2151307.7038824693
3436425.244357536
4035992.3579299357
2151307.7038824693
1418120.5893840732
4035992.3579299357
4036164.6812833576
4229126.038098024
3907375.405886532
4036164.6812833576
4034997.772322178
6743095.216865311
6545961.86717122
4034997.772322178
4031995.2216091477
6747630.180897089
6939056.037751978
4031995.2216091477
4028808.316409472
4303610.56543542
4597757.006822409
4028808.316409472
4027821.6161009376
1413659.6078815372
2148423.179792435
4027821.6161009376
4029859.8925207723
2769109.3906762158
2247328.781219043
4029859.8925207723
4033272.766954005
5646666.316651311
5409793.475992738
4033272.766954005
4035675.6065105204
7244927.388776659
7171409.645955061
4035675.6065105204
4036174.5521707125
5741371.189155512
5965099.313968498
4036174.5521707125
4035885.431905388
2654872.236484007
3108980.2081468343
851172.0349073095
4036160.85566722
2773492.0295993225
2252775.9001236954
4036160.85566722
4035835.5821229224
5654234.451625986
5417704.913480658
4035835.5821229224
4033666.115272584
7243291.038342123
7174105.018481897
4033666.115272584
4030251.8629009016
5733682.157144231
5957710.1692537945
4030251.8629009016
4027933.5340002896
2648892.5023873243
3103907.8587918156
4027933.5340002896
4028524.678587616
2148423.179792435
1413659.4520899805
4028524.678587616
4031543.763838536
4222288.39466204
3899949.216224396
4031543.763838536
4034709.5180535787
6737066.669465478
6539744.7721309
4034709.5180535787
4036130.836863356
6753104.144655019
6944373.60583604
4036130.836863356
4036040.400344505
4311343.543963853
4604977.250174153
4036040.400344505
4035851.4255962186
1418120.5893840732
2151307.7506462713
2605186.070021229
4035993.2059555696
2151307.7506462713
1418120.7323370338
4035993.2059555696
4036163.494186667
4229126.830606404
3907374.3001111634
4036163.494186667
4034999.4178592335
6743095.00429166
6545960.052279387
4034999.4178592335
4031994.876590583
6747630.940626835
6939055.0069810655
4031994.876590583
4028808.2866728175
4303610.059364278
4597756.207685761
4028808.2866728175
4027820.869057552
1413659.4520899805
2148423.3662862154
4027820.869057552
4029861.134525435
2769108.9535014858
2247327.9555117507
4029861.134525435
4033272.1090830793
5646666.19025071
5409792.96878719
4033272.1090830793
4035675.8471405227
7244927.243001584
7171408.201834349
4035675.8471405227
4036174.2955638426
5741371.272532204
5965098.24010027
4036174.2955638426
4035884.619716731
2654872.7739686803
3108978.67018633
4819910.76458889
4036162.1789541976
2773491.610188399
2252775.4693327914
4036162.1789541976
4035832.8068597727
5654233.481075933
5417706.372527296
4035832.8068597727
4033667.028058537
7243290.112810611
7174104.189685711
4033667.028058537
4030252.2009348706
5733682.007561885
5957710.224815734
4030252.2009348706
4027934.254285135
2648892.6649242095
3103908.7482936936
4027934.254285135
4028524.1256777938
2148423.3662862154
1413659.3187235964
4028524.1256777938
4031543.757282655
4222287.595931285
3899948.9362342497
4031543.757282655
4034710.2796109165
6737065.411261958
6539745.419508409
4034710.2796109165
4036130.371791673
6753102.316575809
6944373.91719691
4036130.371791673
4036040.4339818973
4311342.951872773
4604977.546337442
4036040.4339818973
4035851.048931664
1418120.7323370338
2151307.6445333776
