4035902.2228741725
4035964.752426987
2006354.3751429871
1514643.4858926476
4035964.752426987
4036181.4306531195
3979498.3212339366
3635739.3742025844
4036181.4306531195
4035170.9105814644
6594372.822967709
6392665.75342725
4035170.9105814644
4032283.371293991
6866472.4551957
7054680.886314909
4032283.371293991
4029014.119415094
4560690.316301668
4839250.933680246
4029014.119415094
4027781.6667236323
1510093.1581797362
2213070.9424850615
4027781.6667236323
4029606.073270322
2573390.2160851876
2001231.7291621615
4029606.073270322
4033005.1773850312
5430482.698791442
5183753.917668238
4033005.1773850312
4035552.090683078
7272097.865493961
7105041.055372463
4035552.090683078
4036186.579620701
5939672.496832191
6156209.757480164
4036186.579620701
4035902.2228741725
2928173.3581910967
3345397.830514603
5525749.153813317
4036139.1990522793
2577333.6051597614
2006354.2169092814
4036139.1990522793
4035921.2255348763
5438086.017790077
5191734.401651503
4035921.2255348763
4033914.5095750587
7271174.658558959
7108401.805660584
4033914.5095750587
4030527.001855104
5932203.873618901
6149014.609094107
4030527.001855104
4028027.2422679192
2921837.2749819537
3339886.8385900487
4028027.2422679192
4028360.5915504512
2001231.7291621615
1510093.0133301083
4028360.5915504512
4031254.4855694966
3972976.8289383505
3628574.6543977456
4031254.4855694966
4034503.2102221143
6587942.64279756
6386023.760750643
4034503.2102221143
4036087.5978051685
6871401.704121376
7059474.938752275
4036087.5978051685
4036069.1667707223
4568565.07238567
4846655.365634657
4036069.1667707223
4035844.1648279266
1514643.4858926476
2216127.899978248
3825843.022672899
4035964.789381801
2006354.2169092814
1514641.7120107152
4035964.789381801
4036181.701153502
3979498.574942738
3635739.2833113307
4036181.701153502
4035170.7863513427
6594373.01076172
6392665.363813783
4035170.7863513427
4032282.672142829
6866472.255615934
7054680.67321512
4032282.672142829
4029014.302914633
4560690.377668848
4839250.847225787
4029014.302914633
4027781.7871985342
1510093.0133301083
2213072.451406754
4027781.7871985342
4029607.1561080883
2573390.359378545
2001230.85058542
4029607.1561080883
4033003.507040251
5430482.156730543
5183755.250945049
4033003.507040251
4035552.7210067143
7272098.176315724
7105040.123125655
4035552.7210067143
4036185.2414968926
5939672.7919744225
6156210.301188878
4036185.2414968926
4035903.2566632894
2928174.304517802
3345400.3883850384
1362682.2797095233
4036139.830622935
2577333.840263277
2006355.3687075775
4036139.830622935
4035921.1508532697
5438085.5598798245
5191734.105613639
4035921.1508532697
4033914.7386285127
7271174.583586874
7108401.70753371
4033914.7386285127
4030526.3359582457
5932202.976663712
6149014.447922218
4030526.3359582457
4028028.3005610397
2921836.616711947
3339886.928046138
4028028.3005610397
4028359.097757497
2001230.85058542
1510092.813165531
4028359.097757497
4031255.1501701754
3972976.954420923
3628574.0335211703
4031255.1501701754
4034502.9955119686
6587943.196261507
6386024.312593867
4034502.9955119686
4036087.654753028
6871402.070531444
7059474.477616298
4036087.654753028
4036070.1501053288
4568564.511391841
4846654.8286509495
4036070.1501053288
4035843.039533194
1514641.7120107152
2216125.7230226835
3100798.2479778593
4035966.509679381
2006355.3687075775
1514641.8082503243
4035966.509679381
4036180.0803948687
3979498.223254456
3635739.810638482
4036180.0803948687
4035172.5694303364
6594372.698978215
6392663.396147239
4035172.5694303364
4032281.8940960546
6866472.353227219
7054679.249720249
4032281.8940960546
4029015.079802208
4560690.692677498
4839250.567482126
4029015.079802208
4027781.5462117605
1510092.813165531
2213071.2104817494
4027781.5462117605
4029607.26000942
2573390.4695322122
2001231.8259198118
4029607.26000942
4033002.671517917
5430482.322321529
5183753.7914748285
4033002.671517917
4035552.519591369
7272097.777351863
7105038.568845976
4035552.519591369
4036185.301348555
5939672.595190317
6156210.11080041
4036185.301348555
4035902.340819375
2928173.09716935
3345398.3921961794
4849192.769553788
4036139.331242241
2577333.542245175
2006354.3751429871
4036139.331242241
4035920.8370477636
5438085.319448049
5191734.2799201775
4035920.8370477636
4033914.5909555065
7271173.508704131
7108401.692732831
4033914.5909555065
4030526.720910083
5932202.60097068
6149014.852219388
4030526.720910083
4028028.075161879
2921836.5194964707
3339886.862866098
4028028.075161879
4028360.036120891
2001231.8259198118
1510093.1581797362
4028360.036120891
4031254.7760847597
3972976.6231185882
3628575.3214751817
4031254.7760847597
4034502.855290677
6587941.625924392
6386024.708519563
4034502.855290677
4036087.219894582
6871400.768312384
7059474.606190504
4036087.219894582
4036070.9974274216
4568564.677481652
4846654.72240224
4036070.9974274216
4035842.6745985467
1514641.8082503243
2216126.3369924123
