4034356.2805972337
4036054.373100622
6941783.7685649935
7128002.640031171
4036054.373100622
4036075.0769731724
4734668.570346368
5003545.312139866
4036075.0769731724
4035854.0246794457
1613631.1927387947
2284933.7494904324
4035854.0246794457
4036121.5747424415
2461918.83257032
1855771.7191052553
4036121.5747424415
4035972.085556285
5290287.360663846
5036721.725710701
4035972.085556285
4034061.617947624
7239909.269679539
7056635.672762364
4034061.617947624
4030722.273259258
6057083.878721246
6269586.118888162
4030722.273259258
4028101.3710211925
3104182.451277072
3500529.876661541
4028101.3710211925
4028264.3957321164
1850837.7798975336
1608980.8215178484
4028264.3957321164
4031064.9112468367
3807922.042168857
3447079.4477749793
4031064.9112468367
4034356.2805972337
6482321.405774082
6277012.567531572
9013669.769759798
4036202.020939406
6064375.59291592
6276621.224996122
4036202.020939406
4035917.7943659136
3110745.8375823135
3506323.1992670554
4035917.7943659136
4035947.20032511
1855771.7191052553
1613631.0938473225
4035947.20032511
4036188.3181830067
3814206.071581833
3454049.1227848846
4036188.3181830067
4035277.3794261036
6488985.397198941
6283902.850800165
4035277.3794261036
4032469.932072642
6937235.4590095095
7123578.008900917
4032469.932072642
4029146.7330551283
4726734.019164399
4996055.102435282
4029146.7330551283
4027780.096031998
1608980.8215178484
2281701.32260463
4027780.096031998
4029446.412079307
2458245.8577430076
1850836.6595411485
4029446.412079307
4032823.4785325034
5282694.873042788
5028731.21138031
4032823.4785325034
4035448.750947845
7236221.81960995
7052848.192904844
12582172.07274367
4036053.2284925296
6941782.125326589
7128001.396191607
4036053.2284925296
4036075.3137991517
4734670.369338193
5003546.874637537
4036075.3137991517
4035854.3883273844
1613631.0938473225
2284933.263100109
4035854.3883273844
4036121.217809971
2461919.2582041747
1855772.309788249
4036121.217809971
4035972.6426154315
5290287.222900961
5036722.261044652
4035972.6426154315
4034061.185508245
7239909.408267653
7056635.211914568
4034061.185508245
4030722.5187429097
6057084.528311099
6269586.043236205
4030722.5187429097
4028101.3546671867
3104182.199383403
3500529.6406976804
4028101.3546671867
4028264.9442873723
1850836.6595411485
1608980.677950494
4028264.9442873723
4031063.353374743
3807921.38255272
3447079.078289713
4031063.353374743
4034358.353584022
6482320.043325117
6277012.022145965
14309099.801511902
4036203.3420256237
6064375.265390408
6276621.791306371
4036203.3420256237
4035916.262976549
3110745.7729518414
3506322.1029117624
4035916.262976549
4035948.622236351
1855772.309788249
1613630.7950587124
4035948.622236351
4036186.541318709
3814206.3242626693
3454049.7702512825
4036186.541318709
4035279.1332403976
6488984.785801214
6283903.1775247
4035279.1332403976
4032469.97440995
6937234.979620253
7123576.824570022
4032469.97440995
4029145.451986605
4726733.249600342
4996054.082801767
4029145.451986605
4027780.3970970125
1608980.677950494
2281700.8563549896
4027780.3970970125
4029446.214347815
2458246.4182736925
1850837.5547762576
4029446.214347815
4032823.5265472075
5282695.691867697
5028731.812187243
4032823.5265472075
4035448.4110307465
7236222.04138779
7052848.153431715
12380745.813797757
4036053.8516265955
6941783.068563317
7128000.44952556
4036053.8516265955
4036074.9048285102
4734668.925480974
5003546.537094514
4036074.9048285102
4035853.47854044
1613630.7950587124
2284933.70827539
4035853.47854044
4036121.186711903
2461918.5917910524
1855771.2277769872
4036121.186711903
4035972.9552988084
5290286.784887633
5036719.8063233765
4035972.9552988084
4034061.1058925847
7239909.719356887
7056633.615572366
4034061.1058925847
4030722.7782421587
6057084.51626345
6269585.438948106
4030722.7782421587
4028101.0698592537
3104182.2844782253
3500529.366115824
4028101.0698592537
4028265.306574892
1850837.5547762576
1608981.3454069414
4028265.306574892
4031063.513499012
3807922.8451598985
3447079.0448223785
4031063.513499012
4034357.962666535
6482320.192971348
6277010.72626876
8615012.52982812
4036202.7050084462
6064374.096097493
6276622.4741003
4036202.7050084462
4035917.6565922713
3110746.2728923666
3506322.273722109
4035917.6565922713
4035947.494621672
1855771.2277769872
1613631.1927387947
4035947.494621672
4036188.3575727073
3814204.8694972005
3454048.998427079
4036188.3575727073
4035277.190325895
6488983.218168174
6283903.134211168
4035277.190325895
4032470.1068797056
6937233.946378888
7123577.764994438
4032470.1068797056
4029145.9437811207
4726733.588507339
4996055.033177802
4029145.9437811207
4027781.3481906434
1608981.3454069414
2281701.4919428276
4027781.3481906434
4029445.8874854576
2458246.6266523814
1850837.7798975336
4029445.8874854576
4032822.836022035
5282693.975440351
5028732.076955268
4032822.836022035
4035449.4456315134
7236220.368639745
7052848.430234817
