4036072.0476431814
4035854.234981413
1532425.368674748
2228319.526440974
4035854.234981413
4036123.1360654067
2553242.9669519677
1975311.2843910118
4036123.1360654067
4035932.5998372906
5408811.376873314
5161064.121563338
4035932.5998372906
4033946.8924769904
7273714.145903712
7098571.487576503
4033946.8924769904
4030575.4666268034
5957605.1079486925
6173524.828647832
4030575.4666268034
4028029.8891307777
2958235.6486251913
3371775.1009124815
4028029.8891307777
4028340.582861307
1970225.90993717
1527857.4666719774
4028340.582861307
4031228.2049878575
3939935.3349819635
3592369.787529675
4031228.2049878575
4034474.5132064754
6567257.330342884
6364682.325840189
4034474.5132064754
4036070.4078160296
6885984.534154081
7073668.67464733
4036070.4078160296
4036072.0476431814
4602064.6698442865
4878248.987883865
6085268.195151164
4035960.8505627103
1975311.2843910118
1532425.7879841807
4035960.8505627103
4036195.3373721894
3946409.2490653964
3599497.92726747
4036195.3373721894
4035192.2948386394
6573735.770439315
6371375.174901552
4035192.2948386394
4032309.039378725
6881129.83439441
7068948.006626203
4032309.039378725
4029043.327956189
4594177.081879568
4870825.698915345
4029043.327956189
4027787.462585003
1527857.4666719774
2225231.925915996
4027787.462585003
4029563.9521478936
2549354.4896904295
1970226.2245401621
4029563.9521478936
4032968.3536009365
5401207.446422406
5153081.393286045
4032968.3536009365
4035532.7548038973
7274541.990583288
7095123.695911199
4035532.7548038973
4036202.3966427105
5965041.432338481
6180691.743993721
4036202.3966427105
4035892.6864944096
2964617.1260703187
3377343.32979442
6670625.719751486
4035855.7043074407
1532425.7879841807
2228320.9472611533
4035855.7043074407
4036122.847557104
2553244.2958957935
1975311.4889330904
4036122.847557104
4035932.591939238
5408811.477439992
5161064.495520001
4035932.591939238
4033946.1862269016
7273713.650620496
7098571.604730732
4033946.1862269016
4030575.9397062054
5957605.236795274
6173525.04050895
4030575.9397062054
4028030.4908850966
2958235.163203371
3371774.8949453305
4028030.4908850966
4028339.626101646
1970226.2245401621
1527858.7546989783
4028339.626101646
4031229.4486811403
3939934.470216603
3592369.424041253
4031229.4486811403
4034475.1664520903
6567257.196844209
6364682.700804818
4034475.1664520903
4036067.6532493383
6885983.479439852
7073668.336421763
4036067.6532493383
4036072.574340339
4602064.896412997
4878249.749436238
5276119.4236479895
4035961.1496253978
1975311.4889330904
1532426.5027844321
4035961.1496253978
4036193.1503010127
3946409.303012641
3599496.79397774
4036193.1503010127
4035192.1158141512
6573734.809038357
6371374.208259492
4035192.1158141512
4032310.674838707
6881129.829632267
7068948.045875284
4032310.674838707
4029042.2969012475
4594176.935395304
4870825.724611608
4029042.2969012475
4027788.613830043
1527858.7546989783
2225233.049432906
4027788.613830043
4029562.2279573237
2549354.3539380897
1970226.0997273575
4029562.2279573237
4032969.2005415754
5401206.97032244
5153081.145916377
4032969.2005415754
4035532.1261010086
7274541.953635382
7095124.292597893
4035532.1261010086
4036202.424982658
5965041.882124573
6180691.981801866
4036202.424982658
4035893.946075721
2964616.6928078365
3377344.1390470373
6282830.19938207
4035855.883254869
1532426.5027844321
2228320.325139333
4035855.883254869
4036122.9645303697
2553243.520706542
1975312.531452183
4036122.9645303697
4035932.050727922
5408811.502134209
5161063.753201534
4035932.050727922
4033946.567258676
7273713.295000009
7098569.921287889
4033946.567258676
4030575.4429372
5957604.881561714
6173523.990934518
4030575.4429372
4028031.0741896727
2958236.289136057
3371774.6606836086
4028031.0741896727
4028338.7846213123
1970226.0997273575
1527857.7059260132
4028338.7846213123
4031229.9126506043
3939934.011820939
3592367.892881949
4031229.9126506043
4034475.216145295
6567257.405318511
6364681.281387742
4034475.216145295
4036067.8900316497
6885983.59219942
7073667.187847554
4036067.8900316497
4036072.6372370487
4602064.962541598
4878248.203060798
5478167.767431171
4035960.777672752
1975312.531452183
1532425.368674748
4035960.777672752
4036195.465632156
3946410.0419425224
3599496.870513225
4036195.465632156
4035191.921800326
6573734.613193761
6371375.263616974
4035191.921800326
4032309.066671796
6881128.041850894
7068948.362002017
4032309.066671796
4029043.482536827
4594175.948716157
4870825.9123378685
4029043.482536827
4027787.4716018992
1527857.7059260132
2225231.9500934826
4027787.4716018992
4029563.3441741318
2549354.3737795716
1970225.90993717
4029563.3441741318
4032968.417198785
5401206.465707815
5153081.36069971
4032968.417198785
4035532.2591207223
7274540.700010839
7095124.124044902
4035532.2591207223
4036203.174209442
5965040.910307911
6180692.572920042
4036203.174209442
4035892.7518815654
2964615.4206081163
3377343.559752236
