4036190.7707522325
4035888.394615134
2696556.9800679046
3144647.35622643
4035888.394615134
4035975.8073333236
2158038.1469427343
1428304.4587980337
4035975.8073333236
4036180.7969829887
4190836.1688290276
3865903.990840936
4036180.7969829887
4035024.6319034626
6721080.842105742
6523283.34528791
4035024.6319034626
4032040.1298150173
6766815.818412913
6957713.141505274
4032040.1298150173
4028826.9023197605
4343565.104016396
4635180.8833646225
4028826.9023197605
4027823.8597752135
1423831.4323955607
2155133.8983647134
4027823.8597752135
4029821.4326895857
2737563.891376641
2208344.7367731603
4029821.4326895857
4033233.816976471
5614031.66880049
5375722.622114365
4033233.816976471
4035641.7404888305
7250103.173166982
7162194.356228887
4035641.7404888305
4036190.7707522325
5772606.505443381
5995172.279037945
6868541.488119829
4035863.666128792
1428304.4587980337
2158039.0501020756
4035863.666128792
4036158.1054283967
2741878.9780021464
2213741.0256166835
4036158.1054283967
4035848.1294068783
5621609.990163627
5383649.12274695
4035848.1294068783
4033693.5877126157
7248575.848117259
7164992.609501645
4033693.5877126157
4030306.175949043
5764946.224076165
5987807.508911241
4030306.175949043
4027945.437942688
2690519.1282813516
3139507.7782855895
4027945.437942688
4028485.7425271296
2155133.8983647134
1423830.759932832
4028485.7425271296
4031514.908421027
4184043.1836865195
3858513.3123751376
4031514.908421027
4034675.0922193625
6714987.590812724
6516997.856544381
4034675.0922193625
4036128.152984231
6772208.411911669
6962953.475887332
4036128.152984231
4036029.722400455
4351322.783839954
4642431.796735784
8907507.997057261
4035887.1209862623
2696555.2059630924
3144647.378486522
4035887.1209862623
4035976.035020208
2158039.0501020756
1428303.5540315278
4035976.035020208
4036180.994053003
4190836.428795133
3865903.26717764
4036180.994053003
4035023.8706157845
6721080.310543083
6523283.997039945
4035023.8706157845
4032040.451399243
6766815.209450286
6957713.329413374
4032040.451399243
4028827.618507682
4343565.527091208
4635180.174501442
4028827.618507682
4027823.1002393914
1423830.759932832
2155132.692557388
4027823.1002393914
4029822.2298388644
2737563.853618972
2208345.38526564
4029822.2298388644
4033233.4751484254
5614031.667984471
5375722.4096380845
4033233.4751484254
4035641.485012113
7250102.250343633
7162194.559663515
4035641.485012113
4036191.787536938
5772606.787096789
5995172.72415696
8271395.16980493
4035862.360925698
1428303.5540315278
2158039.223719706
4035862.360925698
4036158.8380423617
2741878.256664991
2213740.2344006794
4036158.8380423617
4035849.2252679067
5621609.933096932
5383648.127210254
4035849.2252679067
4033690.571619796
7248575.136445453
7164993.310597207
4033690.571619796
4030306.8141989047
5764946.976186565
5987808.087152334
4030306.8141989047
4027945.97948936
2690519.167366304
3139508.090590079
4027945.97948936
4028486.5638123644
2155132.692557388
1423831.123062627
4028486.5638123644
4031513.726343573
4184043.1059745345
3858514.1118022567
4031513.726343573
4034676.2064684248
6714987.3008018015
6516997.856044338
4034676.2064684248
4036128.183299482
6772208.462025728
6962953.293457456
4036128.183299482
4036030.164787788
4351323.414907828
4642431.130478179
8620849.054313825
4035887.289526342
2696553.9607297406
3144645.776976404
4035887.289526342
4035976.4353173804
2158039.223719706
1428303.978013062
4035976.4353173804
4036180.5063578123
4190837.1095539047
3865903.924087178
4036180.5063578123
4035023.910245032
6721080.155591947
6523282.5787425805
4035023.910245032
4032040.509764471
6766814.614319184
6957711.927936058
4032040.509764471
4028827.2965394985
4343565.883354408
4635179.866496871
4028827.2965394985
4027823.068447703
1423831.123062627
2155133.0267503285
4027823.068447703
4029821.9386853576
2737563.4376986763
2208344.37785444
4029821.9386853576
4033233.9583346527
5614032.40109512
5375721.716892277
4033233.9583346527
4035641.377781379
7250102.569582638
7162193.116085998
4035641.377781379
4036191.6515492904
5772606.226100399
5995172.190391977
6336815.075753587
4035862.777085027
1428303.978013062
2158038.1469427343
4035862.777085027
4036158.1618418884
2741878.889589434
2213740.9881587923
4036158.1618418884
4035847.839167137
5621609.58689767
5383648.877213423
4035847.839167137
4033693.4706774484
7248574.3564913245
7164993.18208455
4033693.4706774484
4030305.688368453
5764944.938739639
5987807.45286763
4030305.688368453
4027945.6636331943
2690519.8572134515
3139507.669882214
4027945.6636331943
4028486.5118612708
2155133.0267503285
1423831.4323955607
4028486.5118612708
4031513.7486974653
4184042.9742057165
3858514.1944650793
4031513.7486974653
4034676.223240472
6714985.464265655
6516998.559400826
4034676.223240472
4036127.6760507943
6772207.03936741
6962953.922672715
4036127.6760507943
4036030.860613335
4351323.4286856735
4642431.902009846
