4034234.512431258
4036019.173655332
6995914.089543412
7180732.389123605
4036019.173655332
4036091.3666755073
4871294.591970707
5133026.573062964
4036091.3666755073
4035852.785601417
1714019.245612925
2356904.6958033023
4035852.785601417
4036106.0414815005
2375805.9719752343
1739921.1131862416
4036106.0414815005
4036010.5361732
5163568.566834768
4903463.493403983
4036010.5361732
4034191.1018889737
7192652.806989057
7008146.214154614
4034191.1018889737
4030878.4773427183
6157745.750782779
6366894.710434733
4030878.4773427183
4028170.4683976495
3257511.326097151
3637196.753864317
4028170.4683976495
4028189.42662541
1735125.4499280357
1709258.557857882
4028189.42662541
4030903.1253087106
3669950.1540374625
3294037.646182166
4030903.1253087106
4034234.512431258
6389542.029534379
6181158.301024334
9015844.577862086
4036203.4851614563
6164867.119124469
6373774.972424775
4036203.4851614563
4035930.921414774
3264258.758994957
3643214.831904095
4035930.921414774
4035933.500363202
1739921.1131862416
1714019.5716928272
4035933.500363202
4036190.707379093
3676023.0002699546
3300831.9464635495
4036190.707379093
4035362.0491407043
6396385.352540353
6188241.185279834
4035362.0491407043
4032627.0902391826
6991700.9827513425
7176632.214316136
4032627.0902391826
4029272.15301579
4863325.825343101
5125482.286543741
4029272.15301579
4027776.5517031113
1709258.557857882
2353493.2743409183
4027776.5517031113
4029315.853254592
2372342.4183564004
1735124.1065095856
4029315.853254592
4032667.7814637027
5156006.6609567
4895484.725161909
4032667.7814637027
4035368.4788186336
7188628.660017862
7004012.199198129
12541966.405993303
4036019.8789680097
6995914.478839679
7180733.343737949
4036019.8789680097
4036090.966592583
4871295.232321607
5133027.592302125
4036090.966592583
4035853.4903702256
1714019.5716928272
2356904.877668287
4035853.4903702256
4036106.019696193
2375806.1893590786
1739921.4990205108
4036106.019696193
4036011.3016178794
5163567.961304911
4903463.8950435715
4036011.3016178794
4034190.7650584257
7192653.1258244235
7008146.738004391
4034190.7650584257
4030878.8868576554
6157744.990063649
6366894.285175451
4030878.8868576554
4028169.814818042
3257511.29552974
3637195.713648626
4028169.814818042
4028188.6058587604
1735124.1065095856
1709257.7843211198
4028188.6058587604
4030904.8121739193
3669949.5603068196
3294036.5413648123
4030904.8121739193
4034233.2575920867
6389542.673051755
6181158.976506675
14314754.590521129
4036204.03275443
6164867.6379977865
6373774.520912667
4036204.03275443
4035929.586046612
3264258.4590941556
3643213.3825821606
4035929.586046612
4035934.3645506054
1739921.4990205108
1714019.6675464648
4035934.3645506054
4036188.883820262
3676023.7604436087
3300833.464407366
4036188.883820262
4035362.853552411
6396385.686174029
6188241.336746914
4035362.853552411
4032627.019184195
6991700.663951158
7176632.969476048
4032627.019184195
4029272.0107262395
4863324.572353856
5125482.113875338
4029272.0107262395
4027776.488099692
1709257.7843211198
2353491.9131218484
4027776.488099692
4029314.4328811076
2372343.07098731
1735125.870784109
4029314.4328811076
4032669.02739125
5156006.59065153
4895483.260169664
4032669.02739125
4035369.0917897015
7188628.575685855
7004011.9305367805
12339884.321297992
4036019.96492551
6995914.271401136
7180732.153825259
4036019.96492551
4036091.105610763
4871294.36404936
5133026.871875502
4036091.105610763
4035852.2656491073
1714019.6675464648
2356904.8312303973
4035852.2656491073
4036107.0382949826
2375804.7470454816
1739920.3163934513
4036107.0382949826
4036010.429670012
5163568.149797889
4903462.067399285
4036010.429670012
4034191.923141867
7192652.964170778
7008144.766695806
4034191.923141867
4030879.076197201
6157745.021917387
6366893.009190555
4030879.076197201
4028169.260100141
3257510.722137906
3637194.8276238306
4028169.260100141
4028189.2882677526
1735125.870784109
1709258.7772718454
4028189.2882677526
4030903.968185308
3669950.250167918
3294037.4143790524
4030903.968185308
4034233.695550835
6389542.0233795
6181157.703063771
8617283.615413323
4036204.1907195663
6164866.650105342
6373774.750031818
4036204.1907195663
4035929.8717478435
3264258.1737324763
3643213.7685587946
4035929.8717478435
4035933.4261279944
1739920.3163934513
1714019.245612925
4035933.4261279944
4036190.818829456
3676021.3907746295
3300831.8146418175
4036190.818829456
4035362.0749577247
6396384.160214871
6188241.800952906
4035362.0749577247
4032627.0148744225
6991699.430709948
7176633.081774887
4032627.0148744225
4029272.231141564
4863324.098938661
5125481.5172215225
4029272.231141564
4027776.631664814
1709258.7772718454
2353492.221989053
4027776.631664814
4029314.8194945822
2372342.543559905
1735125.4499280357
4029314.8194945822
4032667.6260500397
5156006.563304498
4895484.587552436
4032667.6260500397
4035369.3461708836
7188626.923492533
7004012.229941811
