4035434.5293440092
4036202.569790469
6101166.451088213
6312177.1005904125
4036202.569790469
4035909.413406777
3166264.7988073225
3555675.2666686606
4035909.413406777
4035942.9939583396
1812631.1939762025
1648282.9916135457
4035942.9939583396
4036201.187484358
3764134.065284216
3398679.467128934
4036201.187484358
4035308.04426583
6455925.271240975
6249760.698852141
4035308.04426583
4032517.421528025
6957456.099995694
7143272.234371954
4032517.421528025
4029203.3387881215
4776443.640835764
5043114.035108764
4029203.3387881215
4027775.689178314
1643593.7083708998
2306237.7026051
4027775.689178314
4029401.2399034007
2425972.2638745853
1807748.4896164949
4029401.2399034007
4032751.758338692
5237145.951689823
4980860.818922691
4032751.758338692
4035434.5293440092
7219515.971897283
7035709.418839608
8757916.299752647
4036093.4908646448
4784394.049282235
5050628.532557801
4036093.4908646448
4035851.583723599
1648282.9916135457
2309532.9562782547
4035851.583723599
4036116.876509246
2429566.021852321
1812630.9292133993
4036116.876509246
4035974.4131144
5244727.235453298
4988848.790907261
4035974.4131144
4034120.0920938835
7223326.708457053
7039623.090942023
4034120.0920938835
4030778.925631651
6093934.075186629
6305195.794887363
4030778.925631651
4028112.7020176505
3159634.8623001915
3549799.426247643
4028112.7020176505
4028236.7549808994
1807748.4896164949
1643594.3406113114
4028236.7549808994
4031017.454114111
3757923.542555512
3391771.526482225
4031017.454114111
4034316.300438172
6449193.506102697
6242797.307323614
4034316.300438172
4036029.0066033076
6961883.833725825
7147579.97177386
12504002.250632707
4036203.2334723864
6101166.060877484
6312177.095775241
4036203.2334723864
4035909.2655517617
3166264.936715136
3555674.82961607
4035909.2655517617
4035943.134257186
1812630.9292133993
1648283.2232554592
4035943.134257186
4036200.776943748
3764134.442263026
3398679.4331009607
4036200.776943748
4035308.539785496
6455925.1208190285
6249760.244106516
4035308.539785496
4032516.7564860317
6957455.960202439
7143272.316818003
4032516.7564860317
4029202.9647355466
4776444.056261111
5043114.741755334
4029202.9647355466
4027776.383800461
1643594.3406113114
2306237.7130337534
4027776.383800461
4029401.409103201
2425972.3482273943
1807749.2228854296
4029401.409103201
4032750.667853479
5237146.126286905
4980861.180224159
4032750.667853479
4035434.247667961
7219515.251270074
7035709.032919305
13657578.831342258
4036094.1088925744
4784394.751156676
5050629.583039123
4036094.1088925744
4035852.378327296
1648283.2232554592
2309534.7601972106
4035852.378327296
4036117.1629217556
2429566.3562113494
1812629.844961803
4036117.1629217556
4035973.1646418623
5244726.667234751
4988848.564428313
4035973.1646418623
4034120.79091436
7223325.989356423
7039622.9477000525
4034120.79091436
4030778.716742151
6093934.168724698
6305196.182465646
4030778.716742151
4028112.835434421
3159635.579912574
3549799.780648115
4028112.835434421
4028236.7277365914
1807749.2228854296
1643594.9674496204
4028236.7277365914
4031018.4418064347
3757923.9561270894
3391771.3056512917
4031018.4418064347
4034315.419065903
6449193.808317476
6242798.3010251755
4034315.419065903
4036028.6202097945
6961883.240779459
7147580.508277871
12301308.085460307
4036203.38614444
6101166.520217159
6312175.3602296775
4036203.38614444
4035910.2556185825
3166265.805800852
3555675.154119551
4035910.2556185825
4035941.713623505
1812629.844961803
1648283.1312116291
4035941.713623505
4036201.2525385004
3764133.62934899
3398678.8449623883
4036201.2525385004
4035309.5800622287
6455924.693414979
6249759.291368624
4035309.5800622287
4032516.4918317166
6957456.37392158
7143270.337059142
4032516.4918317166
4029202.106417791
4776443.431692243
5043113.595928511
4029202.106417791
4027777.5020305864
1643594.9674496204
2306238.2998327264
4027777.5020305864
4029401.1639326485
2425972.8540081284
1807749.6472775552
4029401.1639326485
4032750.5159417563
5237146.119352335
4980859.78726126
4032750.5159417563
4035434.541582813
7219515.075688912
7035707.169401865
8347129.0744576575
4036093.180127814
4784393.190724778
5050629.684358739
4036093.180127814
4035852.4503591824
1648283.1312116291
2309533.6832626313
4035852.4503591824
4036116.708746987
2429566.6224431624
1812631.1939762025
4036116.708746987
4035974.9029173115
5244725.95091574
4988848.4823157545
4035974.9029173115
4034119.8738712575
7223325.650751156
7039623.308429638
4034119.8738712575
4030778.7302606767
6093932.979455006
6305195.815833868
4030778.7302606767
4028112.4631750155
3159634.6406531646
3549799.6152544785
4028112.4631750155
4028236.6087724995
1807749.6472775552
1643593.7083708998
4028236.6087724995
4031019.0166855296
3757922.9381924407
3391771.590082156
4031019.0166855296
4034314.573988235
6449192.275850078
6242798.440919095
4034314.573988235
4036029.335453759
6961882.407153623
7147580.646578526
