4036202.511669644
4035918.424051171
3123808.2153525664
3517918.0590449106
4035918.424051171
4035933.3674616204
1845500.7535529144
1621607.4597978678
4035933.3674616204
4036201.2215800397
3802407.865906001
3441018.882136406
4036201.2215800397
4035283.8434955385
6481250.3529049335
6275915.814504209
4035283.8434955385
4032485.836332395
6942047.58753673
7128263.776947796
4032485.836332395
4029157.3775873026
4738458.852126262
5007149.20452912
4029157.3775873026
4027778.1475479985
1616947.545239544
2287326.228884769
4027778.1475479985
4029435.268239385
2450531.7451988673
1840578.6545314866
4029435.268239385
4032810.0053831222
5272004.459975805
5017498.863541625
4032810.0053831222
4035442.2537079076
7232344.724666009
7048870.34074014
4035442.2537079076
4036202.511669644
6073077.46950225
6285029.693126085
7125387.976215899
4035853.1973560937
1621607.4597978678
2290573.7209498547
4035853.1973560937
4036120.556455415
2454185.7204403486
1845501.041255489
4036120.556455415
4035976.0514644408
5279595.106232115
5025488.951290455
4035976.0514644408
4034071.8814376546
7236061.170324251
7052686.83350175
4034071.8814376546
4030736.893347826
6065800.063207115
6278007.7118102675
4030736.893347826
4028105.80415553
3117228.2171948347
3512105.438770169
4028105.80415553
4028244.001032481
1840578.6545314866
1616946.6217679293
4028244.001032481
4031064.86659048
3796139.519783108
3434062.4040511954
4031064.86659048
4034345.902621461
6474569.91154438
6269007.998150571
4034345.902621461
4036052.09603397
6946566.113548571
7132660.917550031
4036052.09603397
4036077.2380935503
4746398.599787234
5014648.073526928
9514593.524621781
4035917.779018206
3123808.042919031
3517917.443791519
4035917.779018206
4035933.5719455373
1845501.041255489
1621607.5648473897
4035933.5719455373
4036201.4141580495
3802407.7850535703
3441018.7966427407
4036201.4141580495
4035283.734088216
6481249.740796022
6275915.436061721
4035283.734088216
4032485.331763674
6942046.844606297
7128263.778111428
4032485.331763674
4029158.291209937
4738459.443855233
5007150.375045314
4029158.291209937
4027777.2935030726
1616946.6217679293
2287325.2588612577
4027777.2935030726
4029436.477654052
2450531.869100066
1840578.510543925
4029436.477654052
4032809.570031025
5272005.7891767975
5017499.051947282
4032809.570031025
4035440.682683837
7232344.207980895
7048870.220447186
4035440.682683837
4036203.8817702606
6073078.439893962
6285031.205463116
9098981.491471872
4035853.5046638716
1621607.5648473897
2290573.702280221
4035853.5046638716
4036119.489439179
2454185.9093916523
1845501.4312412664
4036119.489439179
4035975.935706962
5279594.303844334
5025488.649943782
4035975.935706962
4034071.015573311
7236060.718958982
7052687.032764433
4034071.015573311
4030738.009978031
6065801.329736348
6278007.882530636
4030738.009978031
4028104.9235314154
3117228.094418752
3512104.419691397
4028104.9235314154
4028244.592431233
1840578.510543925
1616946.1716725258
4028244.592431233
4031065.3320455304
3796139.7216210146
3434062.2114417795
4031065.3320455304
4034345.5392659917
6474569.320364044
6269007.956478623
4034345.5392659917
4036052.887502244
6946566.065299703
7132660.804391227
4036052.887502244
4036076.3007928063
4746398.274157772
5014646.8196987
9246750.209637009
4035917.9000066817
3123808.3389040832
3517917.436632312
4035917.9000066817
4035933.35334557
1845501.4312412664
1621607.950752152
4035933.35334557
4036201.412305958
3802407.211600477
3441017.9422473526
4036201.412305958
4035284.912437564
6481250.323746765
6275913.825831706
4035284.912437564
4032484.0185554847
6942046.098066082
7128261.743126199
4032484.0185554847
4029158.7275607255
4738459.125932139
5007149.957673123
4029158.7275607255
4027776.930244861
1616946.1716725258
2287324.660458555
4027776.930244861
4029435.9501107633
2450531.8197122603
1840578.8189784638
4029435.9501107633
4032810.334889291
5272004.79497549
5017498.234646407
4032810.334889291
4035440.426521714
7232344.491685951
7048868.876714571
4035440.426521714
4036203.8843986113
6073077.862688112
6285030.3669604
6614298.017804577
4035853.2084482266
1621607.950752152
2290574.2258067764
4035853.2084482266
4036120.412569932
2454185.3311881
1845500.7535529144
4036120.412569932
4035975.7391400114
5279594.015991111
5025488.943186031
4035975.7391400114
4034071.809888198
7236059.2519054925
7052687.535786486
4034071.809888198
4030736.985463591
6065799.021664028
6278008.446152617
4030736.985463591
4028105.417236162
3117228.650578036
3512104.3954267735
4028105.417236162
4028243.7137550325
1840578.8189784638
1616947.545239544
4028243.7137550325
4031065.8618795536
3796139.137370412
3434061.94739592
4031065.8618795536
4034345.5415101484
6474568.286118123
6269008.34106644
4034345.5415101484
4036052.9547322746
6946565.1941784285
7132661.27523604
4036052.9547322746
4036076.3062352594
4746397.900734557
5014647.156460603
