4035990.8170185927
4035886.69070786
1426114.21934385
2156587.478538982
4035886.69070786
4036177.5138846077
3137496.830973106
2688207.8007322615
4036177.5138846077
4035659.579428457
5989171.918482146
5766376.696905167
4035659.579428457
4033238.902452574
7164068.137159944
7249097.64940517
4033238.902452574
4029829.440889636
5382561.082685034
5620580.069697383
4029829.440889636
4027814.4368217434
2216116.872300913
2743835.964298203
4027814.4368217434
4028832.6887063584
2153685.3700945606
1421645.4975992609
4028832.6887063584
4032031.7222566474
4627701.090403545
4335584.078704156
4032031.7222566474
4035020.7114145802
6954006.577104038
6763003.062230826
4035020.7114145802
4036165.994430648
6527844.873992655
6725505.932360342
4036165.994430648
4035990.8170185927
3874215.477094871
4198506.521450265
5759838.352040106
4036041.9304295243
2156587.478538982
1426115.6699529584
4036041.9304295243
4036126.734889253
4634950.401575586
4343340.940812415
4036126.734889253
4034683.103565113
6959264.589572358
6768414.496696595
4034683.103565113
4031508.150646635
6521575.569232245
6719429.114577206
4031508.150646635
4028503.736122515
3866821.576320208
4191707.1594140683
4028503.736122515
4027943.2805009843
1421645.4975992609
2153686.5869312976
4027943.2805009843
4030285.1699454337
3132365.0936181895
2682178.7496285667
4030285.1699454337
4033700.0147206793
5981798.458551049
5758705.590193499
4033700.0147206793
4035843.785392754
7166842.016722175
7247546.4038626235
4035843.785392754
4036162.271031961
5390480.7825299455
5628153.118525182
4036162.271031961
4035850.35164328
2221516.8785110265
2748160.4140034635
5369074.980179817
4035886.5332357665
1426115.6699529584
2156587.8027441218
4035886.5332357665
4036177.438113312
3137494.75661152
2688207.7377240583
4036177.438113312
4035659.788367232
5989171.401793354
5766377.018563622
4035659.788367232
4033238.90102412
7164067.484137917
7249097.9525899375
4033238.90102412
4029829.591934142
5382560.532221885
5620579.624209741
4029829.591934142
4027814.6250521434
2216115.764997919
2743836.1932732575
4027814.6250521434
4028831.6478126543
2153686.5869312976
1421645.3878814483
4028831.6478126543
4032032.568545868
4627699.743049655
4335583.139602986
4032032.568545868
4035021.329268035
6954006.0834243735
6763002.4467303315
4035021.329268035
4036165.6365284673
6527843.830612161
6725506.337133716
4036165.6365284673
4035989.873909182
3874213.731706516
4198506.054306676
3524439.8764946456
4036042.4729353343
2156587.8027441218
1426115.6930426657
4036042.4729353343
4036125.2656224244
4634951.56948498
4343342.264901777
4036125.2656224244
4034681.802397406
6959264.892298456
6768415.353820583
4034681.802397406
4031510.208582844
6521576.041011804
6719430.413982282
4031510.208582844
4028504.5040480206
3866821.8984977873
4191707.3545771632
4028504.5040480206
4027941.984375473
1421645.3878814483
2153685.280247035
4027941.984375473
4030285.255808115
3132364.0272687017
2682178.7959944117
4030285.255808115
4033701.027480476
5981798.110816944
5758706.005647341
4033701.027480476
4035843.8353795996
7166842.6563488
7247546.617914836
4035843.8353795996
4036161.549501596
5390481.225852339
5628152.237261866
4036161.549501596
4035850.5196702573
2221516.6373519395
2748160.600263912
4878963.149295997
4035885.333883652
1426115.6930426657
2156587.179029954
4035885.333883652
4036178.367927288
3137494.0556391496
2688204.6240897854
4036178.367927288
4035659.7187697147
5989171.273201142
5766375.069148445
4035659.7187697147
4033239.018379549
7164067.451118733
7249096.5045957845
4033239.018379549
4029829.53946535
5382560.649130985
5620578.4399140505
4029829.53946535
4027814.427522543
2216116.51123052
2743835.941380066
4027814.427522543
4028832.093599207
2153685.280247035
1421645.4579699847
4028832.093599207
4032031.987680576
4627700.734463373
4335582.6513817245
4032031.987680576
4035021.933381667
6954006.479014229
6763001.494843005
4035021.933381667
4036165.1825559
6527843.010675069
6725504.261499927
4036165.1825559
4035990.130771429
3874213.857048711
4198504.811559917
5114303.650020811
4036042.523260715
2156587.179029954
1426114.21934385
4036042.523260715
4036126.842857854
4634948.759111982
4343341.505423638
4036126.842857854
4034682.8992349817
6959263.270662655
6768414.987703
4034682.8992349817
4031508.0775214746
6521573.850626241
6719429.742544916
4031508.0775214746
4028504.775586523
3866820.9888851405
4191708.540775436
4028504.775586523
4027942.621747977
1421645.4579699847
2153685.3700945606
4027942.621747977
4030285.3508594
3132364.167150284
2682178.9270429867
4030285.3508594
4033700.413513293
5981797.558831785
5758706.72026076
4033700.413513293
4035844.202428703
7166840.977235481
7247546.831980805
4035844.202428703
4036161.544983512
5390479.672757524
5628153.010332786
4036161.544983512
4035849.1696551684
2221516.0826067845
2748160.407716957
