4036145.5632688333
4035856.597164779
2061686.7675701098
2620641.511058558
4035856.597164779
4036048.330603039
2196773.183360547
1486176.437566802
4036048.330603039
4036100.170127734
4791121.901575161
4509612.393451841
4036100.170127734
4034548.7534788046
7034036.927302749
6845267.732114558
4034548.7534788046
4031334.138653463
6422830.959381398
6623630.161580904
4031334.138653463
4028385.8787911953
3691792.968538092
4030799.5999532347
4028385.8787911953
4028003.220771855
1481651.7753224988
2056494.6271450752
4028003.220771855
4030474.19164931
3284382.0194229223
2858232.9515588824
4030474.19164931
4033860.7816852937
6105657.108710016
5887251.283271797
4033860.7816852937
4035890.2806737735
7124964.035378345
7266085.571409646
4035890.2806737735
4036145.5632688333
5244988.322953029
5488955.636207566
6474962.5680123605
4035897.702497925
1486176.437566802
2061686.0704939188
4035897.702497925
4036196.841677571
3289799.0536329923
2864493.1275791074
4036196.841677571
4035580.1856985665
6112908.524744333
5894781.988593821
4035580.1856985665
4033053.562649847
7121758.143058479
7267177.22680109
4033053.562649847
4029666.3124186574
5237023.268537752
5481358.331732584
4029666.3124186574
4027798.5090331333
2056494.6271450752
2616600.242639196
4027798.5090331333
4028953.0363947744
2193765.5637485157
1481651.7827165902
4028953.0363947744
4032219.300747462
4783751.48578053
4501761.581256297
4032219.300747462
4035129.360575533
7029115.018618733
6840205.514294459
4035129.360575533
4036194.870994181
6429375.667238256
6629969.090237431
4036194.870994181
4035959.0320841633
3699015.9358680663
4037391.970305121
7876914.539890336
4035857.558379016
2061686.0704939188
2620641.1074888716
4035857.558379016
4036048.2264128616
2196773.5788653847
1486178.1266908776
4036048.2264128616
4036099.8467272525
4791122.174158175
4509611.797891969
4036099.8467272525
4034549.112471631
7034036.048827853
6845267.9356306195
4034549.112471631
4031334.286630219
6422831.547308436
6623629.801352704
4031334.286630219
4028386.394146141
3691792.317889019
4030799.2006224785
4028386.394146141
4028003.051646372
1481651.7827165902
2056493.965375005
4028003.051646372
4030475.2685726043
3284382.424892271
2858233.3038521856
4030475.2685726043
4033860.813897181
6105658.135978005
5887251.794336308
4033860.813897181
4035888.3875255818
7124963.986992554
7266085.516795054
4035888.3875255818
4036145.713807986
5244988.116144151
5488955.131133522
6885654.781392752
4035897.464793526
1486178.1266908776
2061686.4972086037
4035897.464793526
4036197.8735732995
3289796.6250775624
2864491.636455706
4036197.8735732995
4035579.6620693784
6112908.101640789
5894781.607639768
4035579.6620693784
4033053.8552516913
7121757.878090036
7267177.057256687
4033053.8552516913
4029666.796083591
5237023.526940649
5481358.512955157
4029666.796083591
4027797.8123444556
2056493.965375005
2616599.9020460695
4027797.8123444556
4028952.7612431045
2193765.3566118986
1481651.3760920407
4028952.7612431045
4032219.227012682
4783752.011084456
4501761.5655999705
4032219.227012682
4035130.666563741
7029114.665751626
6840205.179698118
4035130.666563741
4036192.884256269
6429374.832119619
6629967.915566178
4036192.884256269
4035958.425340845
3699015.9295000085
4037392.390678303
7551278.064868636
4035856.3461780674
2061686.4972086037
2620640.2433392173
4035856.3461780674
4036049.4255930376
2196772.7991688526
1486177.4540845866
4036049.4255930376
4036100.809220648
4791121.852547208
4509611.5168049885
4036100.809220648
4034547.8900443185
7034036.504060445
6845266.812040888
4034547.8900443185
4031334.889996685
6422831.386023179
6623629.579056421
4031334.889996685
4028385.9302201704
3691792.611932534
4030798.1213598438
4028385.9302201704
4028003.2693009595
1481651.3760920407
2056494.233307811
4028003.2693009595
4030474.813719102
3284382.9127734513
2858233.900487759
4030474.813719102
4033860.762874732
6105657.943423637
5887251.418371893
4033860.762874732
4035887.9775370765
7124963.683279844
7266084.542562547
4035887.9775370765
4036145.4064254523
5244988.338272555
5488954.471245175
5907981.27923274
4035898.265302785
1486177.4540845866
2061686.7675701098
4035898.265302785
4036197.027415808
3289798.0562762013
2864491.7674470167
4036197.027415808
4035580.2053271644
6112907.453537055
5894781.748514602
4035580.2053271644
4033053.35105812
7121756.585720669
7267178.007446187
4033053.35105812
4029666.3195370315
5237022.475460813
5481358.439860563
4029666.3195370315
4027798.131692023
2056494.233307811
2616600.0595039893
4027798.131692023
4028953.0144962096
2193764.8567219293
1481651.7753224988
4028953.0144962096
4032219.541786896
4783751.3747616885
4501761.814251175
4032219.541786896
4035130.1189734265
7029113.744301093
6840205.651281236
4035130.1189734265
4036193.5747591364
6429374.356600947
6629968.297127528
4036193.5747591364
4035958.6382751204
3699015.6834850335
4037392.6434590104
