4035968.0952875367
4035899.640649483
1502016.9370764536
2029918.5399318214
4035899.640649483
4036185.61894676
3321519.3268197686
2900861.646220864
4036185.61894676
4035563.8942864775
6137722.789119775
5920509.587821466
4035563.8942864775
4033029.0511284037
7112306.971022066
7270090.342048485
4033029.0511284037
4029632.500359706
5206652.221478287
5452344.832914496
4029632.500359706
4027785.001164873
2024770.3268693064
2591739.240048852
4027785.001164873
4028992.2664461215
2204482.4220218407
1497478.503698415
4028992.2664461215
4032254.991333428
4815500.008188331
4535482.646997034
4032254.991333428
4035157.6666791122
7043814.347741187
6855307.339781939
4035157.6666791122
4036179.1255266797
6408484.010373677
6609709.368674742
4036179.1255266797
4035968.0952875367
3662883.541503461
4004315.3300121184
5688665.195744912
4036065.0357503956
2207517.3542018803
1502018.153482122
4036065.0357503956
4036092.9866151228
4822891.790679491
4543348.718919013
4036092.9866151228
4034521.5352019905
7048665.242070872
6860296.305418506
4034521.5352019905
4031283.5717440853
6401887.594368154
6603321.393456573
4031283.5717440853
4028377.1989214215
3655697.0966236726
3997765.0302895647
4028377.1989214215
4028016.0200354527
1497478.503698415
2024768.55828995
4028016.0200354527
4030499.937292112
3316044.373131737
2894554.866094764
4030499.937292112
4033891.372783493
6130499.631635964
5913012.007121775
4033891.372783493
4035913.6801712434
7115600.395754645
7269093.153410382
4035913.6801712434
4036144.025989549
5214623.091339599
5459944.017872447
4036144.025989549
4035843.567878514
2029918.5399318214
2595720.509185835
5006324.311100645
4035900.7918355837
1502018.153482122
2029918.5757369832
4035900.7918355837
4036185.5919986353
3321518.7615544708
2900861.45412498
4036185.5919986353
4035564.5522064273
6137721.979310835
5920510.148776128
4035564.5522064273
4033028.900431427
7112306.069772017
7270090.617299158
4033028.900431427
4029632.836499189
5206651.326091947
5452344.358764379
4029632.836499189
4027784.5131960614
2024768.55828995
2591738.232882862
4027784.5131960614
4028991.79098015
2204483.6379638673
1497478.861637734
4028991.79098015
4032256.0234538587
4815499.560540124
4535483.146415327
4032256.0234538587
4035155.930169699
7043815.167806152
6855307.872596242
4035155.930169699
4036179.0361233745
6408484.351905573
6609709.809745207
4036179.0361233745
4035968.2041050107
3662885.1346783126
4004315.6647106907
3027078.1921460945
4036065.2286832337
2207517.4813119047
1502017.1865697913
4036065.2286832337
4036092.148060872
4822891.949501995
4543348.949325315
4036092.148060872
4034522.7419178095
7048665.065048549
6860296.363946175
4034522.7419178095
4031284.863997481
6401887.9922954105
6603322.231431598
4031284.863997481
4028376.833326754
3655697.084312405
3997764.620223864
4028376.833326754
4028016.5585825667
1497478.861637734
2024769.6713630941
4028016.5585825667
4030498.809293001
3316045.7219973444
2894556.480864453
4030498.809293001
4033892.4963014787
6130500.414805436
5913012.0095464755
4033892.4963014787
4035912.3757266384
7115599.737353718
7269093.3342412645
4035912.3757266384
4036143.7031987444
5214623.307426413
5459943.685888871
4036143.7031987444
4035843.033779033
2029918.5757369832
2595720.9296867857
4476688.953741398
4035900.623022024
1502017.1865697913
2029919.3070580263
4035900.623022024
4036185.436133022
3321519.4485685783
2900861.0439870507
4036185.436133022
4035564.4206917286
6137723.01659735
5920508.354284478
4035564.4206917286
4033028.711109716
7112306.40771799
7270088.861518565
4033028.711109716
4029632.87573957
5206652.1476096045
5452343.832544955
4029632.87573957
4027785.044071982
2024769.6713630941
2591738.0975556853
4027785.044071982
4028992.190592398
2204482.814073157
1497479.432996264
4028992.190592398
4032256.1629206385
4815500.045789507
4535482.531428712
4032256.1629206385
4035155.8455782877
7043814.96460137
6855307.064179406
4035155.8455782877
4036178.7879110826
6408484.021344523
6609708.381545198
4036178.7879110826
4035968.1601416245
3662885.3171175728
4004316.385226802
5034025.410039123
4036065.385147656
2207517.80489323
1502016.9370764536
4036065.385147656
4036093.1003292613
4822891.064433191
4543349.32211992
4036093.1003292613
4034521.936841934
7048663.2217143895
6860297.230388493
4034521.936841934
4031283.555971294
6401886.224361855
6603322.199995283
4031283.555971294
4028376.7204481578
3655696.7436751113
3997765.259570085
4028376.7204481578
4028016.7040590714
1497479.432996264
2024770.3268693064
4028016.7040590714
4030498.4259561263
3316044.8820825787
2894556.382867351
4030498.4259561263
4033892.566277523
6130498.8633237695
5913011.7357370565
4033892.566277523
4035912.862500309
7115598.561455319
7269093.413833186
4035912.862500309
4036143.3106739293
5214622.2505896315
5459943.852685816
4036143.3106739293
4035844.025625081
2029919.3070580263
2595721.7711253143
