4036166.454940795
4035863.507308837
2283655.365257817
2798633.095007035
4035863.507308837
4036021.604775582
2146898.475553295
1411416.5917237082
4036021.604775582
4036137.410185911
4575507.515876862
4279854.593106111
4036137.410185911
4034730.641680772
6929566.405490957
6737878.396639041
4034730.641680772
4031591.529023601
6557377.2944633365
6754184.196356619
4031591.529023601
4028534.804905155
3932377.5441670245
4252259.449524225
4028534.804905155
4027923.4939016034
1406955.3508759392
2144021.078184918
4027923.4939016034
4030232.6793175507
3076156.224743211
2616322.4517847686
4030232.6793175507
4033638.50387668
5933928.238399242
5708966.503123187
4033638.50387668
4035807.374055066
7180998.517334258
7238892.339953455
4035807.374055066
4036166.454940795
5444258.884614304
5679683.801833802
6615499.4436332835
4035883.8714348674
1411416.5917237082
2146897.3634205535
4035883.8714348674
4036186.5876031425
3081175.216743047
2622262.8413154567
4036186.5876031425
4035687.0108575304
5941339.757525562
5716682.907463566
4035687.0108575304
4033291.6357862484
7178389.88435246
7240615.156400132
4033291.6357862484
4029893.563550694
5436361.599051764
5672127.641207516
4029893.563550694
4027836.4452852313
2278173.04123697
2794201.1612323676
4027836.4452852313
4028771.5050390437
2144021.078184918
1406956.179948202
4028771.5050390437
4031963.2824791903
4568309.252593371
4272136.615792816
4031963.2824791903
4034974.999647226
6924185.428474736
6732338.832630146
4034974.999647226
4036177.275486675
6563535.9861044735
6760157.911041211
4036177.275486675
4035982.166645021
3939826.501063566
4259126.965381273
8261460.301349025
4035864.9978848477
2283659.534300247
2798636.2511500525
4035864.9978848477
4036022.247818993
2146897.3634205535
1411414.8656569207
4036022.247818993
4036136.993290181
4575508.291974401
4279854.29829899
4036136.993290181
4034730.207201003
6929566.224199699
6737878.245593503
4034730.207201003
4031591.277320369
6557376.948972339
6754184.10414343
4031591.277320369
4028534.7653498854
3932376.2282761997
4252260.12133023
4028534.7653498854
4027922.7866234328
1406956.179948202
2144021.08579827
4027922.7866234328
4030232.4080508985
3076154.406071821
2616321.8603740847
4030232.4080508985
4033638.773204907
5933927.440933311
5708965.782696629
4033638.773204907
4035807.826820935
7180998.96208981
7238892.322648641
4035807.826820935
4036165.3617096054
5444257.233652974
5679684.4367354
7400670.08256291
4035883.3169035586
1411414.8656569207
2146896.460758355
4035883.3169035586
4036187.48578445
3081175.5593125797
2622264.0602096776
4036187.48578445
4035686.2561808843
5941339.897661619
5716682.158726525
4035686.2561808843
4033290.25403519
7178389.2371059535
7240615.641550008
4033290.25403519
4029893.1625892934
5436362.71400444
5672128.164182101
4029893.1625892934
4027837.0062509472
2278173.4571683942
2794202.004181471
4027837.0062509472
4028771.3753898735
2144021.08579827
1406955.5839615972
4028771.3753898735
4031964.5007624733
4568309.024691749
4272136.588042536
4031964.5007624733
4034974.685395504
6924185.63082225
6732338.485518744
4034974.685395504
4036176.6373815313
6563536.467108917
6760158.03555118
4036176.6373815313
4035983.8554817243
3939827.175085569
4259128.043519336
7951572.895719208
4035864.7854618933
2283658.6905589816
2798637.4225442894
4035864.7854618933
4036023.4350081324
2146896.460758355
1411414.0752312797
4036023.4350081324
4036136.2508221515
4575507.528150333
4279854.986040838
4036136.2508221515
4034731.5734016
6929565.860384392
6737877.179394497
4034731.5734016
4031590.2894249503
6557376.352743694
6754182.080955729
4031590.2894249503
4028535.3048840957
3932376.843549085
4252258.483243585
4028535.3048840957
4027923.1970356633
1406955.5839615972
2144020.6364886407
4027923.1970356633
4030231.9743866907
3076155.507246398
2616321.569728164
4030231.9743866907
4033638.6639084476
5933926.960720186
5708964.853412876
4033638.6639084476
4035807.5793420826
7180998.808651368
7238890.986114072
4035807.5793420826
4036165.5323510217
5444257.645092006
5679681.976499493
6061656.271381303
4035882.8138027773
1411414.0752312797
2146898.475553295
4035882.8138027773
4036186.6723746024
3081174.037637475
2622262.6057873545
4036186.6723746024
4035687.1848645583
5941339.5181910265
5716681.991767107
4035687.1848645583
4033291.8295956054
7178388.250849302
7240615.4160249885
4033291.8295956054
4029892.5706450706
5436360.023908551
5672128.081393077
4029892.5706450706
4027836.4099326446
2278173.08258546
2794201.730258455
4027836.4099326446
4028771.545914194
2144020.6364886407
1406955.3508759392
4028771.545914194
4031964.2972684386
4568308.059949647
4272137.179934315
4031964.2972684386
4034973.9980604583
6924184.86519454
6732339.7504649665
4034973.9980604583
4036177.3761407123
6563535.633134862
6760158.063299195
4036177.3761407123
4035983.1560860383
3939825.0170110585
4259128.1743083475
