4035888.4718547994
4035989.4226757516
2156045.2903802325
1425296.3238028786
4035989.4226757516
4036166.591633435
4201449.323558116
3877403.0902802553
4036166.591633435
4035018.1733906977
6727206.1658975985
6529594.279949007
4035018.1733906977
4032027.2996352706
6761537.2104029795
6952580.15190303
4032027.2996352706
4028830.2196408156
4332520.092497033
4624829.8109839875
4028830.2196408156
4027815.832322514
1420829.3797636845
2153147.9642269276
4027815.832322514
4029832.142193914
2746249.606813086
2219102.3828113615
4029832.142193914
4033243.839764422
5623089.810639409
5385180.658807523
4033243.839764422
4035660.0236764015
7248705.952378263
7164781.768845659
4035660.0236764015
4036175.502653088
5763981.049431981
5986865.587843772
4036175.502653088
4035888.4718547994
2685003.2344958577
3134749.54424247
5501924.734148119
4036159.853704408
2750582.104354731
2224511.071827133
4036159.853704408
4035843.30854254
5630664.535869848
5393103.369008061
4035843.30854254
4033694.849685924
7247149.348994241
7167551.142680105
4033694.849685924
4030282.2321994943
5756312.768186284
5979493.937444848
4030282.2321994943
4027943.926026435
2678981.2612981033
3129626.9793097996
4027943.926026435
4028504.84140394
2153147.9642269276
1420829.4028454383
4028504.84140394
4031511.493106515
4194643.70267785
3870004.0693407487
4031511.493106515
4034688.4604078536
6721129.433733788
6523327.093922268
4034688.4604078536
4036126.373290896
6766951.684619877
6957841.4693722045
4036126.373290896
4036042.562269175
4340270.473738346
4632072.69616908
4036042.562269175
4035850.0097445706
1425296.3238028786
2156045.4768010387
3477420.6935756905
4035989.482185367
2156045.4768010387
1425296.2427114605
4035989.482185367
4036167.004690597
4201448.809012616
3877402.7669404997
4036167.004690597
4035017.8621286876
6727205.9856328145
6529594.200955624
4035017.8621286876
4032027.3424674883
6761536.708502532
6952580.3848141
4032027.3424674883
4028830.227529388
4332519.077807852
4624829.566885327
4028830.227529388
4027815.237296661
1420829.4028454383
2153147.5410784963
4027815.237296661
4029831.880961691
2746248.7357567754
2219102.263928169
4029831.880961691
4033243.089716509
5623089.6274921885
5385181.27445865
4033243.089716509
4035662.607952434
7248706.239395836
7164781.5093410285
4035662.607952434
4036176.1879974324
5763979.840580395
5986864.450337392
4036176.1879974324
4035886.694471845
2685000.7024091957
3134748.207623052
897845.0019947416
4036160.247399501
2750580.413672591
2224508.923565365
4036160.247399501
4035843.202938324
5630664.176790539
5393103.64979248
4035843.202938324
4033696.267249827
7247149.313164466
7167550.734384179
4033696.267249827
4030282.8178104246
5756312.925980549
5979494.524746633
4030282.8178104246
4027942.864091289
2678980.1679109978
3129626.137313419
4027942.864091289
4028504.9639963754
2153147.5410784963
1420829.3487711675
4028504.9639963754
4031511.643219223
4194643.895345418
3870003.6744391066
4031511.643219223
4034687.494174793
6721129.779055997
6523326.855845279
4034687.494174793
4036127.02425365
6766952.570445116
6957842.526675162
4036127.02425365
4036043.361626129
4340270.929989153
4632073.402060042
4036043.361626129
4035848.5089302473
1425296.2427114605
2156046.7141517727
2659023.751214056
4035987.630276665
2156046.7141517727
1425296.8329494563
4035987.630276665
4036167.0700205127
4201449.369028101
3877401.2638431294
4036167.0700205127
4035018.510346578
6727205.674232914
6529592.5207116725
4035018.510346578
4032027.5619891486
6761537.188185839
6952579.351322195
4032027.5619891486
4028830.2388959513
4332519.796417734
4624828.276980962
4028830.2388959513
4027815.647173167
1420829.3487711675
2153148.0041971756
4027815.647173167
4029832.0840323055
2746249.2063952084
2219101.835134192
4029832.0840323055
4033242.452896758
5623089.14990751
5385180.547733381
4033242.452896758
4035662.911877784
7248706.029569333
7164779.582944747
4035662.911877784
4036176.006056332
5763980.82178423
5986864.071741516
4036176.006056332
4035888.0143438345
2685001.0363033847
3134747.5298105697
4822029.323114828
4036159.605155126
2750582.0687001417
2224510.886794401
4036159.605155126
4035843.4853104297
5630662.542047382
5393103.926505208
4035843.4853104297
4033695.1445299843
7247147.823314791
7167551.508367905
4033695.1445299843
4030282.1972699263
5756311.5525178695
5979494.287124108
4030282.1972699263
4027943.607528868
2678980.571630627
3129626.5887840907
4027943.607528868
4028504.7432161593
2153148.0041971756
1420829.3797636845
4028504.7432161593
4031511.2943863636
4194642.835107307
3870003.691634524
4031511.2943863636
4034687.5752091464
6721128.487530608
6523327.597619176
4034687.5752091464
4036126.3835596517
6766950.9589319425
6957842.335289482
4036126.3835596517
4036043.7516438863
4340270.935879111
4632074.052203532
4036043.7516438863
4035849.796672408
1425296.8329494563
2156045.2903802325
