4035955.519401133
4035909.3326173644
1563176.8986654629
1926334.101389768
4035909.3326173644
4036188.5466814386
3428961.947072291
3023283.1498682853
4036188.5466814386
4035506.114612405
6219614.55975374
6005358.880756362
4035506.114612405
4032907.4476811816
7078644.370196979
7261367.243043349
4032907.4476811816
4029522.802931194
5103445.511633664
5353869.872002143
4029522.802931194
4027774.2599452995
1921315.515983336
2511742.400600683
4027774.2599452995
4029087.1874689674
2246437.2593739196
1558577.035147886
4029087.1874689674
4032382.4959208476
4921342.456159771
4647698.440440982
4032382.4959208476
4035227.652704844
7091371.497749488
6904160.152667765
4035227.652704844
4036186.8358303006
6336668.776429917
6540099.360047503
4036186.8358303006
4035955.519401133
3541148.0804104116
3893259.7452589013
5652519.2174045285
4036078.1676631183
2249579.9494027006
1563177.2644921984
4036078.1676631183
4036070.527658732
4928799.109561121
4655612.8041474745
4036070.527658732
4034426.0726596154
7095976.652613023
6908895.628615478
4034426.0726596154
4031155.8525918974
6329897.026892927
6533547.019497305
4031155.8525918974
4028309.4899735353
3534086.3505644966
3886864.6917442423
4028309.4899735353
4028063.6482908996
1558577.035147886
1921314.7186128418
4028063.6482908996
4030620.7502400493
3423296.7042164514
3016823.6077799015
4030620.7502400493
4034001.7562787104
6212494.270166228
5997973.694821855
4034001.7562787104
4035948.6381440065
7082226.368688401
7264856.619796753
4035948.6381440065
4036130.5029032407
5111428.8701633895
5361466.111592812
4036130.5029032407
4035842.449053423
1926334.101389768
2515538.4390460523
4801196.524027552
4035910.4051074786
1563177.2644921984
1926332.7458818122
4035910.4051074786
4036188.545770773
3428962.105004994
3023283.195834337
4036188.545770773
4035505.317166202
6219614.284621892
6005358.696713617
4035505.317166202
4032907.414526825
7078644.231329572
7261367.836397103
4032907.414526825
4029524.0545664285
5103444.944870575
5353870.460790653
4029524.0545664285
4027773.0982120256
1921314.7186128418
2511741.2171679204
4027773.0982120256
4029087.729878659
2246436.41626993
1558577.1815449982
4029087.729878659
4032382.5245753997
4921341.988310057
4647699.35193064
4032382.5245753997
4035229.124038326
7091370.808052079
6904160.108931916
4035229.124038326
4036183.686710164
6336666.338360789
6540098.096982228
4036183.686710164
4035956.2154003754
3541148.971959026
3893262.0807854207
2742960.8249514624
4036077.96014805
2249581.193284541
1563178.89337818
4036077.96014805
4036070.360385179
4928799.284232533
4655611.527866103
4036070.360385179
4034425.856029292
7095976.543431227
6908895.8752787905
4034425.856029292
4031155.760095217
6329897.469762365
6533546.82224571
4031155.760095217
4028309.59297524
3534087.1169336424
3886865.2268299023
4028309.59297524
4028063.333975949
1558577.1815449982
1921315.3522289342
4028063.333975949
4030622.040487458
3423296.2564235944
3016822.6259573787
4030622.040487458
4034000.5060292217
6212494.387537151
5997974.279839624
4034000.5060292217
4035948.34614488
7082226.4271336
7264857.121860594
4035948.34614488
4036132.4290269166
5111429.37618914
5361467.490710848
4036132.4290269166
4035841.927204719
1926332.7458818122
2515536.369021724
4246061.501256826
4035912.067398993
1563178.89337818
1926332.6928243567
4035912.067398993
4036187.915903982
3428962.330378887
3023284.09596116
4036187.915903982
4035504.941878149
6219613.971112357
6005357.9716682015
4035504.941878149
4032907.2210312895
7078643.788456565
7261366.4336818615
4032907.2210312895
4029524.0866824887
5103444.526962507
5353869.0836321935
4029524.0866824887
4027772.4599303063
1921315.3522289342
2511741.0475336625
4027772.4599303063
4029088.5671958895
2246435.564440163
1558576.5979485898
4029088.5671958895
4032381.9085713085
4921341.665728669
4647697.990033921
4032381.9085713085
4035229.2233221787
7091370.868815312
6904158.749248849
4035229.2233221787
4036184.19165045
6336667.17206647
6540095.908179938
4036184.19165045
4035955.4219110794
3541148.1312876656
3893260.3088890277
4993148.591302376
4036078.501701733
2249580.560532292
1563176.8986654629
4036078.501701733
4036070.1008015582
4928799.1556209475
4655612.893057354
4036070.1008015582
4034426.433864952
7095975.678154956
6908895.88874712
4034426.433864952
4031156.1541772345
6329896.183473831
6533547.580343356
4031156.1541772345
4028308.4796503605
3534085.3254717058
3886865.401209968
4028308.4796503605
4028063.9724980397
1558576.5979485898
1921315.515983336
4028063.9724980397
4030622.686427767
3423295.990010906
3016823.2463000817
4030622.686427767
4034000.0946144094
6212493.74358028
5997975.397039571
4034000.0946144094
4035948.485401426
7082225.346297858
7264857.210040118
4035948.485401426
4036132.161763324
5111427.199442634
5361467.395465023
4036132.161763324
4035841.05185429
1926332.6928243567
2515537.392227224
