4035977.6250366103
4035894.5686628255
1464329.2825573122
2110606.3057334973
4035894.5686628255
4036182.75128348
3241950.950653971
2809411.3236084655
4036182.75128348
4035605.7987832315
6074862.558909709
5855322.929027874
4035605.7987832315
4033118.583678787
7135607.220173141
7262234.305334013
4033118.583678787
4029717.553153198
5282788.710610331
5525101.093470586
4029717.553153198
4027795.4217225565
2105351.99508162
2655173.990116567
4027795.4217225565
4028922.885956819
2179079.014016838
1459824.275247945
4028922.885956819
4032161.12414883
4735392.319502937
4450341.441815922
4032161.12414883
4035098.5005685734
7006346.301742237
6816804.899297064
4035098.5005685734
4036172.969066582
6460631.836691323
6660284.515258965
4036172.969066582
4035977.6250366103
3753751.8444664176
4087604.9461018355
5717964.518294532
4036055.4226045306
2182047.830587961
1464328.9137148499
4036055.4226045306
4036108.517284618
4742726.834000819
4458164.113346049
4036108.517284618
4034591.720641229
7011373.740336548
6821978.226617899
4034591.720641229
4031379.6280803215
6454171.517242809
6654025.877663259
4031379.6280803215
4028430.7413154226
3746473.067913378
4080945.449685947
4028430.7413154226
4027983.07766624
1459824.275247945
2105352.076593819
4027983.07766624
4030407.4822231666
3236623.9695869735
2803224.7244605185
4030407.4822231666
4033809.758346894
6067570.50073965
5847747.481812646
4033809.758346894
4035885.3316822005
7138679.961315546
7260998.805900639
4035885.3316822005
4036150.3340290054
5290741.608851158
5532692.191409521
4036150.3340290054
4035846.3417581245
2110606.3057334973
2659301.1477394067
5161319.941257962
4035894.1756449942
1464328.9137148499
2110606.4948831727
4035894.1756449942
4036182.780858767
3241951.289052002
2809411.9811909264
4036182.780858767
4035606.2296545436
6074861.960541979
5855322.32061247
4035606.2296545436
4033119.3953242167
7135606.941752331
7262234.4998410875
4033119.3953242167
4029716.1097756275
5282787.819905613
5525100.407197589
4029716.1097756275
4027796.3322156775
2105352.076593819
2655173.8167362274
4027796.3322156775
4028922.112398809
2179079.3283352708
1459825.6163723269
4028922.112398809
4032160.3401536015
4735391.377573528
4450341.101936664
4032160.3401536015
4035099.336357406
7006345.69197672
6816804.808720311
4035099.336357406
4036173.97823408
6460630.5183071485
6660284.651524285
4036173.97823408
4035977.735853552
3753752.4148228224
4087604.56205507
3240318.326236926
4036056.0795273622
2182046.409579592
1464328.2483105627
4036056.0795273622
4036109.060882573
4742727.6888557
4458165.439055905
4036109.060882573
4034591.3454255695
7011373.904583393
6821978.764805617
4034591.3454255695
4031379.5743902144
6454170.8955278555
6654026.01209073
4031379.5743902144
4028429.8954408364
3746472.786819286
4080944.496684733
4028429.8954408364
4027983.9390380867
1459825.6163723269
2105352.040202659
4027983.9390380867
4030405.8136355705
3236623.2956442623
2803224.9915887057
4030405.8136355705
4033811.803155684
6067569.591248342
5847746.118483458
4033811.803155684
4035884.062256123
7138679.820075188
7260999.172378898
4035884.062256123
4036151.3892131126
5290741.863066368
5532692.798719643
4036151.3892131126
4035845.016084422
2110606.4948831727
2659300.4774712487
4649367.8953984
4035894.0324931955
1464328.2483105627
2110606.6172502916
4035894.0324931955
4036183.411230797
3241951.525558988
2809411.6940751583
4036183.411230797
4035606.606919056
6074862.861378851
5855321.621502495
4035606.606919056
4033118.162934845
7135606.584891623
7262233.191071795
4033118.162934845
4029716.3398655616
5282787.654617933
5525099.291358191
4029716.3398655616
4027795.915509747
2105352.040202659
2655173.601213911
4027795.915509747
4028922.5626501986
2179079.177425962
1459825.4197274114
4028922.5626501986
4032160.5456237225
4735391.205731726
4450339.842014796
4032160.5456237225
4035099.4593080897
7006345.557742228
6816803.76940205
4035099.4593080897
4036173.851840375
6460631.117467675
6660282.859753872
4036173.851840375
4035977.448241585
3753752.058878157
4087604.91123778
5067107.197228399
4036055.1392708286
2182047.20706474
1464329.2825573122
4036055.1392708286
4036108.1199150365
4742725.723680396
4458165.202500062
4036108.1199150365
4034591.7380202273
7011372.19916619
6821978.601781955
4034591.7380202273
4031379.88009844
6454170.035448434
6654026.12975601
4031379.88009844
4028430.1171470555
3746472.2877231436
4080945.247170357
4028430.1171470555
4027983.251760593
1459825.4197274114
2105351.99508162
4027983.251760593
4030406.849608083
3236622.329240078
2803224.3479148257
4030406.849608083
4033811.3092029043
6067569.167526034
5847746.595908742
4033811.3092029043
4035884.0894893385
7138678.440662056
7260998.874917755
4035884.0894893385
4036151.502637626
5290740.479849321
5532693.804408962
4036151.502637626
4035846.013946329
2110606.6172502916
2659300.5457906537
