4035853.7337472313
4036091.350195212
2303002.848021517
1639122.8942399155
4036091.350195212
4036031.4419233035
5038469.109947401
4771556.485413918
4036031.4419233035
4034325.064659298
7142567.919316537
6956737.263989757
4034325.064659298
4031034.3837933387
6251708.081529016
6457819.623028172
4031034.3837933387
4028241.4636285496
3406098.0105969016
3770859.7333455547
4028241.4636285496
4028107.2884518215
1634441.9304287492
1818779.2848590955
4028107.2884518215
4030764.266409264
3537021.9438053877
3145273.5695115267
4030764.266409264
4034110.21934439
6296019.155874114
6084438.71364158
4034110.21934439
4035984.526953519
7044083.310478166
7227673.698044764
4035984.526953519
4036104.6716907164
5001268.562527071
5256542.472814884
4036104.6716907164
4035853.7337472313
1823674.8102744445
2437816.5379778314
5561169.932815037
4036203.212618501
3542879.491428485
3151890.6729181665
4036203.212618501
4035440.0919823633
6303017.969963092
6091691.157562952
4035440.0919823633
4032778.559062551
7040204.018234286
7223896.972390842
4032778.559062551
4029400.208258742
4993284.758255722
5248961.60138395
4029400.208258742
4027776.6230233843
1818779.2848590955
2434202.620255996
4027776.6230233843
4029191.769977157
2299724.188525278
1634442.0368529153
4029191.769977157
4032502.1063543125
5030955.791945445
4763605.7905198885
4032502.1063543125
4035302.0497543844
7138226.071720738
6952276.015414295
4035302.0497543844
4036200.754925174
6258647.735275889
6464531.158024521
4036200.754925174
4035945.118097075
3413018.7598274415
3777086.2572582155
4035945.118097075
4035907.54172405
1639122.8942399155
1823672.5859097573
2654334.3440036075
4036091.623497748
2303004.726187237
1639122.900032028
4036091.623497748
4036031.506110295
5038469.171816348
4771556.309731085
4036031.506110295
4034325.0781248948
7142567.272619445
6956737.4015083015
4034325.0781248948
4031033.9726935136
6251707.680400377
6457819.819900918
4031033.9726935136
4028242.540765339
3406097.531175662
3770860.3307865052
4028242.540765339
4028107.670962822
1634442.0368529153
1818780.2605916623
4028107.670962822
4030764.7104751547
3537021.7953852145
3145273.258785266
4030764.7104751547
4034108.6427199235
6296019.498074969
6084439.270804488
4034108.6427199235
4035985.7040443122
7044083.372540408
7227673.348619827
4035985.7040443122
4036103.862069869
5001267.6645908775
5256541.317019772
4036103.862069869
4035853.4532498554
1823672.5859097573
2437816.3096951325
1851292.8845281596
4036202.5396440635
3542879.872667904
3151891.6083946666
4036202.5396440635
4035440.3555227867
6303017.280052257
6091690.810150693
4035440.3555227867
4032780.122876343
7040204.524659031
7223896.984854363
4032780.122876343
4029398.764804
4993284.357111437
5248960.510734682
4029398.764804
4027776.9314093958
1818780.2605916623
2434202.2396154827
4027776.9314093958
4029192.0687657855
2299723.388901621
1634442.898850056
4029192.0687657855
4032501.4191410826
5030955.643388085
4763605.164916926
4032501.4191410826
4035302.8251427254
7138225.962375365
6952275.52740991
4035302.8251427254
4036200.3163803606
6258647.140056879
6464530.284644138
4036200.3163803606
4035945.3154379264
3413018.458822147
3777086.221916704
4035945.3154379264
4035907.0655840687
1639122.900032028
1823672.6345237119
1422547.7928107549
4036091.939291226
2303003.3571233675
1639122.9947985427
4036091.939291226
4036031.872040675
5038468.393878866
4771554.669365764
4036031.872040675
4034325.604605853
7142567.507905992
6956735.522287358
4034325.604605853
4031032.9772992353
6251707.2540257145
6457817.92322074
4031032.9772992353
4028242.3264384824
3406098.038571987
3770859.4117376176
4028242.3264384824
4028108.328574364
1634442.898850056
1818780.2113038993
4028108.328574364
4030764.517244883
3537022.1671939483
3145272.757495127
4030764.517244883
4034108.820908978
6296018.958074578
6084437.896571928
4034108.820908978
4035985.691661448
7044083.3513448965
7227671.974870796
4035985.691661448
4036103.7188703995
5001267.675851822
5256540.842049557
4036103.7188703995
4035852.259838241
1823672.6345237119
2437814.9168542754
4889510.810253531
4036203.083653979
3542878.5676821554
3151891.407994549
4036203.083653979
4035440.050072656
6303016.340809275
6091691.098665006
4035440.050072656
4032779.0725266007
7040202.6564005
7223897.457892062
4032779.0725266007
4029399.5146045256
4993283.650549224
5248961.455975306
4029399.5146045256
4027776.884481442
1818780.2113038993
2434203.118455209
4027776.884481442
4029191.735475755
2299723.7515630275
1634441.9304287492
4029191.735475755
4032501.389802535
5030954.985861103
4763605.737312204
4032501.389802535
4035303.1320365747
7138224.267736217
6952275.796413361
4035303.1320365747
4036200.0450971206
6258645.890029218
6464530.958881191
4036200.0450971206
4035945.8584835436
3413018.388073529
3777086.3807324963
4035945.8584835436
4035906.9815348955
1639122.9947985427
1823674.8102744445
