4035853.508504846
4036110.2441550256
2394644.305562728
1765557.817426735
4036110.2441550256
4035989.9381675036
5192892.658197612
4934329.37853196
4035989.9381675036
4034173.1934057036
7203900.603431801
7019689.642282442
4034173.1934057036
4030843.5267667705
6134955.669559473
6344854.45107818
4030843.5267667705
4028154.515949239
3222280.747908886
3605676.9215433174
4028154.515949239
4028192.3722288148
1760733.1445761095
1684985.7209687454
4028192.3722288148
4030953.4684006604
3701572.333994687
3329231.2437348994
4030953.4684006604
4034263.8209659727
6411189.715315622
6203531.894115653
4034263.8209659727
4036029.3067633007
6983876.750108688
7169004.840304857
4036029.3067633007
4036084.5097281244
4840132.287166472
5103462.805488881
4036084.5097281244
4035853.508504846
1689724.0064264287
2339294.292414341
5599751.263287663
4036203.0312103084
3707694.1953683877
3336068.8798103374
4036203.0312103084
4035342.627123695
6417993.339765363
6210572.612341243
4035342.627123695
4032592.176890094
6979586.110373872
7164829.691918926
4032592.176890094
4029244.817311346
4832170.706151568
5095928.105675486
4029244.817311346
4027774.324458973
1684985.7209687454
2335922.038262782
4027774.324458973
4029345.347084543
2391136.5238951812
1760732.3160703261
4029345.347084543
4032689.411754331
5185322.160143322
4926346.906243754
4032689.411754331
4035402.1525214864
7199951.514061829
7015633.67149456
4035402.1525214864
4036203.290198367
6142117.651887858
6351771.558763103
4036203.290198367
4035928.208110591
3228987.618669799
3611642.9434114215
4035928.208110591
4035923.3441118835
1765557.817426735
1689722.0333840784
2642480.6763795004
4036109.9160416597
2394646.0661784
1765558.2377959723
4036109.9160416597
4035989.555974826
5192892.679373478
4934328.921233445
4035989.555974826
4034173.3837132608
7203899.939032223
7019689.148887038
4034173.3837132608
4030844.1615478015
6134955.322680265
6344854.452272307
4030844.1615478015
4028153.4878305127
3222279.785394249
3605676.39163478
4028153.4878305127
4028193.399178036
1760732.3160703261
1684985.6195338878
4028193.399178036
4030953.8694121274
3701572.1909107105
3329231.560890253
4030953.8694121274
4034261.9273333433
6411189.487643406
6203531.806608393
4034261.9273333433
4036029.930545817
6983877.233682818
7169005.609704425
4036029.930545817
4036085.2440894614
4840132.557931751
5103462.37779007
4036085.2440894614
4035853.4487049677
1689722.0333840784
2339293.6866124985
2269204.4285038947
4036203.0868284414
3707692.8809649395
3336067.7523584887
4036203.0868284414
4035343.430826919
6417992.64853205
6210571.597465086
4035343.430826919
4032592.0902102976
6979585.975808759
7164829.293578952
4032592.0902102976
4029243.153135148
4832170.5626631025
5095927.853213853
4029243.153135148
4027775.7953471006
1684985.6195338878
2335922.3034795593
4027775.7953471006
4029343.7963313735
2391138.314236241
1760733.4979793134
4029343.7963313735
4032689.738952839
5185321.405751163
4926345.511502869
4032689.738952839
4035402.297538151
7199951.145072176
7015632.854506984
4035402.297538151
4036202.578763351
6142117.245654593
6351771.312232579
4036202.578763351
4035928.7913182154
3228987.8308954625
3611643.8332344163
4035928.7913182154
4035923.512872476
1765558.2377959723
1689722.4141806178
1400309.4096045122
4036111.095044732
2394645.4209292396
1765559.0350710629
4036111.095044732
4035989.7647323334
5192892.914989972
4934329.52117628
4035989.7647323334
4034172.436353723
7203900.246601634
7019688.245725918
4034172.436353723
4030844.080481671
6134955.274416761
6344853.190932454
4030844.080481671
4028153.2841907144
3222279.9889499
3605675.689552822
4028153.2841907144
4028193.322678419
1760733.4979793134
1684986.044542135
4028193.322678419
4030953.576850357
3701571.4434595164
3329231.049263652
4030953.576850357
4034261.467319065
6411189.273237072
6203530.5785988765
4034261.467319065
4036029.906117083
6983876.697565987
7169004.740058497
4036029.906117083
4036085.365664436
4840132.921007533
5103462.315655597
4036085.365664436
4035853.147141212
1689722.4141806178
2339293.018996999
4933341.288136614
4036202.751830388
3707693.7969483617
3336067.7004484683
4036202.751830388
4035342.3913546493
6417992.38897955
6210572.511792602
4035342.3913546493
4032592.860095174
6979584.938011858
7164830.10040762
4032592.860095174
4029243.4742963226
4832169.3436327735
5095928.379719589
4029243.4742963226
4027775.40916287
1684986.044542135
2335922.53612969
4027775.40916287
4029344.594676499
2391137.377861083
1760733.1445761095
4029344.594676499
4032688.853071918
5185321.560027699
4926346.845646436
4032688.853071918
4035402.674493216
7199949.637027577
7015633.323946708
4035402.674493216
4036202.4882427696
6142116.6081775585
6351771.3203742895
4036202.4882427696
4035929.7259850255
3228988.0848072637
3611644.003815022
4035929.7259850255
4035923.0337266442
1765559.0350710629
1689724.0064264287
