4036001.2687362544
4035879.7394267474
1407133.1026712833
2144080.046187292
4035879.7394267474
4036172.631736009
3060584.5385839595
2598037.7300564568
4036172.631736009
4035698.697279461
5923528.898111388
5698171.564939579
4035698.697279461
4033326.904559651
7183449.844887183
7237252.6771105
4033326.904559651
4029914.6177628683
5456051.151161756
5691001.918747787
4029914.6177628683
4027833.1670882297
2301282.208985087
2813074.1255027335
4027833.1670882297
4028764.8967318637
2141213.9733074247
1402681.140918716
4028764.8967318637
4031935.7626672755
4546339.438425469
4248637.2503923355
4031935.7626672755
4034963.047495742
6912983.945909276
6720817.218873967
4034963.047495742
4036157.081714808
6576496.601032688
6772741.514221738
4036157.081714808
4036001.2687362544
3963971.2617851472
4281473.008030851
5793272.446117706
4036032.0049094865
2144080.046187292
1407133.419684213
4036032.0049094865
4036138.895055517
4553518.0714832395
4256340.199647998
4036138.895055517
4034749.553979288
6918408.810379452
6726403.008247571
4034749.553979288
4031605.164200711
6570378.9732038975
6766808.985663612
4031605.164200711
4028560.9747918905
3956497.183258373
4274578.357602332
4028560.9747918905
4027916.1290355604
1402681.140918716
2141213.960196368
4027916.1290355604
4030195.2690204787
3055605.3208419993
2592129.076854446
4030195.2690204787
4033614.6809746046
5916101.909495375
5690439.016084091
4033614.6809746046
4035812.736988896
7185998.580902608
7235465.516311015
4035812.736988896
4036167.8992590564
5463938.312695846
5698551.761326632
4036167.8992590564
4035854.6381151453
2306796.386071276
2817549.493689907
5525447.337198716
4035881.092168792
1407133.419684213
2144082.3786910204
4035881.092168792
4036172.8179591973
3060585.9218246513
2598037.522265532
4036172.8179591973
4035697.9657714725
5923529.108595792
5698171.605899264
4035697.9657714725
4033327.086983493
7183449.926799396
7237252.871270083
4033327.086983493
4029915.7339318367
5456051.333174335
5691001.805260575
4029915.7339318367
4027831.819449784
2301281.130957955
2813073.641673724
4027831.819449784
4028765.6651979918
2141213.960196368
1402680.9236383622
4028765.6651979918
4031936.2068072483
4546339.08497784
4248637.230184541
4031936.2068072483
4034961.3665836686
6912984.151162286
6720817.392799732
4034961.3665836686
4036157.977477255
6576496.635619247
6772742.547698835
4036157.977477255
4035999.8016347084
3963970.3754235473
4281473.960809788
3737166.9981456916
4036030.54510284
2144082.3786910204
1407134.765170211
4036030.54510284
4036137.191507912
4553516.746951611
4256337.996373082
4036137.191507912
4034750.32674831
6918407.781594047
6726401.420910244
4034750.32674831
4031604.85566694
6570378.540212081
6766808.438797686
4031604.85566694
4028561.312826442
3956497.341104878
4274578.304684682
4028561.312826442
4027916.1595514095
1402680.9236383622
2141215.430397549
4027916.1595514095
4030195.319332857
3055604.386591894
2592127.9980232636
4030195.319332857
4033615.858223801
5916102.426815528
5690439.5172868185
4033615.858223801
4035812.6172403563
7185998.382878693
7235466.281321815
4035812.6172403563
4036168.370158165
5463938.5312173255
5698551.201280092
4036168.370158165
4035854.7797002257
2306794.9939488284
2817548.169022781
5050526.402848064
4035881.831121677
1407134.765170211
2144080.9721834566
4035881.831121677
4036173.0571117583
3060585.316833862
2598039.628736895
4036173.0571117583
4035698.015584049
5923528.731779516
5698171.607080468
4035698.015584049
4033325.6513791387
7183448.995368642
7237251.387586233
4033325.6513791387
4029915.394594518
5456051.228944717
5691001.366766629
4029915.394594518
4027833.0224205544
2301280.978336325
2813073.8727072454
4027833.0224205544
4028765.4199272348
2141215.430397549
1402680.843167435
4028765.4199272348
4031936.0771762226
4546340.098741758
4248636.876931684
4031936.0771762226
4034961.8213770855
6912984.270788989
6720815.559756368
4034961.8213770855
4036158.351436897
6576496.6380887255
6772741.270442625
4036158.351436897
4035999.777459886
3963969.3684264105
4281471.877906498
5151925.74229963
4036031.615532555
2144080.9721834566
1407133.1026712833
4036031.615532555
4036138.9857622893
4553518.001494061
4256338.971915264
4036138.9857622893
4034749.241280542
6918407.904638329
6726403.281608955
4034749.241280542
4031604.7949031754
6570377.57831194
6766808.846860572
4031604.7949031754
4028562.0662713107
3956497.3308433453
4274579.111287953
4028562.0662713107
4027915.7223885073
1402680.843167435
2141213.9733074247
4027915.7223885073
4030194.4690834866
3055605.5221423176
2592128.7781265806
4030194.4690834866
4033616.274150638
5916100.481591215
5690439.195075818
4033616.274150638
4035812.5086384555
7185997.282998094
7235466.600759998
4035812.5086384555
4036168.9883109066
5463937.534999952
5698552.027390604
4036168.9883109066
4035853.675669417
2306794.337790683
2817548.6044237386
