4036194.7335632737
4035968.8739052135
3674503.6945744627
4014945.387968099
4035968.8739052135
4035886.2973839617
1496800.5743268707
2040096.3960177302
4035886.2973839617
4036198.869219296
3311300.6965331733
2889159.0081470995
4036198.869219296
4035568.250433133
6129769.596042131
5912264.496404786
4035568.250433133
4033040.61326608
7115372.208115735
7269183.099804011
4033040.61326608
4029633.1157092988
5216430.077589523
5461683.129727805
4029633.1157092988
4027795.6525417534
2034931.3332900663
2599687.3316707723
4027795.6525417534
4028984.9754978884
2200945.0611232184
1492267.0439222876
4028984.9754978884
4032243.782117877
4805311.577595125
4524661.799546345
4032243.782117877
4035132.9410399077
7039119.23439952
6850483.4198590135
4035132.9410399077
4036194.7335632737
6415227.574682688
6616250.204314683
7452304.011027237
4035856.722054032
2040096.3960177302
2603690.9971987545
4035856.722054032
4036063.3771209074
2203970.382436951
1496800.9533120024
4036063.3771209074
4036095.6050330373
4812695.158161631
4532521.14446478
4036095.6050330373
4034518.6375585054
7043991.826145705
6855495.246699345
4034518.6375585054
4031308.36116828
6408647.319758332
6609876.943677883
4031308.36116828
4028381.052447609
3667304.549625766
4008380.8091673297
4028381.052447609
4028000.443118288
1492267.0439222876
2034931.028024975
4028000.443118288
4030501.5838886877
3305844.112394778
2882867.9045399013
4030501.5838886877
4033880.2854245803
6122537.137985316
5904756.28387827
4033880.2854245803
4035912.464784372
7118637.692232887
7268154.98017091
4035912.464784372
4036129.8716714787
5224397.947692385
5469280.31795894
10230290.83378419
4035968.9245847305
3674504.603715007
4014945.83166427
4035968.9245847305
4035886.9431228032
1496800.9533120024
2040095.790141513
4035886.9431228032
4036199.0611312147
3311299.7216312913
2889158.9437968903
4036199.0611312147
4035567.733254927
6129768.537002955
5912265.051864284
4035567.733254927
4033041.6172697125
7115372.345435269
7269182.808748748
4033041.6172697125
4029632.2972200345
5216429.032233682
5461682.960546264
4029632.2972200345
4027795.6363636814
2034931.028024975
2599687.8167532803
4027795.6363636814
4028984.5610712315
2200945.7289204607
1492266.3820898503
4028984.5610712315
4032245.077729369
4805310.574883293
4524661.149180328
4032245.077729369
4035132.401829781
7039119.196686423
6850483.916311791
4035132.401829781
4036193.5613387693
6415227.818849655
6616249.631301148
10092213.002941795
4035855.850628696
2040095.790141513
2603691.094054674
4035855.850628696
4036065.4084564135
2203970.5327466736
1496799.8549002802
4036065.4084564135
4036094.064188451
4812696.816524218
4532522.770799092
4036094.064188451
4034519.804775718
7043991.979773427
6855494.985802021
4034519.804775718
4031307.1330274153
6408646.726964692
6609876.756640028
4031307.1330274153
4028383.0540615525
3667305.090577791
4008381.3434992917
4028383.0540615525
4027999.9962319736
1492266.3820898503
2034931.9302036017
4027999.9962319736
4030501.112161109
3305844.479461661
2882868.5458640354
4030501.112161109
4033880.270132366
6122537.3903131625
5904755.448367993
4033880.270132366
4035911.494634619
7118637.368257883
7268154.809594329
4035911.494634619
4036130.0409209672
5224397.6103883935
5469280.529164399
9981642.06630744
4035968.414392449
3674504.5691147945
4014945.2803770644
4035968.414392449
4035887.3617880493
1496799.8549002802
2040095.6528767683
4035887.3617880493
4036199.4744697213
3311301.0019151745
2889158.6228672205
4036199.4744697213
4035566.913210308
6129768.968544311
5912263.799392319
4035566.913210308
4033041.4166635787
7115372.83429504
7269181.647294574
4033041.4166635787
4029632.4081592145
5216429.623761311
5461682.809102878
4029632.4081592145
4027796.301801974
2034931.9302036017
2599688.090018553
4027796.301801974
4028984.810416135
2200944.898776333
1492266.685390362
4028984.810416135
4032244.912721716
4805310.360667756
4524660.861206554
4032244.912721716
4035132.5045736185
7039118.934475123
6850482.081278078
4035132.5045736185
4036193.46495141
6415228.264581443
6616249.112031845
6965191.807560406
4035856.8458826295
2040095.6528767683
2603691.1829330334
4035856.8458826295
4036063.75080307
2203971.5448825276
1496800.5743268707
4036063.75080307
4036095.136805182
4812694.364919893
4532522.813508075
4036095.136805182
4034518.7570178793
7043990.54817254
6855496.286731024
4034518.7570178793
4031308.0353629948
6408646.273673407
6609877.840453949
4031308.0353629948
4028382.3825677107
3667304.8954967214
4008381.1177897756
4028382.3825677107
4028000.218381298
1492266.685390362
2034931.3332900663
4028000.218381298
4030501.360531939
3305844.334327947
2882868.917989704
4030501.360531939
4033879.3707011743
6122536.524193445
5904756.946584055
4033879.3707011743
4035912.352211556
7118636.76753232
7268155.393309431
4035912.352211556
4036129.879327856
5224397.131253499
5469280.088563057
