4036043.2466975544
4035862.9067762922
1435063.0882780903
2162515.4182466175
4035862.9067762922
4036144.254558872
2723630.9091464938
2191097.564763876
4036144.254558872
4035856.8178672963
5602429.1795778405
5363619.261001381
4035856.8178672963
4033727.925960726
7251500.336074823
7159496.850083823
4033727.925960726
4030330.6331944326
5783095.099816093
6005282.460124589
4030330.6331944326
4027942.934270808
2714917.9464566926
3160441.8621538756
4027942.934270808
4028483.3358522006
2159597.4176296075
1430584.581529086
4028483.3358522006
4031486.863365213
4161675.6209695004
3834249.069095766
4031486.863365213
4034660.1151353233
6701939.25711143
6503552.512288456
4034660.1151353233
4036109.5783990817
6783220.884268135
6973663.958817976
4036109.5783990817
4036043.2466975544
4374630.045006138
4664287.245285691
5970340.700186108
4035985.8921417943
2162515.4182466175
1435061.2144421858
4035985.8921417943
4036181.5863314737
4168440.257006038
3841616.4337935154
4036181.5863314737
4035040.378096854
6708069.130357937
6509876.574515526
4035040.378096854
4032054.276744335
6777875.461715163
6968471.022632819
4032054.276744335
4028857.140054151
4366858.172523031
4657016.828816393
4028857.140054151
4027819.199414814
1430584.581529086
2159598.142784917
4027819.199414814
4029786.436472448
2719356.2619837187
2185731.6718154345
4029786.436472448
4033209.9436362586
5594845.613733193
5355684.819972516
4033209.9436362586
4035642.447436454
7252962.903896386
7156638.671243505
4035642.447436454
4036195.4270759793
5790737.066115272
6012632.055907181
4036195.4270759793
4035874.853407404
2720982.7326036715
3165620.4580566306
6256181.1987548815
4035861.8685247586
1435061.2144421858
2162514.6322450195
4035861.8685247586
4036143.7829011832
2723631.9223171473
2191097.666593975
4036143.7829011832
4035857.354461193
5602428.575188259
5363620.157167737
4035857.354461193
4033727.173742016
7251499.31645415
7159496.885963892
4033727.173742016
4030330.6731115906
5783094.595752466
6005283.0068234475
4030330.6731115906
4027943.5278440863
2714917.2324630646
3160442.5661816485
4027943.5278440863
4028481.950501043
2159598.142784917
1430585.0279333058
4028481.950501043
4031486.597599058
4161674.7250328935
3834249.2522505973
4031486.597599058
4034660.832154273
6701938.616707276
6503551.726439273
4034660.832154273
4036108.1438331287
6783220.359685635
6973664.15427062
4036108.1438331287
4036046.31310694
4374629.431945254
4664287.893875637
4721919.648502924
4035985.9839810324
2162514.6322450195
1435061.7337746092
4035985.9839810324
4036181.1185011067
4168440.41720323
3841616.70429766
4036181.1185011067
4035040.8524419744
6708069.748975982
6509876.954822549
4035040.8524419744
4032053.229854549
6777876.025444098
6968471.123394206
4032053.229854549
4028857.9180179895
4366858.943536987
4657017.763336167
4028857.9180179895
4027819.4092923747
1430585.0279333058
2159597.6741283243
4027819.4092923747
4029785.212569477
2719355.928201112
2185732.072404954
4029785.212569477
4033209.805349908
5594846.021408951
5355684.776896628
4033209.805349908
4035643.956954405
7252963.219519932
7156638.176049913
4035643.956954405
4036194.230011949
5790737.1413393365
6012631.850173293
4036194.230011949
4035876.5948761017
2720983.323310194
3165621.3086648765
5840951.745388035
4035860.2203240544
1435061.7337746092
2162513.623585612
4035860.2203240544
4036145.697979494
2723630.306018496
2191096.6876171064
4036145.697979494
4035856.3272451237
5602428.840769969
5363618.980859836
4035856.3272451237
4033728.2882620688
7251499.432441851
7159495.402824805
4033728.2882620688
4030330.067856117
5783094.292828049
6005280.85729988
4030330.067856117
4027942.865388142
2714917.065020161
3160441.3846883597
4027942.865388142
4028482.822621816
2159597.6741283243
1430584.7060781978
4028482.822621816
4031486.1627665805
4161675.1395525327
3834248.57189339
4031486.1627665805
4034660.8192618405
6701938.705105747
6503550.418138164
4034660.8192618405
4036108.3048474006
6783219.949986649
6973662.704396256
4036108.3048474006
4036046.393776356
4374630.5268274695
4664286.230532066
5350233.7067351
4035986.0384695316
2162513.623585612
1435063.0882780903
4035986.0384695316
4036181.743416398
4168439.2440384743
3841616.0033342475
4036181.743416398
4035040.689201794
6708068.109207474
6509877.440455692
4035040.689201794
4032054.0502344887
6777873.885630336
6968471.7196859075
4032054.0502344887
4028857.4788618344
4366857.007770389
4657017.383322298
4028857.4788618344
4027818.6322070356
1430584.7060781978
2159597.4176296075
4027818.6322070356
4029785.951743657
2719355.440206339
2185731.228556361
4029785.951743657
4033209.204363645
5594844.762789855
5355685.576310866
4033209.204363645
4035644.07685982
7252961.424365865
7156637.950142112
4035644.07685982
4036194.224023712
5790735.745159618
6012632.000083143
4036194.224023712
4035875.79848579
2720982.530485352
3165621.613713322
