4036185.664192118
4035984.0855785757
3825616.578147457
4153697.940220651
4035984.0855785757
4035876.668450479
1439838.248654276
2165687.213340996
4035876.668450479
4036193.159746206
3179468.679652806
2737079.1933208085
4036193.159746206
4035637.147794211
6024070.772680893
5802613.218428914
4035637.147794211
4033191.6414976353
7152919.963703389
7254774.880895358
4033191.6414976353
4029771.874875817
5342466.320349572
5582192.947611413
4029771.874875817
4027816.141138431
2170930.789897367
2707471.812183514
4027816.141138431
4028869.3132995064
2162761.6768353647
1435356.8465942645
4028869.3132995064
4032085.140116634
4671353.014625697
4382142.039766109
4032085.140116634
4035037.7245989945
6975492.451493313
6785092.837274618
4035037.7245989945
4036185.664192118
6500998.466757123
6699452.3771921415
7541159.856514053
4035862.273994764
2176273.772810219
2711719.9567251303
4035862.273994764
4036046.7169068926
2165687.213340996
1439838.7866414725
4036046.7169068926
4036119.8527717185
4678638.4342559
4389928.856196383
4036119.8527717185
4034634.6537690684
6980658.569247286
6790409.233058292
4034634.6537690684
4031468.3538613175
6494649.93956666
6693298.659653879
4031468.3538613175
4028471.92585646
3818268.8667146005
4146955.9893937903
4028471.92585646
4027948.013919929
1435356.8465942645
2162762.3205560376
4027948.013919929
4030347.6487980946
3174258.3479243424
2730986.8011440793
4030347.6487980946
4033743.188373935
6016729.756475239
5794979.3653211435
4033743.188373935
4035863.8908188017
7155816.04756294
7253350.388331415
4035863.8908188017
4036141.554389469
5350401.418239907
5589773.959874887
10415083.905731764
4035984.329676792
3825617.51949867
4153699.2948655384
4035984.329676792
4035877.611733626
1439838.7866414725
2165686.4748239904
4035877.611733626
4036193.3698653565
3179469.360161304
2737078.745724679
4036193.3698653565
4035636.553547601
6024071.708490677
5802612.654756177
4035636.553547601
4033191.1779553206
7152919.774334752
7254774.7867729
4033191.1779553206
4029771.992638177
5342466.465157699
5582193.145113815
4029771.992638177
4027816.337284816
2170930.509518218
2707472.5438106824
4027816.337284816
4028869.300138451
2162762.3205560376
1435356.6456797093
4028869.300138451
4032085.44076006
4671353.6588345915
4382141.746951416
4032085.44076006
4035037.113590965
6975492.243784813
6785092.1336057875
4035037.113590965
4036184.1242841375
6500997.317463706
6699451.854190765
10352858.34177206
4035859.9465604755
2176273.123348743
2711718.907747636
4035859.9465604755
4036048.3422687524
2165686.4748239904
1439837.370192963
4036048.3422687524
4036119.55482215
4678637.233760312
4389927.874741067
4036119.55482215
4034636.1350633707
6980657.360586481
6790409.332277888
4034636.1350633707
4031466.797563268
6494648.8152132025
6693298.443652494
4031466.797563268
4028472.538544072
3818269.3835797766
4146956.544146054
4028472.538544072
4027947.4336406942
1435356.6456797093
2162762.1254535685
4027947.4336406942
4030348.5148050026
3174257.5327225095
2730986.880366069
4030348.5148050026
4033741.7922656853
6016728.792883688
5794979.503693173
4033741.7922656853
4035864.2516928315
7155816.436012836
7253350.373561757
4035864.2516928315
4036142.7329316693
5350401.116023866
5589774.063358758
10170946.273823295
4035983.9562575887
3825616.1502540223
4153698.060365497
4035983.9562575887
4035877.505899511
1439837.370192963
2165687.7572384337
4035877.505899511
4036192.1888136137
3179469.3734535035
2737079.3854508353
4036192.1888136137
4035638.431310858
6024071.144806119
5802611.072891054
4035638.431310858
4033190.908865696
7152919.841840264
7254773.417886489
4033190.908865696
4029771.8742121086
5342466.960798597
5582192.733822054
4029771.8742121086
4027816.5203871005
2170930.3887378634
2707472.5939643243
4027816.5203871005
4028869.781921127
2162762.1254535685
1435356.6237304495
4028869.781921127
4032085.148009747
4671353.271782292
4382141.7657690765
4032085.148009747
4035036.9585073506
6975492.900863996
6785090.927335538
4035036.9585073506
4036184.46520314
6500997.10546868
6699450.065730521
7060168.7291790275
4035861.4310721587
2176272.8223161655
2711719.3162980163
4035861.4310721587
4036047.006623587
2165687.7572384337
1439838.248654276
4036047.006623587
4036119.973074513
4678637.931004181
4389928.243748661
4036119.973074513
4034634.016786337
6980656.632808563
6790408.604747092
4034634.016786337
4031468.553667838
6494648.467345303
6693299.459576951
4031468.553667838
4028472.638498864
3818268.6966458578
4146956.5426373663
4028472.638498864
4027947.046544485
1435356.6237304495
2162761.6768353647
4027947.046544485
4030348.596329231
3174257.112745127
2730986.318165369
4030348.596329231
4033742.0663293144
6016728.312674968
5794979.916253968
4033742.0663293144
4035864.2773614023
7155814.777357812
7253350.5197858885
4035864.2773614023
4036142.3268613224
5350399.279963231
5589774.361238363
