4035907.948824039
4036144.711254514
5229284.163870248
5473948.268180485
4036144.711254514
4035843.5612378176
2045185.8471374002
2607679.34856833
4035843.5612378176
4036063.8722009296
2202227.5571908224
1494231.498891623
4036063.8722009296
4036095.6424976652
4807588.79198379
4527101.2986315265
4036095.6424976652
4034535.1865929905
7041642.7214211505
6853083.001506284
4034535.1865929905
4031302.3942963094
6412013.521184594
6613139.743088216
4031302.3942963094
4028385.326579753
3673109.952073538
4013695.222404653
4028385.326579753
4028011.739983582
1489700.294405881
2040016.7778546119
4028011.739983582
4030496.3339466876
3300764.2612125976
2877039.287827196
4030496.3339466876
4033860.714093889
6118554.29986065
5900623.661399058
4033860.714093889
4035907.948824039
7120150.0574373845
7267675.736923135
8332860.591416242
4035971.6317348504
3680316.2115770704
4020268.310450286
4035971.6317348504
4035898.234616703
1494231.498891623
2045185.5331531507
4035898.234616703
4036198.4075817596
3306210.2678415235
2883320.528963048
4036198.4075817596
4035558.818807107
6125788.514357948
5908136.8606326785
4035558.818807107
4033046.706693697
7116897.226539128
7268718.708514039
4033046.706693697
4029647.49411176
5221315.6335345665
5466350.419882092
4029647.49411176
4027784.85264003
2040016.7778546119
2603669.3711423525
4027784.85264003
4028982.345712019
2199205.23021801
1489699.006139705
4028982.345712019
4032234.877344784
4800207.431086332
4519243.956661667
4032234.877344784
4035145.401140846
7036756.387441889
6848057.5133283315
4035145.401140846
4036179.4748832635
6418584.565090305
6619504.468636392
11887529.03391077
4036142.890215845
5229284.556547292
5473948.115588497
4036142.890215845
4035844.869213768
2045185.5331531507
2607679.4085925743
4035844.869213768
4036064.4380545076
2202228.1893323124
1494232.778352751
4036064.4380545076
4036095.5570260906
4807589.081581052
4527101.490504376
4036095.5570260906
4034535.2625572705
7041642.657959553
6853082.929381122
4034535.2625572705
4031303.0649043475
6412013.536902977
6613139.4808247965
4031303.0649043475
4028384.9057473084
3673109.7322431584
4013695.0500543914
4028384.9057473084
4028011.4887236874
1489699.006139705
2040015.3830364323
4028011.4887236874
4030495.7465163716
3300764.8081562477
2877038.7630252824
4030495.7465163716
4033861.012969533
6118553.620362506
5900623.757888824
4033861.012969533
4035909.1285359613
7120149.153791662
7267676.063910092
12548171.404009802
4035969.7276082393
3680315.8776612356
4020267.4694953407
4035969.7276082393
4035898.0611556233
1494232.778352751
2045185.97979859
4035898.0611556233
4036198.158809886
3306209.677183711
2883319.477008764
4036198.158809886
4035559.523013932
6125787.2983089285
5908135.167972329
4035559.523013932
4033048.2736406364
7116897.513531273
7268718.618025678
4033048.2736406364
4029647.6897154576
5221315.507128343
5466350.729593014
4029647.6897154576
4027783.7854693583
2040015.3830364323
2603668.446260955
4027783.7854693583
4028982.7851094943
2199205.3569792616
1489698.7546594886
4028982.7851094943
4032236.0878281724
4800207.004250105
4519243.772707702
4032236.0878281724
4035145.078501399
7036757.179875335
6848057.6800250225
4035145.078501399
4036179.6283109067
6418584.531424222
6619503.966761482
11674166.778086592
4036143.401191345
5229284.329073984
5473948.028575533
4036143.401191345
4035845.355258626
2045185.97979859
2607678.3343837797
4035845.355258626
4036064.247731753
2202229.004281713
1494234.3329257295
4036064.247731753
4036094.111170948
4807588.923344805
4527102.358954866
4036094.111170948
4034535.0777225955
7041642.736007778
6853081.344028366
4034535.0777225955
4031303.8866051696
6412013.717492502
6613138.530333296
4031303.8866051696
4028385.274138712
3673109.667311018
4013694.7135474873
4028385.274138712
4028010.6803816515
1489698.7546594886
2040016.429049692
4028010.6803816515
4030496.529424213
3300764.6066654245
2877038.3642442264
4030496.529424213
4033860.3379413513
6118553.07616584
5900622.897288355
4033860.3379413513
4035909.3433546983
7120149.032202056
7267674.215309642
7900088.719267576
4035969.742166195
3680315.737401548
4020267.2743917243
4035969.742166195
4035899.3903064355
1494234.3329257295
2045185.8471374002
4035899.3903064355
4036198.1766424673
3306210.1503345966
2883320.918320989
4036198.1766424673
4035559.075644641
6125787.942990184
5908136.672069312
4035559.075644641
4033047.0955664967
7116896.104994138
7268719.013807258
4033047.0955664967
4029647.358423368
5221314.078514423
5466350.831170575
4029647.358423368
4027784.8863383876
2040016.429049692
2603668.0461365343
4027784.8863383876
4028981.9428640096
2199205.422617806
1489700.294405881
4028981.9428640096
4032236.125382083
4800206.0585370315
4519243.788792442
4032236.125382083
4035145.608565616
7036755.947869986
6848058.484286032
4035145.608565616
4036179.18542458
6418582.875699399
6619504.444594701
