4035123.808310146
4036189.52561252
6439362.083117771
6639653.103959236
4036189.52561252
4035960.835286519
3716416.702188384
4053341.8159476756
4035960.835286519
4035897.463203491
1478946.0015642263
2077136.9858590814
4035897.463203491
4036195.717339711
3274560.5431236136
2846979.4162532263
4036195.717339711
4035588.109389425
6100872.794438554
5882302.19104793
4035588.109389425
4033071.693716061
7126222.287021742
7265675.257654351
4033071.693716061
4029680.608523871
5251603.306183667
5495291.391387619
4029680.608523871
4027802.0944595514
2071925.5103822958
2628744.84290167
4027802.0944595514
4028954.727608096
2188893.905293422
1474429.9220447352
4028954.727608096
4032183.311893043
4768424.869203178
4485469.756410647
4032183.311893043
4035123.808310146
7021941.822527715
6832833.739971724
8891489.528356452
4036146.438366333
5259566.031076684
5502887.999880836
4036146.438366333
4035858.818167822
2077136.9858590814
2632814.4457984203
4035858.818167822
4036059.4276571455
2191888.0828292407
1478946.9608540523
4036059.4276571455
4036090.3225499326
4775782.089170245
4493310.354305178
4036090.3225499326
4034562.9385550083
7026897.774212198
6837933.309248814
4034562.9385550083
4031351.411341863
6432844.949951331
6633340.607204141
4031351.411341863
4028393.9202098157
3709176.427656781
4046727.379142466
4028393.9202098157
4028000.9929464045
1474429.9220447352
2071925.3474565179
4028000.9929464045
4030456.0045899427
3269172.7389145456
2840743.4106401373
4030456.0045899427
4033844.764821036
6093608.3350238055
5874757.9942220645
4033844.764821036
4035883.711817359
7129385.808095046
7264538.439155714
12633988.753204575
4036190.5021086996
6439362.874519614
6639653.9844336985
4036190.5021086996
4035960.701535943
3716418.549588653
4053342.4863022463
4035960.701535943
4035897.776894806
1478946.9608540523
2077136.6393967983
4035897.776894806
4036196.699823254
3274560.1866400605
2846978.9837784083
4036196.699823254
4035587.6132841315
6100873.716492957
5882301.587355046
4035587.6132841315
4033071.50879811
7126221.875234564
7265675.3498487
4033071.50879811
4029680.528022123
5251603.164604244
5495291.227978868
4029680.528022123
4027802.0066057043
2071925.3474565179
2628745.4763181238
4027802.0066057043
4028954.6104824254
2188894.481415997
1474428.8244793834
4028954.6104824254
4032184.6877732994
4768424.510403743
4485469.459747361
4032184.6877732994
4035121.594377205
7021942.018465842
6832833.993656484
13998945.623389741
4036146.7258026055
5259565.540404557
5502887.435690912
4036146.7258026055
4035859.530758879
2077136.6393967983
2632813.4285845067
4035859.530758879
4036056.878133746
2191889.793199937
1478948.511608469
4036056.878133746
4036089.6491830084
4775780.734402593
4493309.442531184
4036089.6491830084
4034565.837623885
7026896.437804362
6837931.817219392
4034565.837623885
4031350.338490105
6432844.539729078
6633340.064502776
4031350.338490105
4028394.730074515
3709176.4476260343
4046727.6299993345
4028394.730074515
4028000.2716090246
1474428.8244793834
2071925.7192814385
4028000.2716090246
4030455.6305961898
3269173.904076638
2840744.627073408
4030455.6305961898
4033843.9890200654
6093608.330726261
5874757.614516021
4033843.9890200654
4035884.475067286
7129385.548425782
7264537.865094532
12433405.641804133
4036190.100599485
6439362.056146406
6639652.745482054
4036190.100599485
4035960.7188781505
3716417.899280006
4053342.740647087
4035960.7188781505
4035898.69688448
1478948.511608469
2077136.7496940875
4035898.69688448
4036195.3668836486
3274560.6187905003
2846979.891079446
4036195.3668836486
4035587.2609185833
6100873.3200236345
5882300.876295846
4035587.2609185833
4033072.7374720746
7126222.190133425
7265673.740767499
4033072.7374720746
4029679.847279067
5251603.946043144
5495290.49848488
4029679.847279067
4027802.4833372035
2071925.7192814385
2628745.3091543084
4027802.4833372035
4028953.5350639904
2188893.655174508
1474429.6579314682
4028953.5350639904
4032185.3890591622
4768423.560124332
4485467.772309215
4032185.3890591622
4035121.5945805926
7021941.332316493
6832832.8591733845
8487140.11663849
4036146.585627365
5259564.580365033
5502887.293076083
4036146.585627365
4035857.4945732797
2077136.7496940875
2632813.6868437384
4035857.4945732797
4036059.672337543
2191887.843017243
1478946.0015642263
4036059.672337543
4036090.0235512825
4775781.517280222
4493310.2355216555
4036090.0235512825
4034563.287453438
7026896.366199192
6837932.425048043
4034563.287453438
4031350.7570997295
6432843.528427315
6633340.90885579
4031350.7570997295
4028394.953374506
3709177.010205911
4046728.573366132
4028394.953374506
4027999.6009115367
1474429.6579314682
2071925.5103822958
4027999.6009115367
4030456.0818391494
3269171.5640378557
2840743.686811167
4030456.0818391494
4033845.0609472934
6093606.833492178
5874757.780139453
4033845.0609472934
4035884.68409244
7129384.551166807
7264538.530679513
