4035997.1752726776
4035881.5165837067
1412507.3407702944
2147611.572578834
4035881.5165837067
4036174.35830339
3086072.3067410206
2628013.2013035114
4036174.35830339
4035685.649860512
5945539.107562396
5721047.380286181
4035685.649860512
4033298.4210620713
7177176.890523731
7241390.085050644
4033298.4210620713
4029885.315988467
5431683.29626932
5667642.631565035
4029885.315988467
4027826.180773868
2272714.3320694133
2789752.270957618
4027826.180773868
4028787.8963133837
2144735.6307399375
1408049.5620804466
4028787.8963133837
4031969.6478205174
4573512.569490886
4277700.185983808
4031969.6478205174
4034981.4959980724
6926826.660075151
6735053.65717137
4034981.4959980724
4036159.650879867
6560446.489228168
6757157.053327856
4036159.650879867
4035997.1752726776
3934110.2241944666
4253842.256940421
5781938.081800678
4036035.22996258
2147611.572578834
1412507.968949202
4036035.22996258
4036135.162764134
4580715.43865275
4285421.011719031
4036135.162764134
4034727.5289610247
6932195.106337823
6740581.59422013
4034727.5289610247
4031571.7370946812
6554278.391929601
6751175.692272571
4031571.7370946812
4028542.675691984
3926665.4043232924
4246979.159400534
4028542.675691984
4027924.6045656106
1408049.5620804466
2144736.1256163456
4027924.6045656106
4030224.107076898
3081043.022996626
2622064.1842139014
4030224.107076898
4033644.8107704795
5938128.5484938165
5713333.534711817
4033644.8107704795
4035823.2595741986
7179800.696353346
7239682.430595039
4035823.2595741986
4036166.491258291
5439582.413655202
5675201.509397433
4036166.491258291
4035852.462818051
2278190.4974952573
2794175.6531194826
5473283.507913654
4035883.0852685994
1412507.968949202
2147612.2398608546
4035883.0852685994
4036174.5797525826
3086073.224024545
2628013.204332707
4036174.5797525826
4035685.062422434
5945539.279034062
5721047.10793384
4035685.062422434
4033298.1338608065
7177176.489113007
7241390.813894762
4033298.1338608065
4029886.9414267302
5431683.982105475
5667643.533290382
4029886.9414267302
4027826.0724728457
2272713.534428483
2789751.606346404
4027826.0724728457
4028787.20795067
2144736.1256163456
1408050.4646017218
4028787.20795067
4031968.4616219024
4573511.5461687725
4277700.353138028
4031968.4616219024
4034981.435913765
6926825.567478045
6735052.7018893305
4034981.435913765
4036160.9162042267
6560447.364360933
6757157.917276558
4036160.9162042267
4035996.5151342656
3934111.1454985314
4253842.610865004
3666304.23057761
4036036.6922632973
2147612.2398608546
1412507.2749000378
4036036.6922632973
4036133.5064865956
4580716.221398871
4285420.995840749
4036133.5064865956
4034727.8872398688
6932194.404356642
6740580.327266467
4034727.8872398688
4031572.0585748907
6554278.881129625
6751175.857949312
4031572.0585748907
4028542.3853968764
3926666.360029813
4246979.705529279
4028542.3853968764
4027924.869778897
1408050.4646017218
2144736.7952781743
4027924.869778897
4030225.207091513
3081042.157934146
2622063.508165313
4030225.207091513
4033644.386861042
5938129.646353391
5713335.016231774
4033644.386861042
4035822.783827549
7179800.635378432
7239682.007905997
4035822.783827549
4036165.990167901
5439582.565173958
5675200.951684368
4036165.990167901
4035851.762650946
2278190.03965895
2794175.5184066542
4993406.00442604
4035883.625379957
1412507.2749000378
2147612.2783482997
4035883.625379957
4036174.6303437995
3086074.074926118
2628014.807263995
4036174.6303437995
4035683.8956102133
5945539.472333481
5721047.376543902
4035683.8956102133
4033298.087740179
7177175.869138614
7241389.164117705
4033298.087740179
4029887.1031424534
5431683.442404972
5667642.76111945
4029887.1031424534
4027825.932348461
2272713.427135578
2789751.4589021048
4027825.932348461
4028786.6829688316
2144736.7952781743
1408049.873539131
4028786.6829688316
4031968.361036219
4573512.087657242
4277699.160934798
4031968.361036219
4034981.7999189445
6926825.250128545
6735051.261340258
4034981.7999189445
4036160.343173269
6560446.797917406
6757157.060507746
4036160.343173269
4035996.6572931525
3934111.0826570466
4253843.201360914
5139178.802520736
4036035.1400137986
2147612.2783482997
1412507.3407702944
4036035.1400137986
4036135.066948605
4580715.234276663
4285420.888068701
4036135.066948605
4034727.359500943
6932194.560312361
6740581.55360577
4034727.359500943
4031572.1646381184
6554277.192513586
6751176.808013879
4031572.1646381184
4028543.0644390727
3926664.9727516943
4246979.279913631
4028543.0644390727
4027924.8747643153
1408049.873539131
2144735.6307399375
4027924.8747643153
4030224.523552565
3081043.18673972
2622064.3255134635
4030224.523552565
4033644.4972466743
5938127.561233629
5713335.203996373
4033644.4972466743
4035823.043757331
7179799.445109761
7239682.675750652
4035823.043757331
4036166.205701388
5439582.311388253
5675201.412674182
4036166.205701388
4035852.837047785
2278190.772888201
2794176.1020979756
