4036189.3552649384
4035980.400158573
3795490.7317427266
4125969.779517879
4035980.400158573
4035878.593814824
1449508.5348098916
2148564.513073176
4035878.593814824
4036194.2822506833
3205601.2735448787
2767390.653202687
4036194.2822506833
4035623.971624842
6045479.038136229
5824833.109381573
4035623.971624842
4033161.7935990407
7145783.732449432
7258036.260755957
4033161.7935990407
4029743.2010905407
5317508.1199803
5558309.5063985335
4029743.2010905407
4027811.7714832067
2143258.076052373
2685334.5207310766
4027811.7714832067
4028892.0631907564
2169186.4256664943
1445016.5012018352
4028892.0631907564
4032119.6979990792
4698269.258695247
4410822.3292956315
4032119.6979990792
4035054.090204035
6988558.654366773
6798523.659005965
4035054.090204035
4036189.3552649384
6484175.717010302
6683128.753763438
7523483.486754633
4035859.70289675
2148564.513073176
2689529.82393348
4035859.70289675
4036050.234120672
2172127.96722922
1449508.5710138755
4036050.234120672
4036115.3404667424
4705576.83303828
4418624.902402008
4036115.3404667424
4034610.7783950255
6993665.866670169
6803779.218458989
4034610.7783950255
4031437.1643489427
6477779.288609914
6676930.064868299
4031437.1643489427
4028453.776127914
3788173.930373223
4119262.214676643
4028453.776127914
4027957.170226898
1445016.5012018352
2143258.2082666946
4027957.170226898
4030378.953949131
3200341.386032717
2761257.7001348156
4030378.953949131
4033769.041233354
6038157.964942781
5817223.409958797
4033769.041233354
4035875.491180118
7148753.728989804
7256691.222157283
4035875.491180118
4036140.2679112894
5325450.988620842
5565895.036784913
10378633.53490698
4035980.7986135343
3795492.993538014
4125970.4453357793
4035980.7986135343
4035879.2119625635
1449508.5710138755
2148564.22277213
4035879.2119625635
4036194.5654526646
3205601.4228650704
2767390.4148640647
4036194.5654526646
4035623.270781084
6045478.637788652
5824833.590154406
4035623.270781084
4033161.165072179
7145782.805025204
7258036.408175467
4033161.165072179
4029743.6800715416
5317508.446955091
5558309.303268491
4029743.6800715416
4027812.164629038
2143258.2082666946
2685333.6823638594
4027812.164629038
4028892.0868502734
2169186.5104517005
1445018.1408239417
4028892.0868502734
4032117.8583619073
4698269.997748631
4410822.71225288
4032117.8583619073
4035056.2286838684
6988558.0827927515
6798522.669816526
4035056.2286838684
4036186.5564168617
6484173.958999499
6683127.688018906
10301282.64166809
4035860.0026997887
2148564.22277213
2689530.5592650715
4035860.0026997887
4036051.554980545
2172128.607612739
1449508.2115118282
4036051.554980545
4036113.839030242
4705576.873705524
4418625.337743884
4036113.839030242
4034613.4229515875
6993665.857139132
6803779.0723842615
4034613.4229515875
4031435.0142155103
6477777.469429267
6676929.126398835
4031435.0142155103
4028453.132134584
3788174.087874176
4119262.1654241937
4028453.132134584
4027958.2974390234
1445018.1408239417
2143258.068791049
4027958.2974390234
4030378.7742078076
3200341.23740004
2761258.1387367495
4030378.7742078076
4033770.148999053
6038157.182735559
5817223.258001834
4033770.148999053
4035873.9248476904
7148753.434191692
7256691.199456911
4035873.9248476904
4036140.3975030286
5325451.029937649
5565895.676611299
10133619.263860133
4035980.9867225126
3795493.2820441057
4125971.1890328354
4035980.9867225126
4035878.7948157974
1449508.2115118282
2148564.787162257
4035878.7948157974
4036195.835822572
3205600.9912237744
2767389.9274698496
4036195.835822572
4035623.528159736
6045478.84636719
5824832.677117503
4035623.528159736
4033160.993289657
7145782.739216349
7258035.393125675
4033160.993289657
4029743.1049165255
5317508.628213889
5558308.341430352
4029743.1049165255
4027812.4646276706
2143258.068791049
2685334.1882036244
4027812.4646276706
4028891.686949418
2169187.4524607062
1445017.9127252845
4028891.686949418
4032117.891551811
4698269.816546719
4410822.137842835
4032117.891551811
4035056.0721979206
6988558.038727099
6798522.044071383
4035056.0721979206
4036186.510607882
6484174.189099194
6683126.108641407
7041283.971890774
4035860.7163864532
2148564.787162257
2689530.5207703477
4035860.7163864532
4036050.213191278
2172129.105384716
1449508.5348098916
4036050.213191278
4036115.21821941
4705575.75260224
4418624.755070013
4036115.21821941
4034611.28242589
6993664.817473998
6803779.954784744
4034611.28242589
4031436.3773807213
6477777.092877365
6676929.666016964
4031436.3773807213
4028453.5593764395
3788173.9046747014
4119262.503873947
4028453.5593764395
4027958.0171571192
1445017.9127252845
2143258.076052373
4027958.0171571192
4030379.3334104423
3200340.9791905866
2761258.118582095
4030379.3334104423
4033769.4781944808
6038156.904867698
5817223.753399388
4033769.4781944808
4035874.067177007
7148752.1774171805
7256691.105998281
4035874.067177007
4036139.716495597
5325449.551543897
5565895.601263384
