4035944.626294146
4036131.2550281947
5126368.084131438
5375711.374853274
4036131.2550281947
4035843.470398304
1940900.4629182913
2526711.580444284
4035843.470398304
4036077.2335527064
2242987.8828959167
1553676.0401916762
4036077.2335527064
4036073.388630383
4913662.237700948
4639584.953529666
4036073.388630383
4034440.4909763685
7089351.031245927
6902091.907734594
4034440.4909763685
4031175.1835144917
6340395.503112742
6543718.859940981
4031175.1835144917
4028316.259181418
3551586.4423230556
3902783.3597907326
4028316.259181418
4028058.595121903
1549083.717496088
1935862.1991705901
4028058.595121903
4030619.778026533
3407810.327123484
2999238.4613845935
4030619.778026533
4033967.5595534085
6200865.53796848
5985927.396650837
4033967.5595534085
4035944.626294146
7087202.788043611
7269707.042979842
8277983.967268752
4035956.9718299154
3558666.2427277137
3909203.0495293792
4035956.9718299154
4035908.359642307
1553676.0401916762
1940898.9220676364
4035908.359642307
4036201.0822302443
3413447.139612293
3005676.888089265
4036201.0822302443
4035501.0084261997
6207997.9285982195
5993326.319525324
4035501.0084261997
4032926.211444799
7083660.364239187
7266257.85369928
4032926.211444799
4029536.929058668
5118383.37668108
5368111.511828802
4029536.929058668
4027773.0282248557
1935862.1991705901
2522887.156427427
4027773.0282248557
4029076.6379533694
2239860.3257847424
1549084.2837792612
4029076.6379533694
4032362.333160394
4906213.374696924
4631677.80993413
4032362.333160394
4035219.2594797765
7084708.593046566
6897318.715811416
4035219.2594797765
4036186.1272273026
6347141.100184638
6550247.727273846
11796424.074161286
4036132.0146212913
5126365.618346796
5375710.656144015
4036132.0146212913
4035842.495504304
1940898.9220676364
2526710.0811278597
4035842.495504304
4036076.7066603997
2242988.445161527
1553676.4865902346
4036076.7066603997
4036073.74757069
4913661.761747715
4639585.657567778
4036073.74757069
4034439.996458771
7089351.209331244
6902091.585848309
4034439.996458771
4031174.9745561546
6340394.491525525
6543718.745897676
4031174.9745561546
4028317.2126879985
3551586.7406279435
3902784.471879236
4028317.2126879985
4028057.7252080133
1549084.2837792612
1935862.5453142812
4028057.7252080133
4030619.4409422725
3407810.4211634835
2999238.170338829
4030619.4409422725
4033968.5338810203
6200864.040787901
5985927.243741991
4033968.5338810203
4035945.1278229193
7087201.952876029
7269706.948348161
12401989.647043468
4035957.343894743
3558666.8617122993
3909204.021031959
4035957.343894743
4035909.9814787586
1553676.4865902346
1940899.0041373305
4035909.9814787586
4036200.320625111
3413448.473134894
3005677.0828817007
4036200.320625111
4035501.6074640276
6207998.626270753
5993327.124932177
4035501.6074640276
4032924.7340025026
7083659.929340486
7266256.824710453
4032924.7340025026
4029537.4875470744
5118383.260992039
5368112.375390525
4029537.4875470744
4027773.020700649
1935862.5453142812
2522887.0673115132
4027773.020700649
4029077.2538969144
2239859.7033763006
1549084.4804773298
4029077.2538969144
4032362.608829711
4906213.999029424
4631678.288523381
4032362.608829711
4035218.4520920706
7084708.967130742
6897318.9411186585
4035218.4520920706
4036185.1619789447
6347140.703387169
6550247.599141453
11581387.449379265
4036132.2480599503
5126366.259972753
5375708.517777619
4036132.2480599503
4035842.3172775297
1940899.0041373305
2526710.188341292
4035842.3172775297
4036076.952062636
2242988.3508542655
1553676.028823808
4036076.952062636
4036074.1808520937
4913661.43884956
4639584.029784218
4036074.1808520937
4034438.5976155284
7089350.817596349
6902091.0605724985
4034438.5976155284
4031176.2820471153
6340395.447741912
6543718.487309795
4031176.2820471153
4028316.923409102
3551586.9202323994
3902783.277454101
4028316.923409102
4028057.5758448234
1549084.4804773298
1935862.2874665246
4028057.5758448234
4030620.1145632123
3407809.769230066
2999237.5063228155
4030620.1145632123
4033968.1116212513
6200863.865711654
5985925.658011016
4033968.1116212513
4035944.796166359
7087201.5428075725
7269705.827532928
7842194.253138788
4035957.353424634
3558665.0543183894
3909204.6306183324
4035957.353424634
4035908.0612216257
1553676.028823808
1940900.4629182913
4035908.0612216257
4036201.223439796
3413447.309954852
3005676.640025015
4036201.223439796
4035501.1022400428
6207996.753103474
5993326.903802379
4035501.1022400428
4032925.416744944
7083659.150061897
7266258.685967143
4032925.416744944
4029537.682246297
5118382.287554072
5368112.3476630645
4029537.682246297
4027772.483158216
1935862.2874665246
2522887.4383669808
4027772.483158216
4029077.4327510255
2239859.537692926
1549083.717496088
4029077.4327510255
4032362.6334230765
4906212.245079847
4631678.729554976
4032362.6334230765
4035219.4732945445
7084707.445783195
6897319.6429165825
4035219.4732945445
4036185.193944819
6347139.563276683
6550248.114481361
