4036138.7319561183
4036030.522356349
4269962.208880019
4566254.608578742
4036030.522356349
4035854.8869617954
1409531.3008738712
2145656.639927296
4035854.8869617954
4036166.004622334
2806577.1269932725
2293382.6160444343
4036166.004622334
4035817.2924409565
5687634.45771253
5452552.075444598
4035817.2924409565
4033626.9514474017
7237464.77369772
7183119.832686382
4033626.9514474017
4030209.765380248
5701180.234126531
5926434.20048313
4030209.765380248
4027920.165867794
2606136.714757953
3067498.827921246
4027920.165867794
4028553.8153518797
2142784.008040788
1405074.6333024784
4028553.8153518797
4031603.5024378365
4261658.093350247
3942535.478456008
4031603.5024378365
4034726.0957662407
6759514.898486406
6562865.092531092
4034726.0957662407
4036138.7319561183
6733061.3942460455
6924883.069547362
7799551.091575973
4035883.0531804236
2612059.7330615474
3072499.6682918887
4035883.0531804236
4035997.1119043417
2145656.639927296
1409529.2990780757
4035997.1119043417
4036173.6354032494
4268541.110442101
3949998.3185355086
4036173.6354032494
4034955.6633562283
6765474.137636708
6569009.772724637
4034955.6633562283
4031951.0765886307
6727505.670562059
6919486.942642119
4031951.0765886307
4028775.4128800337
4262256.932264052
4559069.614873649
4028775.4128800337
4027827.4343500384
1405074.6333024784
2142783.7077769744
4027827.4343500384
4029904.4888076847
2802121.4376640995
2287880.5389121403
4029904.4888076847
4033313.002788325
5680077.754976584
5444656.3425336005
4033313.002788325
4035694.107345691
7239212.215849067
7180533.185284158
4035694.107345691
4036172.6398478323
5708898.011340463
5933848.088243555
10930407.820776414
4036033.8280865652
4269964.499008571
4566256.4233239
4036033.8280865652
4035852.764565575
1409529.2990780757
2145654.5245576436
4035852.764565575
4036165.7806094573
2806577.027136186
2293382.2345390744
4036165.7806094573
4035817.4617646625
5687633.71833603
5452552.096679284
4035817.4617646625
4033627.2918127766
7237465.002480876
7183119.981607916
4033627.2918127766
4030209.942733152
5701178.8347143615
5926434.127888754
4030209.942733152
4027919.7899002796
2606135.6787585365
3067498.099294796
4027919.7899002796
4028552.906048812
2142783.7077769744
1405075.1308485807
4028552.906048812
4031604.1924165995
4261657.248172001
3942534.868683125
4031604.1924165995
4034725.204449998
6759514.889862781
6562865.397539088
4034725.204449998
4036138.6097840997
6733061.946859119
6924883.43563113
11092225.001626447
4035881.6716071586
2612059.9515611837
3072498.205357338
4035881.6716071586
4035997.720083215
2145654.5245576436
1409528.6730808613
4035997.720083215
4036174.926195403
4268541.053664622
3949999.150297286
4036174.926195403
4034955.51023182
6765474.724324827
6569011.374235003
4034955.51023182
4031950.1627620133
6727505.8240851695
6919487.014376974
4031950.1627620133
4028775.8624437996
4262258.0416092975
4559070.386294488
4028775.8624437996
4027827.9137590476
1405075.1308485807
2142782.7688844753
4027827.9137590476
4029904.5534739094
2802121.447837764
2287881.790598921
4029904.5534739094
4033312.202829923
5680078.372503781
5444656.743791287
4033312.202829923
4035693.894044359
7239212.63327142
7180532.668703727
4035693.894044359
4036173.8892954984
5708898.0185575755
5933848.9453112185
10698016.298608584
4036033.53520399
4269963.639410242
4566255.777995852
4036033.53520399
4035852.3073246446
1409528.6730808613
2145654.9546004306
4035852.3073246446
4036165.745927098
2806577.51341972
2293381.5849167467
4036165.745927098
4035818.597832474
5687634.462378606
5452550.355692461
4035818.597832474
4033627.124133266
7237464.617605464
7183118.639872863
4033627.124133266
4030209.2366005504
5701179.078473004
5926431.965219387
4030209.2366005504
4027919.7151243924
2606137.026457292
3067498.1929842783
4027919.7151243924
4028553.648032578
2142782.7688844753
1405075.4268306426
4028553.648032578
4031604.0751566826
4261657.642239758
3942534.7319767005
4031604.0751566826
4034724.884778352
6759514.612128339
6562864.436320006
4034724.884778352
4036139.046983132
6733061.862883383
6924882.8531441195
7335479.053612141
4035882.329859753
2612059.6994649763
3072498.129826572
4035882.329859753
4035996.9651202606
2145654.9546004306
1409531.3008738712
4035996.9651202606
4036173.3885453437
4268540.104097665
3949998.944182258
4036173.3885453437
4034955.9425541614
6765472.49020334
6569010.454033762
4034955.9425541614
4031950.8493059715
6727504.395120668
6919487.404105994
4031950.8493059715
4028775.2114767497
4262256.057508321
4559071.093686623
4028775.2114767497
4027827.896222801
1405075.4268306426
2142784.008040788
4027827.896222801
4029904.222588892
2802120.80711777
2287880.474313412
4029904.222588892
4033313.3613290265
5680076.979783959
5444656.68700345
4033313.3613290265
4035693.1981530446
7239210.839321831
7180533.359878666
4035693.1981530446
4036174.1471719425
5708897.330330022
5933848.451824925
