4036067.807904306
4035856.2147884895
1517429.2250761546
2218034.4648032975
4035856.2147884895
4036125.7852453766
2573439.2503401516
2001344.1765530517
4036125.7852453766
4035923.9835096584
5433388.374906901
5186813.73973861
4035923.9835096584
4033919.2050787457
7271602.735608673
7106837.91607168
4033919.2050787457
4030545.0920367846
5936301.848719174
6152969.513131043
4030545.0920367846
4028018.038124011
2927677.2355287047
3344995.305113867
4028018.038124011
4028357.0726551553
1996225.3922548192
1512876.9861010676
4028357.0726551553
4031262.137993091
3967664.29023025
3622758.3515058532
4031262.137993091
4034496.2906567873
6584638.460136149
6382613.788546783
4034496.2906567873
4036076.0274830675
6873760.9171443535
7061768.615571737
4036076.0274830675
4036067.807904306
4573958.56565759
4851740.636920524
6070418.406110305
4035964.3118115254
2001344.1765530517
1517430.2145310815
4035964.3118115254
4036193.8179555144
3974176.9826091863
3629917.7057647686
4036193.8179555144
4035173.8466036767
6591074.639293927
6389261.614494242
4035173.8466036767
4032277.944541483
6868842.8381531285
7056987.048237517
4032277.944541483
4029018.8530547516
4566082.9219324235
4844334.176719819
4029018.8530547516
4027790.454119192
1512876.9861010676
2214972.234336168
4027790.454119192
4029590.9526186865
2569501.595147217
1996225.3735469491
4029590.9526186865
4032999.67605417
5425784.142600125
5178833.588080404
4032999.67605417
4035545.2304248977
7272510.88054521
7103463.313981466
4035545.2304248977
4036201.8605269296
5943767.343917877
6160162.210056132
4036201.8605269296
4035891.54245318
2934020.5528181163
3350517.6701490125
6619055.306993216
4035855.9295168803
1517430.2145310815
2218033.860277597
4035855.9295168803
4036125.312610881
2573438.1705662333
2001343.8062166895
4036125.312610881
4035924.3836640604
5433387.588553014
5186813.891005067
4035924.3836640604
4033919.0619037277
7271602.685318343
7106838.183359414
4033919.0619037277
4030544.8863850203
5936301.987474344
6152969.283826661
4030544.8863850203
4028018.978109734
2927678.4244690523
3344996.0895206914
4028018.978109734
4028356.230742052
1996225.3735469491
1512877.1003540633
4028356.230742052
4031262.1379506523
3967662.457656482
3622757.8830775134
4031262.1379506523
4034498.6592310914
6584638.125829701
6382613.476682475
4034498.6592310914
4036073.2777881147
6873760.024974597
7061767.592690457
4036073.2777881147
4036069.1122823292
4573959.337697664
4851742.21322472
5207258.702098132
4035965.640869361
2001343.8062166895
1517429.4805247644
4035965.640869361
4036193.214729451
3974176.9277328043
3629918.233388581
4036193.214729451
4035172.458369871
6591075.120886607
6389262.9905682085
4035172.458369871
4032278.027167967
6868843.117027484
7056987.519656068
4032278.027167967
4029019.792650813
4566083.282937461
4844334.676319962
4029019.792650813
4027790.263951388
1512877.1003540633
2214972.73780428
4027790.263951388
4029590.471847238
2569501.206104534
1996224.4641098026
4029590.471847238
4032999.3312030365
5425784.546551388
5178833.3939134795
4032999.3312030365
4035546.8612357546
7272510.88029938
7103462.941297972
4035546.8612357546
4036201.4574325536
5943766.768441453
6160161.571383876
4036201.4574325536
4035890.4551947587
2934020.7936093006
3350517.087141294
6228051.633034303
4035854.691096442
1517429.4805247644
2218034.6128327847
4035854.691096442
4036125.9864872126
2573437.3677660925
2001341.5237231345
4036125.9864872126
4035925.512938887
5433387.802588681
5186811.614238443
4035925.512938887
4033918.965900892
7271602.286129231
7106836.915599489
4033918.965900892
4030544.0662120776
5936301.650200468
6152968.133576958
4030544.0662120776
4028019.323607665
2927678.674903725
3344996.652460332
4028019.323607665
4028356.1535739247
1996224.4641098026
1512876.5594465751
4028356.1535739247
4031261.4531815676
3967663.120690219
3622756.4946882124
4031261.4531815676
4034499.3553121155
6584637.39290032
6382612.3697467325
4034499.3553121155
4036073.2692617215
6873759.907773533
7061766.106089002
4036073.2692617215
4036069.4103725664
4573958.570719391
4851740.508526608
5461668.26755529
4035964.3530718437
2001341.5237231345
1517429.2250761546
4035964.3530718437
4036194.0917730615
3974175.828238363
3629916.844630165
4036194.0917730615
4035173.691495919
6591073.109762888
6389262.618301758
4035173.691495919
4032277.131866608
6868841.373221136
7056986.813646367
4032277.131866608
4029019.29199557
4566082.216096006
4844334.675087316
4029019.29199557
4027790.564942972
1512876.5594465751
2214972.592396673
4027790.564942972
4029591.0834427224
2569501.973900974
1996225.3922548192
4029591.0834427224
4032998.7373403446
5425783.905646132
5178834.118640284
4032998.7373403446
4035547.3279663846
7272509.573970091
7103463.226473516
4035547.3279663846
4036201.385132638
5943765.215940524
6160161.500046744
4036201.385132638
4035890.240510311
2934019.5750247966
3350517.1739450213
