4035319.8696589177
4036200.581416699
6238803.899478439
6445318.2347377995
4036200.581416699
4035930.874424554
3381078.698098836
3748246.620240139
4035930.874424554
4035922.6428680858
1659705.6131390345
1799203.6796462554
4035922.6428680858
4036202.6743171318
3571394.13905157
3183907.9553360697
4036202.6743171318
4035423.7080615466
6323374.782521056
6112750.134146342
4035423.7080615466
4032734.550737769
7030141.256884034
7214089.631638267
4032734.550737769
4029383.4956668466
4965577.961791303
5222611.184979801
4029383.4956668466
4027775.2016634485
1794340.1469177674
2415992.092054079
4027775.2016634485
4029221.8434825987
2314385.2685855376
1655001.318678081
4029221.8434825987
4032531.803621307
5058005.9220252745
4792161.907558643
4032531.803621307
4035319.8696589177
7149407.284873601
6963753.553745646
8815363.937440872
4036115.011211222
4973560.818147577
5230187.633194001
4036115.011211222
4035853.5886453823
1799203.6796462554
2419560.7745661
4035853.5886453823
4036094.7933145296
2317703.255333688
1659706.4219937362
4036094.7933145296
4036025.349837441
5065528.3478715755
4800118.034575117
4036025.349837441
4034297.9197766865
7153681.588690725
6968146.9891583305
4034297.9197766865
4030999.7666661353
6231823.272035147
6438569.846155082
4030999.7666661353
4028213.2392907273
3374193.21765913
3742064.970365694
4028213.2392907273
4028134.6260272996
1655001.318678081
1794340.3660269298
4028134.6260272996
4030798.338693911
3565488.546672737
3177250.547585898
4030798.338693911
4034136.834765028
6316407.671775198
6105533.956883741
4034136.834765028
4035978.294862553
7034092.472292278
7217936.88434383
12567128.130858129
4036202.2873140746
6238804.844384221
6445318.643081456
4036202.2873140746
4035928.0977983824
3381077.627621853
3748246.298688776
4035928.0977983824
4035923.5792244244
1659706.4219937362
1799202.3498638745
4035923.5792244244
4036202.849966414
3571393.32513806
3183907.721519741
4036202.849966414
4035424.1073513883
6323374.4743035175
6112749.80235908
4035424.1073513883
4032735.083435473
7030141.078287791
7214089.539081703
4032735.083435473
4029382.5193833592
4965577.665002847
5222611.219113625
4029382.5193833592
4027776.639066471
1794340.3660269298
2415991.9979678444
4027776.639066471
4029220.5277144313
2314386.191331138
1655002.8907312274
4029220.5277144313
4032532.672151215
5058004.898171424
4792161.2858431125
4032532.672151215
4035319.529298264
7149407.455082577
6963754.184251078
13804769.677995874
4036115.32343083
4973561.020911231
5230187.18918081
4036115.32343083
4035853.515402895
1799202.3498638745
2419560.3173386496
4035853.515402895
4036093.1376470793
2317705.1004825537
1659706.8312249738
4036093.1376470793
4036026.541399087
5065528.063302828
4800119.320659309
4036026.541399087
4034297.6749196076
7153681.630469143
6968147.103608468
4034297.6749196076
4031000.3855759474
6231823.913695472
6438570.592035683
4031000.3855759474
4028212.1869066996
3374193.729781744
3742064.7455851915
4028212.1869066996
4028135.850998674
1655002.8907312274
1794340.3767950232
4028135.850998674
4030798.215893505
3565487.7256181366
3177249.7970980983
4030798.215893505
4034136.3419807483
6316407.769198619
6105534.580507956
4034136.3419807483
4035979.1765986835
7034093.100436771
7217936.975747405
12365465.786412306
4036202.287398743
6238804.684921346
6445318.273672386
4036202.287398743
4035928.6836531386
3381077.0214370303
3748245.780666112
4035928.6836531386
4035922.393289093
1659706.8312249738
1799202.0053991124
4035922.393289093
4036204.4482626133
3571393.1711427667
3183905.6584176854
4036204.4482626133
4035422.9184315233
6323375.013754294
6112749.595786638
4035422.9184315233
4032735.7142557045
7030141.461008253
7214088.813390993
4032735.7142557045
4029382.0203527645
4965578.069703745
5222610.135312584
4029382.0203527645
4027777.0950598833
1794340.3767950232
2415992.062249888
4027777.0950598833
4029220.1924700565
2314387.255163077
1655003.2447240758
4029220.1924700565
4032532.864078776
5058005.461613127
4792159.635974836
4032532.864078776
4035319.6106100986
7149406.981888399
6963752.956646022
8407372.117055943
4036115.8201332665
4973560.861289499
5230187.277585135
4036115.8201332665
4035852.227295076
1799202.0053991124
2419560.2940139635
4035852.227295076
4036094.9040433546
2317703.825942432
1659705.6131390345
4036094.9040433546
4036025.4821442217
5065526.619150959
4800118.782219759
4036025.4821442217
4034297.954636241
7153680.542199084
6968147.082963866
4034297.954636241
4030999.7233674414
6231821.906288707
6438570.194491915
4030999.7233674414
4028212.875205065
3374193.518971381
3742065.5261777844
4028212.875205065
4028134.911670711
1655003.2447240758
1794340.1469177674
4028134.911670711
4030797.7238608114
3565488.0013021226
3177250.203927491
4030797.7238608114
4034137.247395199
6316405.857129685
6105533.69880627
4034137.247395199
4035978.673902434
7034091.53631173
7217937.089145752
