4036149.1360121733
4036025.418171543
4182357.566409689
4484437.971456286
4036025.418171543
4035856.2744298917
1397878.4749321023
2138018.0689502633
4035856.2744298917
4036172.678686659
2877743.806931314
2379940.476386391
4036172.678686659
4035784.3551855143
5757142.3875947185
5525014.09751616
4035784.3551855143
4033541.5363300075
7223947.704432549
7200849.256285606
4033541.5363300075
4030121.4070239677
5631855.774286741
5859771.09992167
4030121.4070239677
4027894.0056465343
2516754.4787964644
2991926.4290397833
4027894.0056465343
4028612.475560122
2135167.894672615
1393433.3868825145
4028612.475560122
4031699.537523622
4344322.843811309
4031743.7703323625
4031699.537523622
4034791.2885822547
6805669.692090522
6610389.924763368
4034791.2885822547
4036149.1360121733
6689729.1772545455
6882756.884591955
7749009.082218206
4035876.8849694934
2522559.1980391536
2996775.443180892
4035876.8849694934
4036006.9390752297
2138018.0689502633
1397878.6864802504
4036006.9390752297
4036164.879204341
4351298.879745004
4039280.617519938
4036164.879204341
4034894.8629782475
6811481.312699575
6616379.864270984
4034894.8629782475
4031854.546377332
6684004.374448685
6877197.35299443
4031854.546377332
4028711.417340611
4174711.5340502867
4477326.958058984
4028711.417340611
4027845.9800450765
1393433.3868825145
2135167.524962693
4027845.9800450765
4029992.036673419
2873136.5687533896
2374321.6276925947
4029992.036673419
4033399.796183443
5749615.099303203
5517157.060597155
4033399.796183443
4035732.6575851333
7225928.13059261
7198490.426918499
4035732.6575851333
4036168.1658874154
5639630.61671362
5867231.722117548
10832152.755492603
4036023.5625716588
4182356.3407339584
4484436.784226232
4036023.5625716588
4035856.300789907
1397878.6864802504
2138018.1059417794
4035856.300789907
4036173.148055861
2877743.418995657
2379939.9091961468
4036173.148055861
4035784.898221263
5757142.112425794
5525014.096048905
4035784.898221263
4033541.644218197
7223946.778811281
7200849.277932999
4033541.644218197
4030120.3101464794
5631854.798663589
5859771.072094015
4030120.3101464794
4027894.5358011755
2516754.878460213
2991926.982869506
4027894.5358011755
4028612.2211570228
2135167.524962693
1393433.9401072827
4028612.2211570228
4031700.876101324
4344322.127408168
4031743.549565174
4031700.876101324
4034790.5304002324
6805669.966448795
6610390.389338592
4034790.5304002324
4036150.1341463733
6689728.7712752195
6882755.868794716
10949602.28819721
4035876.463092957
2522559.7694357326
2996776.0135837905
4035876.463092957
4036007.1722488073
2138018.1059417794
1397877.698691853
4036007.1722488073
4036165.8068620064
4351299.245918011
4039281.281367442
4036165.8068620064
4034894.5459941737
6811481.55145764
6616380.284511568
4034894.5459941737
4031855.4180237423
6684004.71872734
6877197.901931421
4031855.4180237423
4028709.997777049
4174711.7498649494
4477327.068968755
4028709.997777049
4027847.2281253845
1393433.9401072827
2135169.1215870786
4027847.2281253845
4029991.4265160374
2873137.235112746
2374321.3566572885
4029991.4265160374
4033401.4391593463
5749614.764274447
5517157.002835487
4033401.4391593463
4035730.43489246
7225928.470884
7198490.422490052
4035730.43489246
4036168.9493908896
5639630.360492744
5867233.035602757
10597610.813854054
4036023.417931806
4182356.5529252877
4484436.544459753
4036023.417931806
4035857.497507856
1397877.698691853
2138018.932559992
4035857.497507856
4036172.448953088
2877745.4321549674
2379940.904764129
4036172.448953088
4035784.662851419
5757142.660176225
5525012.869024128
4035784.662851419
4033541.1938039707
7223946.8822769895
7200847.816831685
4033541.1938039707
4030120.166964694
5631855.613755227
5859770.2885415945
4030120.166964694
4027895.2139522145
2516755.4539157716
2991927.1127060424
4027895.2139522145
4028612.0802354035
2135169.1215870786
1393433.6742753717
4028612.0802354035
4031700.4966557226
4344322.735912865
4031742.859730307
4031700.4966557226
4034790.395097859
6805669.578139251
6610389.449845592
4034790.395097859
4036150.409715151
6689729.79221818
6882755.974261478
7281723.381290755
4035878.1119636353
2522559.9747371157
2996776.602832466
4035878.1119636353
4036006.370940342
2138018.932559992
1397878.4749321023
4036006.370940342
4036165.2821594677
4351298.401137906
4039282.0150873116
4036165.2821594677
4034894.8317295867
6811479.7635001475
6616380.144873672
4034894.8317295867
4031854.351898625
6684002.729030971
6877198.1946448255
4031854.351898625
4028710.8954699417
4174711.0247307145
4477327.414994236
4028710.8954699417
4027847.139831087
1393433.6742753717
2135167.894672615
4027847.139831087
4029991.333508435
2873137.861547882
2374322.7936682873
4029991.333508435
4033400.705744789
5749613.901241965
5517157.483807751
4033400.705744789
4035730.8925731704
7225927.01219703
7198491.29283278
4035730.8925731704
4036168.9368597344
5639630.5160435485
5867233.107578465
