4034180.0808216324
4036008.542304118
7016294.995648555
7200592.707627136
4036008.542304118
4036097.1619044617
4925193.394992963
5184211.652619829
4036097.1619044617
4035851.9100861275
1757904.488418375
2389011.4330293937
4035851.9100861275
4036099.685961931
2344437.100410599
1696839.9019868337
4036099.685961931
4036025.2834925856
5112239.88632629
4849386.149336761
4036025.2834925856
4034241.286769019
7172508.97741387
6987471.201809054
4034241.286769019
4030942.0240716026
6196930.847987755
6404801.756890033
4030942.0240716026
4028199.847998246
3318811.5806422145
3692202.88577515
4028199.847998246
4028159.4494775077
1692094.0366022529
1753093.521115201
4028159.4494775077
4030843.048184593
3615011.7111037355
3232720.867429754
4030843.048184593
4034180.0808216324
6351398.386032623
6141724.239572195
9015635.70023834
4036204.0469793184
6203979.383252721
6411613.911725991
4036204.0469793184
4035934.6549560763
3325631.0356007554
3698305.0554398606
4035934.6549560763
4035928.149784469
1696839.9019868337
1757906.2063837657
4035928.149784469
4036190.95665496
3620997.7940618927
3239445.1815631995
4036190.95665496
4035394.681500056
6358307.601486192
6148878.083565012
4035394.681500056
4032688.913573563
7012217.409973768
7196623.135579968
4032688.913573563
4029324.645362425
4917218.718035901
5176649.854096841
4029324.645362425
4027776.4597832425
1753093.521115201
2385520.7241991935
4027776.4597832425
4029263.027040838
2341051.627954565
1692093.503942038
4029263.027040838
4032605.8585230177
5104696.262109543
4841415.652997139
4032605.8585230177
4035336.569225991
7168352.690177827
6983200.9624152295
12523605.352770701
4036005.180541457
7016294.245147425
7200591.971869505
4036005.180541457
4036097.1946845935
4925194.943082261
5184212.363729003
4036097.1946845935
4035853.5856882012
1757906.2063837657
2389013.022068181
4035853.5856882012
4036099.799450141
2344436.9926069602
1696839.909536336
4036099.799450141
4036025.1547525073
5112240.472483646
4849385.848040122
4036025.1547525073
4034241.1691296343
7172508.773174961
6987471.750359791
4034241.1691296343
4030942.477501524
6196929.9255110035
6404801.854135727
4030942.477501524
4028198.727837962
3318810.925551895
3692201.501087753
4028198.727837962
4028160.1548592295
1692093.503942038
1753093.3516406703
4028160.1548592295
4030841.570461915
3615012.169630603
3232720.974686381
4030841.570461915
4034182.5621722927
6351398.1428631805
6141722.754419711
14314300.154404769
4036204.16117004
6203979.783145487
6411614.66655713
4036204.16117004
4035935.2793965978
3325631.165415108
3698306.116553952
4035935.2793965978
4035928.661479439
1696839.909536336
1757906.324194788
4035928.661479439
4036190.2510821894
3620996.7025145506
3239445.141123645
4036190.2510821894
4035394.4849513783
6358307.040151541
6148876.795394979
4035394.4849513783
4032688.968524495
7012217.741998642
7196622.92298383
4032688.968524495
4029324.290196493
4917218.395882273
5176649.825261032
4029324.290196493
4027777.088666895
1753093.3516406703
2385520.216108703
4027777.088666895
4029262.3291165377
2341052.425797884
1692094.6478066393
4029262.3291165377
4032605.9514787686
5104695.746767577
4841415.986994572
4032605.9514787686
4035336.227580826
7168351.918088998
6983200.671519568
12321221.794436734
4036005.2719667237
7016293.971728124
7200590.86945364
4036005.2719667237
4036097.3712521982
4925195.729714058
5184212.36789549
4036097.3712521982
4035853.019809958
1757906.324194788
2389013.178867107
4035853.019809958
4036101.0110150357
2344436.2796599152
1696839.0995195485
4036101.0110150357
4036024.365573578
5112239.479265387
4849385.952311167
4036024.365573578
4034240.94590338
7172508.073017501
6987470.123758092
4034240.94590338
4030943.220670844
6196929.881842588
6404801.017107134
4030943.220670844
4028198.2954124515
3318811.422946874
3692201.387809194
4028198.2954124515
4028160.158209976
1692094.6478066393
1753093.8948598756
4028160.158209976
4030841.9590997323
3615012.162932668
3232720.764438293
4030841.9590997323
4034182.084255951
6351398.229647707
6141722.620615864
8617062.367049843
4036203.6919445726
6203978.937824333
6411614.568146388
4036203.6919445726
4035935.594422291
3325631.5407457994
3698305.7927867626
4035935.594422291
4035928.0387624293
1696839.0995195485
1757904.488418375
4035928.0387624293
4036191.022692922
3620995.7994817207
3239443.5144369774
4036191.022692922
4035394.935999666
6358307.184354712
6148877.580731947
4035394.935999666
4032689.2826368506
7012216.638846146
7196624.004046331
4032689.2826368506
4029323.764435733
4917217.084057242
5176649.48608343
4029323.764435733
4027777.310466279
1753093.8948598756
2385521.0492860097
4027777.310466279
4029263.1999859945
2341052.1077415706
1692094.0366022529
4029263.1999859945
4032605.894879746
5104695.305744801
4841415.936016052
4032605.894879746
4035335.428716854
7168351.554126344
6983201.365039654
