4033891.521880318
4035913.187204187
7115258.673448306
7269195.87555289
4035913.187204187
4036129.35790481
5213531.5312270755
5458902.05297685
4036129.35790481
4035858.399572036
2028801.5010814266
2594851.0659852666
4035858.399572036
4036064.2513687103
2207919.9323939136
1502607.4404001553
4036064.2513687103
4036093.046453063
4824027.964264996
4544554.468766332
4036093.046453063
4034508.946755916
7049184.576056901
6860830.075151494
4034508.946755916
4031292.823521704
6401137.978095977
6602596.397148048
4031292.823521704
4028376.3826473565
3654404.2213236904
3996580.7638425045
4028376.3826473565
4028019.728322269
1498066.723665486
2023653.397723147
4028019.728322269
4030500.477903442
3317183.8942950023
2895860.4923469583
4030500.477903442
4033891.521880318
6131387.98020637
5913931.925563054
9003471.624425163
4036193.686696426
6407737.888117478
6608986.7553096
4036193.686696426
4035966.634374131
3661590.3477072255
4003128.511845862
4035966.634374131
4035901.1986959074
1502607.4404001553
2028801.1569127622
4035901.1986959074
4036186.3316201293
3322657.808262578
2902166.466775984
4036186.3316201293
4035562.1971864635
6138608.379463274
5921428.725496399
4035562.1971864635
4033026.812161695
7111961.655619146
7270189.478055374
4033026.812161695
4029618.485099109
5205561.0116918385
5451303.133663985
4029618.485099109
4027797.617745153
2023653.397723147
2590869.7715169718
4027797.617745153
4028993.1108314516
2204882.4228464044
1498067.2987527025
4028993.1108314516
4032257.9645982473
4816635.027055907
4536687.374836735
4032257.9645982473
4035143.046068324
7044336.694302124
6855844.178003307
12399463.886924779
4035913.908250503
7115258.234552441
7269195.440818349
4035913.908250503
4036129.299055714
5213531.212369688
5458901.231411627
4036129.299055714
4035858.3300180472
2028801.1569127622
2594850.258161225
4035858.3300180472
4036064.3308430198
2207919.799977692
1502608.1971238898
4036064.3308430198
4036092.7191168442
4824028.439487301
4544554.86679783
4036092.7191168442
4034508.9638420683
7049184.154807593
6860830.156911651
4034508.9638420683
4031292.981451337
6401138.2913654335
6602595.872296081
4031292.981451337
4028376.1058662916
3654404.5684615728
3996580.854435365
4028376.1058662916
4028020.0208708174
1498067.2987527025
2023653.4730740478
4028020.0208708174
4030498.447134915
3317183.140517776
2895860.5896023945
4030498.447134915
4033893.0703788386
6131387.041043616
5913931.5251792455
14284058.919287052
4036193.1767241666
6407737.926989192
6608987.077490965
4036193.1767241666
4035967.3972653076
3661590.1882728986
4003129.1271285596
4035967.3972653076
4035900.2467313907
1502608.1971238898
2028801.5674367575
4035900.2467313907
4036186.2136056577
3322656.1847294704
2902165.8502428406
4036186.2136056577
4035564.4396272693
6138608.110832274
5921428.2391625615
4035564.4396272693
4033024.6563491626
7111960.924177854
7270190.881415619
4033024.6563491626
4029620.625494353
5205561.91094981
5451304.287429158
4029620.625494353
4027797.624698302
2023653.4730740478
2590868.8342619077
4027797.624698302
4028993.1743170377
2204882.7427944583
1498068.134184678
4028993.1743170377
4032257.927950953
4816636.140020425
4536688.540631072
4032257.927950953
4035142.563817241
7044336.656145387
6855844.9110519625
12195023.049314475
4035913.8643216235
7115258.17481385
7269194.278900749
4035913.8643216235
4036129.2225993117
5213531.694480773
5458901.388259351
4036129.2225993117
4035857.0190275186
2028801.5674367575
2594850.7662712997
4035857.0190275186
4036064.346600159
2207918.006769082
1502606.8089036238
4036064.346600159
4036092.5713827875
4824027.624563751
4544553.070049735
4036092.5713827875
4034509.2774078054
7049183.962571288
6860828.200343586
4034509.2774078054
4031294.19249552
6401138.628030563
6602596.1545193335
4031294.19249552
4028375.736069422
3654404.4329885854
3996580.613984386
4028375.736069422
4028020.398301961
1498068.134184678
2023654.2459472527
4028020.398301961
4030497.9742909404
3317183.8570699217
2895859.659721849
4030497.9742909404
4033893.446307968
6131386.648817776
5913929.752242135
8604327.571433054
4036193.1059247446
6407736.497690826
6608987.498422382
4036193.1059247446
4035967.582113791
3661590.6524375994
4003128.904483865
4035967.582113791
4035901.6981284968
1502606.8089036238
2028801.5010814266
4035901.6981284968
4036186.507294527
3322656.4979805783
2902165.4465304166
4036186.507294527
4035562.603456558
6138606.742035706
5921428.588800785
4035562.603456558
4033026.592648778
7111960.457827057
7270190.062358327
4033026.592648778
4029618.831485009
5205560.368524406
5451303.2176300725
4029618.831485009
4027797.6914819404
2023654.2459472527
2590870.081690476
4027797.6914819404
4028993.366265027
2204882.3633069904
1498066.723665486
4028993.366265027
4032258.441198741
4816634.208783563
4536687.800985807
4032258.441198741
4035142.3831828646
7044335.246585375
6855845.291763327
