4033838.5439006556
4035895.9248446776
7130846.878804026
7264006.191812474
4035895.9248446776
4036134.0125416
5264410.137670678
5507517.3350869175
4036134.0125416
4035858.509273387
2082312.272896887
2636901.166846649
4035858.509273387
4036057.6284408905
2190292.638976225
1476587.6939547246
4036057.6284408905
4036103.5960144545
4770656.806297596
4487864.38130019
4036103.5960144545
4034556.184427889
7024509.547717125
6835477.013637964
4034556.184427889
4031357.146211411
6436172.7065613335
6636568.130047982
4031357.146211411
4028412.173216026
3714970.752521308
4052039.756435879
4028412.173216026
4027996.8875590554
1472071.170077098
2077095.471557323
4027996.8875590554
4030437.503794672
3264120.054635322
2834925.2545486595
4030437.503794672
4033838.5439006556
6089581.030414369
5870579.255860285
8999262.57311632
4036190.483185397
6442680.532603553
6642873.568006158
4036190.483185397
4035972.5391778094
3722217.733975521
4058660.89929089
4035972.5391778094
4035897.2387088384
1476587.6939547246
2082312.3040699475
4035897.2387088384
4036184.37086408
3269497.2037974023
2841150.2237635804
4036184.37086408
4035590.443783157
6096848.64071427
5878128.330508758
4035590.443783157
4033086.706367353
7127696.871654645
7265158.892937296
4033086.706367353
4029674.414451844
5256451.507422671
5499923.396090687
4029674.414451844
4027804.904838983
2077095.471557323
2632825.826746307
4027804.904838983
4028946.252221068
2187301.616017482
1472071.6836622418
4028946.252221068
4032195.1652874877
4763300.0199541645
4480025.614658963
4032195.1652874877
4035104.946104464
7019542.974756796
6830367.956936763
12372706.341697501
4035895.3257444636
7130847.097203646
7264006.215386169
4035895.3257444636
4036134.585213236
5264411.113219956
5507517.555982984
4036134.585213236
4035858.545962506
2082312.3040699475
2636902.4074989897
4035858.545962506
4036058.273818486
2190293.0682203667
1476586.3188010398
4036058.273818486
4036103.8632338163
4770656.108852777
4487865.35456841
4036103.8632338163
4034555.6776552005
7024509.481853906
6835477.244596151
4034555.6776552005
4031357.59657354
6436172.510748938
6636568.477001718
4031357.59657354
4028411.3350365744
3714970.772269106
4052040.2816904048
4028411.3350365744
4027997.818084852
1472071.6836622418
2077095.730338006
4027997.818084852
4030437.2130619297
3264119.5988046997
2834925.10598834
4030437.2130619297
4033838.2502582204
6089580.667239962
5870578.729127947
14273522.229369003
4036190.4609177653
6442680.843049954
6642873.854491977
4036190.4609177653
4035973.5329070194
3722217.5460897884
4058661.3725022497
4035973.5329070194
4035897.503489721
1476586.3188010398
2082311.9692483717
4035897.503489721
4036182.683607766
3269499.025547229
2841152.944088714
4036182.683607766
4035590.2263612025
6096849.147723407
5878128.091079988
4035590.2263612025
4033088.7675717953
7127697.400884757
7265158.254156452
4033088.7675717953
4029673.4824822424
5256452.112889971
5499923.2070414955
4029673.4824822424
4027804.6701714066
2077095.730338006
2632825.376531687
4027804.6701714066
4028946.8196665864
2187301.824516345
1472071.8183826727
4028946.8196665864
4032195.6605666764
4763300.155688426
4480025.346962926
4032195.6605666764
4035104.1263855747
7019542.746683612
6830367.263063344
12167816.636694595
4035895.5253873877
7130847.328375589
7264004.295192202
4035895.5253873877
4036134.351319144
5264411.326793395
5507517.486481381
4036134.351319144
4035858.077703334
2082311.9692483717
2636901.469509088
4035858.077703334
4036058.3302240935
2190291.9775398094
1476587.0236330363
4036058.3302240935
4036104.3618920655
4770655.860475589
4487863.548961516
4036104.3618920655
4034555.062430006
7024508.933901194
6835476.458260502
4034555.062430006
4031357.8952745376
6436171.814683082
6636567.423843827
4031357.8952745376
4028410.725154586
3714970.828599106
4052039.819572286
4028410.725154586
4027998.6738182902
1472071.8183826727
2077095.737470283
4027998.6738182902
4030436.915625231
3264120.271241199
2834924.970206321
4030436.915625231
4033838.0244789827
6089579.885615325
5870577.551443464
8599920.991579685
4036190.3985035582
6442679.891167626
6642873.942500532
4036190.3985035582
4035973.827307536
3722217.876499075
4058661.1602202062
4035973.827307536
4035896.766741137
1476587.0236330363
2082312.272896887
4035896.766741137
4036184.1643420733
3269495.965301172
2841151.2910140436
4036184.1643420733
4035590.7950827815
6096847.717955414
5878129.335140641
4035590.7950827815
4033087.4235527916
7127696.0767110195
7265159.132949392
4033087.4235527916
4029673.7872635894
5256450.11651914
5499924.286327697
4029673.7872635894
4027805.2967342758
2077095.737470283
2632826.3135322253
4027805.2967342758
4028946.0398191297
2187302.861900616
1472071.170077098
4028946.0398191297
4032194.8871482206
4763299.421250989
4480025.71219741
4032194.8871482206
4035104.129166573
7019541.113760595
6830367.821015672
