4036171.010174475
4036000.4206878147
3975385.9302305756
4292045.187460533
4036000.4206878147
4035868.093886908
1405331.5775451025
2142899.755245535
4035868.093886908
4036185.9899467803
3050856.7019607327
2586573.5099419174
4036185.9899467803
4035701.2680252343
5915068.880018087
5689377.244141337
4035701.2680252343
4033338.993357785
7185801.375747287
7235617.965739159
4033338.993357785
4029915.4292192776
5465346.7085863035
5699914.4339917125
4029915.4292192776
4027843.7445194116
2312271.9964467646
2822076.18136418
4027843.7445194116
4028759.1268346044
2140034.7098652176
1400879.0103642405
4028759.1268346044
4031926.8987752968
4535923.3905645665
4237488.528067912
4031926.8987752968
4034936.524494015
6907642.656461288
6715321.869005301
4034936.524494015
4036171.010174475
6582602.26035169
6778672.813934717
7628781.034171418
4035866.486381181
2317802.829637249
2826570.7750701504
4035866.486381181
4036030.1823638147
2142899.755245535
1405331.8368435265
4036030.1823638147
4036140.9256326845
4543092.00993192
4245181.904713684
4036140.9256326845
4034744.999620933
6913086.302994009
6720929.036375135
4034744.999620933
4031630.0520249214
6576502.938344514
6772756.954579111
4031630.0520249214
4028568.201171292
3967904.3616475468
4285137.583506739
4028568.201171292
4027900.5573874377
1400879.0103642405
2140034.8705310198
4027900.5573874377
4030198.890147901
3045895.57593874
2580679.017820746
4030198.890147901
4033600.895687284
5907636.63286917
5681638.150749552
4033600.895687284
4035811.7910999893
7188320.400033239
7233800.884303003
4035811.7910999893
4036155.037541606
5473227.269046217
5707458.6434375
10593468.638793262
4036000.5075192824
3975384.3759374763
4292043.710817839
4036000.5075192824
4035868.029633766
1405331.8368435265
2142900.4030709174
4035868.029633766
4036186.1135717435
3050856.4719469096
2586573.9369948125
4036186.1135717435
4035701.2201936324
5915069.329709274
5689376.882001021
4035701.2201936324
4033338.949424557
7185800.890151742
7235617.926632348
4033338.949424557
4029914.493139483
5465345.178693437
5699913.94087028
4029914.493139483
4027844.7364148656
2312273.031086173
2822076.1203742027
4027844.7364148656
4028758.8912065905
2140034.8705310198
1400880.095625927
4028758.8912065905
4031925.7518682242
4535923.47788096
4237488.254015537
4031925.7518682242
4034937.004940672
6907641.897038192
6715321.912496565
4034937.004940672
4036172.324465463
6582602.185831444
6778673.457091981
10606524.418891573
4035868.485601399
2317803.3423505756
2826571.819032637
4035868.485601399
4036029.840875049
2142900.4030709174
1405333.2378205822
4036029.840875049
4036140.8194956942
4543093.11691959
4245182.282856396
4036140.8194956942
4034745.5545251626
6913086.074228721
6720928.697898437
4034745.5545251626
4031627.512646285
6576502.694292613
6772756.929269941
4031627.512646285
4028568.0637904783
3967904.201442022
4285138.160488101
4028568.0637904783
4027901.1784336073
1400880.095625927
2140035.919252408
4027901.1784336073
4030198.9203462075
3045895.6187443454
2580678.6876474167
4030198.9203462075
4033601.7756034937
5907636.486404967
5681637.328527023
4033601.7756034937
4035811.6837257044
7188320.727317326
7233801.141523232
4035811.6837257044
4036154.1747352686
5473227.384700749
5707458.714482917
10353531.210987298
4036000.335984512
3975385.487609936
4292043.337059925
4036000.335984512
4035868.6240211776
1405333.2378205822
2142899.3834710107
4035868.6240211776
4036184.810002313
3050856.1454239367
2586573.80103936
4036184.810002313
4035701.461157636
5915068.51561188
5689375.709137435
4035701.461157636
4033339.827969232
7185801.1871623155
7235616.632016205
4033339.827969232
4029914.995925325
5465346.225254933
5699912.371559056
4029914.995925325
4027844.346771131
2312272.568035976
2822076.0110741807
4027844.346771131
4028759.1251302296
2140035.919252408
1400879.6046653152
4028759.1251302296
4031925.3352239137
4535923.790586695
4237488.496605396
4031925.3352239137
4034937.250006777
6907641.495439618
6715320.555158543
4034937.250006777
4036172.2737193406
6582602.368401407
6778672.182115628
7153666.619146576
4035866.8161379765
2317802.9811309865
2826571.6414866936
4035866.8161379765
4036030.4671203857
2142899.3834710107
1405331.5775451025
4036030.4671203857
4036141.0131233316
4543091.516850882
4245182.129367953
4036141.0131233316
4034745.351607084
6913085.139584474
6720928.580886808
4034745.351607084
4031629.7372811814
6576501.741892576
6772757.695909015
4031629.7372811814
4028568.062613381
3967902.8546973355
4285136.944518337
4028568.062613381
4027900.787845695
1400879.6046653152
2140034.7098652176
4027900.787845695
4030197.9375691107
3045895.7573561077
2580679.5140118557
4030197.9375691107
4033602.585608777
5907635.193718428
5681637.890356805
4033602.585608777
4035811.2343664565
7188319.259115621
7233801.6349141495
4035811.2343664565
4036154.6967687495
5473226.472051289
5707459.361623184
