4033728.618373518
4035856.128822301
7159789.11878741
7251346.321565094
4035856.128822301
4036143.8687176327
5364675.94376595
5603439.798045892
4036143.8687176327
4035862.019111879
2192289.2187047238
2724588.876571134
4035862.019111879
4036044.509182064
2162266.7357097375
1434690.239649497
4036044.509182064
4036122.6145703313
4663136.26352938
4373405.287327224
4036122.6145703313
4034647.4387828293
6973109.762387997
6782648.834540241
4034647.4387828293
4031485.948680508
6504266.276305472
6702631.535316882
4031485.948680508
4028484.541624702
3835533.8628009344
4162858.4638683107
4028484.541624702
4027955.820565823
1430212.6035727062
2159351.2713877317
4027955.820565823
4030316.836935873
3159345.8960992326
2713638.155114285
4030316.836935873
4033728.618373518
6004361.006568533
5782137.414648335
8989005.437926559
4036181.2514406117
6510585.689556732
6708756.979956022
4036181.2514406117
4035987.2888481407
3842896.3961983398
4169622.125746583
4035987.2888481407
4035888.768429007
1434690.239649497
2162267.6831730097
4035888.768429007
4036179.6255567474
3164526.687706458
2719705.853250736
4036179.6255567474
4035645.378241905
6011713.771976538
5789783.490029096
4035645.378241905
4033206.9647657247
7156934.980784075
7252815.223422135
4033206.9647657247
4029786.4366820008
5356748.390347328
5595863.317638159
4029786.4366820008
4027822.4439924536
2186926.6213301704
2720317.495981053
4027822.4439924536
4028855.430856047
2159351.2713877317
1430212.581268024
4028855.430856047
4032066.2081336086
4655863.317043622
4365629.414795495
4032066.2081336086
4035028.6770079755
6967910.4937171815
6777297.799147375
12315354.658499392
4035856.104386205
7159788.553923
7251345.356034499
4035856.104386205
4036144.759158977
5364678.038111992
5603441.457155906
4036144.759158977
4035862.6722156126
2192288.8535532583
2724589.8808660693
4035862.6722156126
4036044.5503138728
2162267.6831730097
1434689.8637696167
4036044.5503138728
4036122.9957842203
4663136.077053285
4373405.070691711
4036122.9957842203
4034647.764344483
6973109.695842247
6782648.56016969
4034647.764344483
4031485.423830224
6504265.5476356195
6702631.066740032
4031485.423830224
4028484.597386331
3835534.351390539
4162859.4050503955
4028484.597386331
4027956.664039374
1430212.581268024
2159352.2254082644
4027956.664039374
4030315.38508953
3159346.3076008526
2713637.8950995435
4030315.38508953
4033727.983243178
6004360.17619343
5782136.733111613
14247807.617293907
4036182.897435982
6510585.8242123965
6708757.651484548
4036182.897435982
4035986.3257673923
3842896.393225257
4169621.116347721
4035986.3257673923
4035888.5231833477
1434689.8637696167
2162268.8281783587
4035888.5231833477
4036180.189563232
3164526.795394337
2719705.0099349758
4036180.189563232
4035645.8383358233
6011713.8579033455
5789783.689218179
4035645.8383358233
4033206.9761190116
7156935.274604965
7252815.7062741155
4033206.9761190116
4029785.3578658584
5356747.267167073
5595862.427064305
4029785.3578658584
4027822.6912268233
2186926.509557849
2720316.698186324
4027822.6912268233
4028854.3938297187
2159352.2254082644
1430213.4127429419
4028854.3938297187
4032067.4855355513
4655862.650600014
4365628.08724209
4032067.4855355513
4035026.873338425
6967910.014193405
6777297.811615765
12109496.190101715
4035856.4010981764
7159788.932378155
7251344.326142848
4035856.4010981764
4036144.572157816
5364677.313086495
5603441.073256214
4036144.572157816
4035863.5390325817
2192288.631814044
2724588.689999763
4035863.5390325817
4036044.0632158266
2162268.8281783587
1434691.1752872113
4036044.0632158266
4036121.9300487293
4663136.033705967
4373404.090927189
4036121.9300487293
4034647.7426582803
6973108.660517043
6782646.678184873
4034647.7426582803
4031485.80333524
6504266.10508805
6702630.314470544
4031485.80333524
4028484.2660662807
3835533.758778706
4162859.037101483
4028484.2660662807
4027957.0865273625
1430213.4127429419
2159352.135011991
4027957.0865273625
4030314.561566709
3159346.4485652675
2713638.607234079
4030314.561566709
4033728.1234627417
6004359.604117971
5782135.094888414
8589186.213103376
4036182.2113158726
6510584.276185205
6708757.885531366
4036182.2113158726
4035986.7965290835
3842896.3679711767
4169620.9414835377
4035986.7965290835
4035888.3533941503
1434691.1752872113
2162266.7357097375
4035888.3533941503
4036179.4303113846
3164527.046382223
2719706.2331411364
4036179.4303113846
4035645.296899364
6011712.0191689385
5789783.53216978
4035645.296899364
4033206.801129445
7156934.140433421
7252815.3382094335
4033206.801129445
4029786.8071551323
5356747.627171585
5595863.865601191
4029786.8071551323
4027822.9818703784
2186926.6849444006
2720317.72375858
4027822.9818703784
4028854.2964342
2159352.135011991
1430212.6035727062
4028854.2964342
4032068.0218663537
4655861.881303963
4365628.887699711
4032068.0218663537
4035027.2489626775
6967909.577657946
6777297.964347328
