4036042.2339334562
4035863.3478512918
1426779.8895011803
2157027.0104095386
4035863.3478512918
4036146.596272638
2746233.321682076
2219128.559714777
4036146.596272638
4035846.886667132
5626134.961201283
5388374.802422263
4035846.886667132
4033699.3581370055
7247868.22264199
7166273.07259031
4033699.3581370055
4030299.3105311943
5760632.90803191
5983653.613958023
4030299.3105311943
4027935.088137174
2684743.9491110984
3134559.8721514316
4027935.088137174
4028499.9642533744
2154125.3776853886
1422310.0642371154
4028499.9642533744
4031517.937160084
4189344.232006645
3864259.8828091137
4031517.937160084
4034685.783892122
6718064.045680469
6520167.471839543
4034685.783892122
4036111.6593019096
6769580.188784505
6960397.363080207
4036111.6593019096
4036042.2339334562
4345803.48457873
4637259.278053777
5956630.14303208
4035989.4094608286
2157027.0104095386
1426778.3610237194
4035989.4094608286
4036179.181384218
4196143.113074561
3871654.6023816927
4036179.181384218
4035021.170934694
6724149.296708109
6526444.647904478
4035021.170934694
4032022.3198097465
6764177.17896369
6955147.281986697
4032022.3198097465
4028834.330781881
4338047.403097151
4630010.225711106
4028834.330781881
4027825.034060174
1422310.0642371154
2154125.263890869
4027825.034060174
4029814.5381249245
2741908.5852542566
2213725.9464627802
4029814.5381249245
4033239.431209543
5618557.907387664
5380450.1642119475
4033239.431209543
4035657.2025879705
7249410.748124531
7163488.872776833
4035657.2025879705
4036191.9204299413
5768297.774184138
5991020.997114844
4036191.9204299413
4035873.555100986
2690769.6147434926
3139688.194056761
6204125.706692534
4035862.2434334704
1426778.3610237194
2157025.8262848943
4035862.2434334704
4036146.819965133
2746233.4971677912
2219129.1120812534
4036146.819965133
4035846.117148167
5626135.232444757
5388374.416011921
4035846.117148167
4033699.809570636
7247867.9935278855
7166273.216485801
4033699.809570636
4030300.289373656
5760632.896329792
5983652.95290204
4030300.289373656
4027933.929568475
2684743.6534979637
3134559.302496644
4027933.929568475
4028501.206951393
2154125.263890869
1422309.1937383024
4028501.206951393
4031518.658020268
4189344.6248024674
3864261.690356272
4031518.658020268
4034683.228662185
6718065.075795142
6520168.2552444795
4034683.228662185
4036112.6166574894
6769580.029802216
6960397.318950462
4036112.6166574894
4036043.192819138
4345802.406309978
4637259.198273145
4652150.220655693
4035990.0438281754
2157025.8262848943
1426778.632020727
4035990.0438281754
4036179.141753664
4196144.548026397
3871655.536256422
4036179.141753664
4035019.0221684673
6724149.040642055
6526443.539117974
4035019.0221684673
4032024.172784039
6764177.353693428
6955147.443371959
4032024.172784039
4028834.318890926
4338047.243409985
4630011.13289493
4028834.318890926
4027825.0929702665
1422309.1937383024
2154124.3584864927
4027825.0929702665
4029813.13296012
2741909.6274826247
2213726.332119887
4029813.13296012
4033240.0705699674
5618557.4687709855
5380449.422573877
4033240.0705699674
4035657.1055134954
7249409.93682195
7163489.167605023
4035657.1055134954
4036192.657679694
5768297.611838925
5991021.397630468
4036192.657679694
4035873.630555494
2690769.9882977502
3139688.0517465575
5785163.191922627
4035862.7461520657
1426778.632020727
2157026.2643185337
4035862.7461520657
4036147.541859022
2746233.8497434705
2219129.219300085
4036147.541859022
4035846.5647599683
5626135.390241992
5388374.877192696
4035846.5647599683
4033697.799050916
7247867.167515775
7166272.351318633
4033697.799050916
4030301.316834566
5760633.359146872
5983652.959292847
4030301.316834566
4027932.8945929436
2684743.4465327933
3134558.8312888574
4027932.8945929436
4028501.3217497175
2154124.3584864927
1422309.1278910788
4028501.3217497175
4031519.297409992
4189343.387369251
3864259.5738172224
4031519.297409992
4034682.690682139
6718065.477567124
6520167.588407381
4034682.690682139
4036112.8480839706
6769580.507826041
6960395.533676871
4036112.8480839706
4036042.7256242824
4345802.031896504
4637257.330477517
5334931.590587561
4035988.9940165784
2157026.2643185337
1426779.8895011803
4035988.9940165784
4036179.340143246
4196143.1148911165
3871655.860534918
4036179.340143246
4035020.973365561
6724148.81090467
6526444.6122408975
4035020.973365561
4032021.8964960435
6764175.7486394895
6955147.402139184
4032021.8964960435
4028835.0109475893
4338046.305813491
4630010.864695328
4028835.0109475893
4027824.3385133534
1422309.1278910788
2154125.3776853886
4027824.3385133534
4029814.554704968
2741908.1470738472
2213725.8681944027
4029814.554704968
4033238.8440942536
5618556.997378261
5380449.469297012
4033238.8440942536
4035657.1044962043
7249408.73692155
7163489.382805939
4035657.1044962043
4036192.552586913
5768296.221135449
5991021.838147578
4036192.552586913
4035874.1815447416
2690769.2266122815
3139688.545905026
