4035898.156198676
4035970.6436302555
2059400.2056631683
1487262.6383772765
4035970.6436302555
4036178.4463970237
4035035.5233342103
3696441.178822819
4036178.4463970237
4035133.764407534
6628525.723294352
6427887.334400569
4035133.764407534
4032219.551716969
6841297.090092286
7030178.164145971
4032219.551716969
4028967.529020668
4504185.277048167
4786031.298283422
4028967.529020668
4027788.479584307
1482738.8586584246
2194495.639653492
4027788.479584307
4029663.6135815936
2614803.5506832236
2054209.2887264965
4029663.6135815936
4033062.856520196
5479283.8086789595
5234853.532600082
4033062.856520196
4035582.213916208
7267392.008699394
7121091.68608381
4035582.213916208
4036183.039514329
5896622.846394255
6114682.455652606
4036183.039514329
4035898.156198676
2867091.8513190276
3292065.156222112
5518304.603405079
4036144.450364721
2618842.4669662323
2059400.209201744
4036144.450364721
4035902.732989757
5486883.699284427
5242822.594222908
4035902.732989757
4033860.834136479
7266308.998445467
7124306.512019885
4033860.834136479
4030464.3207308287
5889100.277591007
6107438.999835902
4030464.3207308287
4028005.753814601
2860836.285115934
3286650.4464081093
4028005.753814601
4028394.547391222
2054209.2887264965
1482738.4044025918
4028394.547391222
4031319.1192021905
4028439.548543847
3689215.1505906926
4031319.1192021905
4034550.759160638
6622180.042160413
6421336.067619199
4034550.759160638
4036098.5350344665
6846350.900347453
7035091.424453603
4036098.5350344665
4036061.221719392
4512032.361757632
4793399.114619004
4036061.221719392
4035845.508968745
1487262.6383772765
2197504.177420937
3735662.8087684787
4035970.7834147303
2059400.209201744
1487261.239828861
4035970.7834147303
4036178.127811042
4035035.702025545
3696441.6218691533
4036178.127811042
4035133.7577442136
6628524.86281988
6427887.806779803
4035133.7577442136
4032218.894393128
6841296.734795849
7030177.911858174
4032218.894393128
4028967.6324653253
4504185.699320681
4786031.859484751
4028967.6324653253
4027788.036866866
1482738.4044025918
2194495.779243428
4027788.036866866
4029662.5127583547
2614803.576902091
2054208.6820797396
4029662.5127583547
4033063.8740505734
5479282.6755328905
5234852.821234805
4033063.8740505734
4035581.198833089
7267391.384570879
7121091.517869532
4035581.198833089
4036183.3676627614
5896622.883430141
6114683.313072311
4036183.3676627614
4035899.2692735256
2867094.4846255095
3292067.5889727413
1236160.8997804327
4036144.08932093
2618844.0391739216
2059400.3331305194
4036144.08932093
4035902.5463104206
5486884.299209651
5242822.239428786
4035902.5463104206
4033858.1982311145
7266308.276295553
7124307.210356113
4033858.1982311145
4030465.7264248165
5889100.510729142
6107438.908911525
4030465.7264248165
4028005.5128577943
2860836.260815653
3286650.2605016357
4028005.5128577943
4028394.8639825205
2054208.6820797396
1482738.4442695254
4028394.8639825205
4031319.2405189592
4028439.147414782
3689214.941156786
4031319.2405189592
4034550.2269713874
6622180.216438973
6421336.798255889
4034550.2269713874
4036098.057063485
6846351.081897551
7035092.1884952625
4036098.057063485
4036063.5923640607
4512032.4915649
4793400.046441409
4036063.5923640607
4035845.904471449
1487261.239828861
2197504.735861855
2988822.442118128
4035969.9247990483
2059400.3331305194
1487261.2088212157
4035969.9247990483
4036177.6376930233
4035034.660022014
3696440.847822075
4036177.6376930233
4035133.646482769
6628524.379871489
6427885.673174909
4035133.646482769
4032220.058132816
6841296.41988486
7030177.63834651
4032220.058132816
4028967.843739516
4504184.705704267
4786031.332065044
4028967.843739516
4027788.189108986
1482738.4442695254
2194495.745782751
4027788.189108986
4029662.421175257
2614803.6389510385
2054209.1201580628
4029662.421175257
4033064.2707014084
5479282.896310326
5234851.993322949
4033064.2707014084
4035581.350401141
7267391.663018587
7121090.20753104
4035581.350401141
4036183.46539461
5896623.619177313
6114681.839958793
4036183.46539461
4035900.313081782
2867093.499546557
3292067.5232210504
4840709.040100291
4036144.476786719
2618843.0954509997
2059400.2056631683
4036144.476786719
4035902.526521915
5486883.038891257
5242822.583847863
4035902.526521915
4033860.3423522864
7266307.596800824
7124307.273061439
4033860.3423522864
4030465.248304697
5889099.698454349
6107439.316808618
4030465.248304697
4028005.5393821513
2860835.462715825
3286650.045034914
4028005.5393821513
4028395.084636669
2054209.1201580628
1482738.8586584246
4028395.084636669
4031318.7467579544
4028439.5571827497
3689214.9118423685
4031318.7467579544
4034550.5074770567
6622178.601900534
6421336.968607623
4034550.5074770567
4036097.938421821
6846349.729497743
7035092.366654677
4036097.938421821
4036063.2611381626
4512031.468955451
4793399.9573059995
4036063.2611381626
4035844.568985356
1487261.2088212157
2197503.6181863844
