4036111.0774768274
4035852.53629819
1763158.8861384734
2392878.7123534125
4035852.53629819
4036087.1883924115
2340897.3823125837
1691939.9186403698
4036087.1883924115
4036027.975936397
5106204.030055901
4843022.667238587
4036027.975936397
4034257.9272654615
7170101.558263489
6985001.422795233
4034257.9272654615
4030950.9597171457
6201473.3721969705
6409198.03630974
4030950.9597171457
4028190.6923888065
3325977.387524984
3698645.6167176883
4028190.6923888065
4028154.2800005386
1687198.5862798113
1758339.893027627
4028154.2800005386
4030848.710178637
3608585.0529535203
3225535.8119938965
4030848.710178637
4034177.197823798
6346899.274382337
6137069.782705112
4034177.197823798
4035989.4816003027
7018630.259040914
7202868.069906218
4035989.4816003027
4036111.0774768274
4931480.194898815
5190184.63565324
6272927.247033413
4035927.3676096154
1691939.9186403698
1763159.5223539048
4035927.3676096154
4036203.178283409
3614561.6701411735
3232251.8237338956
4036203.178283409
4035398.390024932
6353815.492497996
6144231.8014465375
4035398.390024932
4032685.752077322
7014570.39217346
7198915.452944216
4032685.752077322
4029343.296773057
4923501.287074124
5182618.691605956
4029343.296773057
4027773.800921798
1758339.893027627
2389376.081505968
4027773.800921798
4029245.7715540184
2337519.0023471466
1687198.2835350982
4029245.7715540184
4032599.0315753114
5098662.577209802
4835053.963265502
4032599.0315753114
4035343.954907498
7165929.9336986495
6980715.62995072
4035343.954907498
4036203.7360967873
6208514.4691812415
6416001.655472254
4036203.7360967873
4035923.535382678
3332805.879954276
3704760.5679179295
7282309.081412606
4035852.0513595506
1763159.5223539048
2392877.8764694226
4035852.0513595506
4036087.3334322306
2340896.123283366
1691940.18188808
4036087.3334322306
4036027.7796048042
5106204.0846103085
4843023.063727548
4036027.7796048042
4034257.405544916
7170101.480419005
6985001.437436424
4034257.405544916
4030951.839523134
6201473.975091022
6409197.911496867
4030951.839523134
4028191.027315693
3325977.919744601
3698646.1809270075
4028191.027315693
4028153.2450156594
1687198.2835350982
1758340.0571245989
4028153.2450156594
4030848.9591259765
3608585.110848849
3225535.5955365673
4030848.9591259765
4034177.907211596
6346898.732448054
6137068.678394289
4034177.907211596
4035989.1994442814
7018629.979570963
7202867.224063702
4035989.1994442814
4036111.156285741
4931479.9500275
5190184.689404335
6091965.395565104
4035928.521589793
1691940.18188808
1763159.8964230297
4035928.521589793
4036202.4694847018
3614562.2436552267
3232251.2266052957
4036202.4694847018
4035399.6761197606
6353815.760915289
6144231.848204032
4035399.6761197606
4032683.704008179
7014569.557380889
7198914.793008375
4032683.704008179
4029343.6691554217
4923501.848021992
5182619.815657155
4029343.6691554217
4027772.8782614195
1758340.0571245989
2389375.4205141794
4027772.8782614195
4029246.5228414587
2337517.6852312596
1687197.957046831
4029246.5228414587
4032598.863069318
5098661.849800981
4835054.06326021
4032598.863069318
4035343.962930352
7165929.649074995
6980715.0666143745
4035343.962930352
4036204.6727385144
6208514.336959136
6416002.113026915
4036204.6727385144
4035923.3215116225
3332806.4557910124
3704759.8464753716
6928809.219304543
4035852.618729185
1763159.8964230297
2392879.104176037
4035852.618729185
4036087.0862785396
2340896.499117659
1691939.5056613006
4036087.0862785396
4036027.1908748057
5106203.617646934
4843022.191842994
4036027.1908748057
4034257.9072713056
7170101.5470922515
6985000.255749982
4034257.9072713056
4030951.7263818
6201474.17019534
6409196.923335175
4030951.7263818
4028190.547666172
3325977.859666321
3698645.9042294957
4028190.547666172
4028153.788956739
1687197.957046831
1758340.3675782776
4028153.788956739
4030848.4429899147
3608585.3755100747
3225535.7065329524
4030848.4429899147
4034177.853649613
6346898.970925016
6137067.599482144
4034177.853649613
4035989.301219885
7018629.886730219
7202866.2857686775
4035989.301219885
4036111.2204510476
4931479.686864652
5190184.101754667
5685867.377686295
4035927.659953318
1691939.5056613006
1763158.8861384734
4035927.659953318
4036202.971677109
3614562.1787964883
3232251.3685185583
4036202.971677109
4035398.71482214
6353814.737404057
6144231.683179562
4035398.71482214
4032685.8380587474
7014568.637148077
7198915.293757011
4032685.8380587474
4029342.9686827064
4923499.788925976
5182618.780173939
4029342.9686827064
4027773.8778808154
1758340.3675782776
2389375.8730933536
4027773.8778808154
4029245.69982747
2337518.560394274
1687198.5862798113
4029245.69982747
4032598.379527391
5098661.290926389
4835054.359753572
4032598.379527391
4035343.5533947647
7165927.999278181
6980715.300895967
4035343.5533947647
4036204.994606761
6208513.746885292
6416002.294655372
4036204.994606761
4035923.328104731
3332806.259312957
3704760.5809731735
