4036180.2257193583
4035874.368687592
2487265.3636873406
2967122.27007457
4035874.368687592
4035998.6215037988
2136610.6152414987
1395720.8485732493
4035998.6215037988
4036162.373872347
4384077.451826925
4074571.4906156925
4036162.373872347
4034880.567421815
6829342.456597005
6634766.557816002
4034880.567421815
4031815.906971882
6666296.042644249
6859985.354254818
4031815.906971882
4028677.2734867064
4139750.457071277
4444745.203277236
4028677.2734867064
4027866.6238126294
1391274.7495546462
2133763.310341313
4027866.6238126294
4030024.4095466756
2901888.0665897075
2409029.4174230923
4030024.4095466756
4033439.1235881215
5776937.9910289
5545622.035461302
4033439.1235881215
4035728.279562578
7220178.375268052
7205156.67898251
4035728.279562578
4036180.2257193583
5611779.340155541
5840467.217326814
6741173.6632848475
4035871.6903185938
1395720.8485732493
2136611.93446806
4035871.6903185938
4036173.8065774273
2906553.8120860965
2414693.516949576
4036173.8065774273
4035771.5828723665
5784452.060180382
5553462.708593585
4035771.5828723665
4033494.9400943764
7218105.12466538
7207422.012077325
4033494.9400943764
4030096.837306941
5603983.07075881
5832987.880827723
4030096.837306941
4027885.494303304
2481507.8242343655
2962335.1532477457
4027885.494303304
4028623.3604084053
2133763.310341313
1391275.74445902
4028623.3604084053
4031738.40658859
4377065.7404202
4067004.0073578656
4031738.40658859
4034828.470156568
6823589.678598538
6628838.512859342
4034828.470156568
4036156.558215109
6672086.796790668
6865607.742928154
4036156.558215109
4036006.4830642887
4147369.0309901214
4451820.822196889
8589025.881381162
4035874.708726408
2487264.300340386
2967122.7556265234
4035874.708726408
4035998.819657138
2136611.93446806
1395720.6976768086
4035998.819657138
4036161.718802732
4384078.107722545
4074570.110188328
4036161.718802732
4034881.475917067
6829341.746826133
6634766.313174437
4034881.475917067
4031816.1046054745
6666295.747588662
6859985.404311306
4031816.1046054745
4028676.16424993
4139749.9256463135
4444744.975891263
4028676.16424993
4027866.5375191104
1391275.74445902
2133763.241315088
4027866.5375191104
4030024.1726592765
2901886.9947917913
2409028.9841437507
4030024.1726592765
4033439.1025936254
5776937.532286752
5545622.270263957
4033439.1025936254
4035728.9361765464
7220178.400786298
7205156.17568318
4035728.9361765464
4036180.0177464155
5611779.775267888
5840467.119753331
7841120.725256946
4035870.290126739
1395720.6976768086
2136613.1073441836
4035870.290126739
4036175.7495042067
2906552.2943564295
2414691.3430648334
4036175.7495042067
4035770.5783978193
5784451.13322781
5553462.099135277
4035770.5783978193
4033497.2215447696
7218105.4675513385
7207422.317213109
4033497.2215447696
4030095.4237884176
5603982.609261942
5832987.217551218
4030095.4237884176
4027884.6324805724
2481507.108013199
2962334.3056405704
4027884.6324805724
4028624.2925272775
2133763.241315088
1391275.9328513767
4028624.2925272775
4031738.435692581
4377065.707151553
4067003.2384703304
4031738.435692581
4034829.4583945205
6823590.546976155
6628838.632354799
4034829.4583945205
4036155.7801926937
6672086.905068513
6865607.160995447
4036155.7801926937
4036006.553729085
4147368.1390189356
4451820.86640823
8291376.753345237
4035875.733010553
2487264.528198612
2967121.176649541
4035875.733010553
4035998.4353641607
2136613.1073441836
1395721.165453589
4035998.4353641607
4036161.9445386673
4384077.991774934
4074570.8112092307
4036161.9445386673
4034881.7221978474
6829342.104698959
6634764.957096601
4034881.7221978474
4031815.768875812
6666295.61592545
6859984.385120843
4031815.768875812
4028675.6161918244
4139750.586647448
4444743.995284494
4028675.6161918244
4027867.4714154536
1391275.9328513767
2133763.8075541756
4027867.4714154536
4030024.105445447
2901887.33071467
2409029.274456324
4030024.105445447
4033438.6501691393
5776937.484246941
5545622.008501814
4033438.6501691393
4035728.606463677
7220178.295190897
7205154.406065841
4035728.606463677
4036180.19831511
5611780.170320346
5840467.205780229
6198550.853201552
4035870.807063456
1395721.165453589
2136610.6152414987
4035870.807063456
4036173.848012728
2906554.2916733925
2414693.3501625718
4036173.848012728
4035771.642536415
5784450.966337587
5553461.735241088
4035771.642536415
4033495.5857519303
7218104.105363471
7207422.429883906
4033495.5857519303
4030096.5768584325
5603981.796137379
5832987.659572616
4030096.5768584325
4027884.883343098
2481507.6111224326
2962335.0002723755
4027884.883343098
4028624.0131686362
2133763.8075541756
1391274.7495546462
4028624.0131686362
4031738.5197388716
4377065.945223235
4067003.5230733333
4031738.5197388716
4034828.8846471542
6823588.671854134
6628839.493643323
4034828.8846471542
4036156.020162145
6672086.082052034
6865607.579391452
4036156.020162145
4036007.570004565
4147368.4374402026
4451820.65983729
