4035829.8404597854
4036161.799902206
5429177.600863706
5665228.291394975
4036161.799902206
4035853.4855920114
2266072.4317805218
2784305.049540549
4035853.4855920114
4036037.5800678297
2149308.5968861156
1415084.539469109
4036037.5800678297
4036132.543195694
4592273.176851199
4297772.368805615
4036132.543195694
4034718.6376157147
6938010.67721664
6746561.657391762
4034718.6376157147
4031560.2678190316
6547376.8902839115
6744474.623465022
4031560.2678190316
4028532.249608453
3913951.5771135255
4235226.44883337
4028532.249608453
4027930.685539769
1410624.2103431995
2146427.2533001713
4027930.685539769
4030252.8409343003
3091915.159989406
2634829.2373402966
4030252.8409343003
4033639.0674265255
5947473.8691051295
5723044.842403698
4033639.0674265255
4035829.8404597854
7177106.674352814
7241418.964047734
8437217.760609271
4035995.7765836366
3921386.1804832565
4242077.034331034
4035995.7765836366
4035882.9717688947
1415084.539469109
2149308.4105057637
4035882.9717688947
4036188.128989669
3096965.36569089
2640794.357606219
4036188.128989669
4035667.0490398873
5954874.427040884
5730747.260341902
4035667.0490398873
4033285.6306549255
7174449.9762340905
7243093.992428896
4033285.6306549255
4029873.344390933
5421274.319023273
5657667.112652327
4029873.344390933
4027822.114419548
2260610.6212386717
2779899.9806713876
4027822.114419548
4028799.0093072653
2146427.2533001713
1410624.256756417
4028799.0093072653
4031981.4813077445
4585059.962446478
4290042.697345069
4031981.4813077445
4034989.832483185
6932663.390830532
6741058.3787443945
4034989.832483185
4036162.6595272887
6553566.885165913
6750477.8403819185
12055046.617501952
4036163.2726375344
5429178.515304027
5665228.477590307
4036163.2726375344
4035851.8631956168
2266070.600576311
2784302.755640051
4035851.8631956168
4036037.797284164
2149308.4105057637
1415085.0936928669
4036037.797284164
4036132.4029249293
4592273.90254685
4297772.09062183
4036132.4029249293
4034718.2642939505
6938009.944597775
6746562.25927357
4034718.2642939505
4031560.2024514885
6547376.795593121
6744475.396987618
4031560.2024514885
4028532.4013778344
3913950.5917317737
4235226.698060694
4028532.4013778344
4027930.117391327
1410624.256756417
2146426.749812836
4027930.117391327
4030252.578291736
3091915.0211371128
2634829.2885663863
4030252.578291736
4033639.922453871
5947473.295353277
5723043.344425279
4033639.922453871
4035829.5345248743
7177106.724886737
7241418.807118865
12824160.360086497
4035994.6617190563
3921385.985284936
4242076.4957083035
4035994.6617190563
4035884.2030185824
1415085.0936928669
2149308.3554719556
4035884.2030185824
4036186.147180637
3096966.6681099073
2640795.022025162
4036186.147180637
4035666.2233254546
5954872.688988295
5730745.733504095
4035666.2233254546
4033287.2395716966
7174450.432794949
7243093.079467667
4033287.2395716966
4029873.86763201
5421275.340277164
5657668.017329667
4029873.86763201
4027820.854343776
2260609.5572287925
2779899.321619681
4027820.854343776
4028799.546168824
2146426.749812836
1410623.5820151824
4028799.546168824
4031980.5969719267
4585060.077290213
4290043.170502021
4031980.5969719267
4034990.282978592
6932662.978049236
6741057.56202344
4034990.282978592
4036163.6583785187
6553566.955079555
6750478.222131447
11844694.569902988
4036163.4988880837
5429178.513276266
5665228.115226339
4036163.4988880837
4035852.288173071
2266071.600706296
2784303.1536957994
4035852.288173071
4036037.7208889187
2149308.3554719556
1415085.2440988538
4036037.7208889187
4036133.136354555
4592272.745824122
4297771.6237668935
4036133.136354555
4034718.2162772366
6938010.018096146
6746560.842083346
4034718.2162772366
4031559.451379756
6547376.834789092
6744473.723340113
4031559.451379756
4028532.9460889995
3913951.2585056447
4235225.367016266
4028532.9460889995
4027929.5729571437
1410623.5820151824
2146426.028646828
4027929.5729571437
4030251.842895192
3091914.9151168643
2634829.4560876708
4030251.842895192
4033640.3627297003
5947473.1294324035
5723043.073547166
4033640.3627297003
4035829.311818584
7177106.436050556
7241417.406823862
8010066.130025403
4035994.622501923
3921385.636932009
4242076.220623786
4035994.622501923
4035883.5068617933
1415085.2440988538
2149308.5968861156
4035883.5068617933
4036188.2372992397
3096965.4213651777
2640794.859508316
4036188.2372992397
4035666.898063098
5954873.128950664
5730746.259491783
4035666.898063098
4033285.966347664
7174448.1763816755
7243094.881277086
4033285.966347664
4029873.2167638973
5421273.758185747
5657667.78748647
4029873.2167638973
4027821.791385606
2260610.577324278
2779900.095654473
4027821.791385606
4028800.189324597
2146426.028646828
1410624.2103431995
4028800.189324597
4031979.950156855
4585060.346094555
4290043.9448250225
4031979.950156855
4034990.0392377363
6932661.724717334
6741058.233627965
4034990.0392377363
4036163.6161148124
6553565.860873966
6750478.166434337
