4035993.987542869
4035884.790346977
1418839.8736454106
2151783.0987016764
4035884.790346977
4036175.979643799
3111711.6501707
2658071.6401853655
4036175.979643799
4035673.081434955
5967420.427279389
5743782.447824161
4035673.081434955
4033268.049358638
7170715.857116247
7245339.187315791
4033268.049358638
4029857.5688711577
5407186.659833799
5644168.546813331
4029857.5688711577
4027821.398433405
2244322.763493352
2766670.3006001296
4027821.398433405
4028808.9637305653
2148895.4158812836
1414376.3158719132
4028808.9637305653
4032000.4700083663
4600634.262263513
4306682.918510446
4032000.4700083663
4035000.6656280234
6940499.964619151
6749114.616985692
4035000.6656280234
4036162.815422771
6544230.383039523
6741412.460505748
4036162.815422771
4035993.987542869
3904192.0366133894
4226187.239450464
5770793.860244666
4036038.5652148756
2151783.0987016764
1418839.711397772
4036038.5652148756
4036131.113347611
4607860.05548958
4314420.861929744
4036131.113347611
4034705.167108427
6945814.30329475
6754586.147064799
4034705.167108427
4031540.3754896796
6538010.952191125
6735383.387141216
4031540.3754896796
4028523.774011114
3896772.3116649413
4219354.805931741
4028523.774011114
4027932.581066701
1414376.3158719132
2148894.308442578
4027932.581066701
4030254.8872692417
3106630.572333372
2652082.567822326
4030254.8872692417
4033672.733642905
5960028.070072219
5736090.741303621
4033672.733642905
4035833.573200584
7173415.157203595
7243709.282836993
4035833.573200584
4036164.769701709
5415096.692937512
5651734.645297412
4036164.769701709
4035850.7427257593
2249760.0453042695
2771042.900767834
5421158.414774043
4035883.831329046
1418839.711397772
2151783.557140368
4035883.831329046
4036177.07563277
3111710.627399411
2658072.1220432254
4036177.07563277
4035672.4415039793
5967421.090183328
5743782.560757651
4035672.4415039793
4033267.985474248
7170715.448130071
7245339.103100321
4033267.985474248
4029858.5751288584
5407187.369491688
5644168.653740461
4029858.5751288584
4027820.1971547175
2244322.0055147293
2766669.4352846947
4027820.1971547175
4028809.324788909
2148894.308442578
1414376.1665771923
4028809.324788909
4032000.594168707
4600633.156506615
4306681.925125221
4032000.594168707
4035001.6306318385
6940499.998122512
6749114.671681685
4035001.6306318385
4036163.018025553
6544229.360735339
6741412.338452764
4036163.018025553
4035993.671679277
3904191.717234541
4226186.218096444
3595392.455299951
4036037.244785514
2151783.557140368
1418840.9928569559
4036037.244785514
4036131.299278602
4607861.220774578
4314422.238428882
4036131.299278602
4034705.921134386
6945814.075902145
6754584.853066665
4034705.921134386
4031539.551680005
6538009.714122283
6735381.987190741
4031539.551680005
4028522.6940041324
3896772.09613197
4219354.758657426
4028522.6940041324
4027933.4770485014
1414376.1665771923
2148894.6293102936
4027933.4770485014
4030254.9406907214
3106631.191274179
2652083.265548184
4030254.9406907214
4033672.494975932
5960028.117234147
5736091.134466392
4033672.494975932
4035833.470123026
7173415.572566149
7243708.9913617
4035833.470123026
4036163.938683545
5415096.475359433
5651734.630310608
4036163.938683545
4035852.2582211066
2249760.647460011
2771043.230919449
4936218.155406633
4035883.9728309135
1418840.9928569559
2151782.584268579
4035883.9728309135
4036177.0966677815
3111710.540566007
2658070.8972923947
4036177.0966677815
4035672.177457665
5967420.127354984
5743782.120377331
4035672.177457665
4033268.0896069123
7170715.476343711
7245337.681683434
4033268.0896069123
4029858.4891404025
5407186.95583843
5644168.020254169
4029858.4891404025
4027820.0662216893
2244322.133633533
2766668.9663851946
4027820.0662216893
4028808.9261142407
2148894.6293102936
1414376.5996105736
4028808.9261142407
4032000.697046497
4600633.346566301
4306680.445240685
4032000.697046497
4035001.7495937734
6940499.720906562
6749113.657587553
4035001.7495937734
4036163.0415601553
6544229.071898693
6741410.998449917
4036163.0415601553
4035993.5927465055
3904192.0961128715
4226186.392358626
5126638.607472099
4036038.3359741517
2151782.584268579
1418839.8736454106
4036038.3359741517
4036130.863146658
4607859.161912059
4314422.650863353
4036130.863146658
4034705.2313721357
6945813.269734761
6754585.834549354
4034705.2313721357
4031540.379445698
6538009.4281718675
6735382.939618586
4031540.379445698
4028523.0162703786
3896771.8796907635
4219355.103950176
4028523.0162703786
4027933.421396177
1414376.5996105736
2148895.4158812836
4027933.421396177
4030255.1853338485
3106630.3025552914
2652083.3111097952
4030255.1853338485
4033672.1092830617
5960026.937898388
5736090.855535152
4033672.1092830617
4035833.913955841
7173413.95013027
7243709.32898863
4035833.913955841
4036163.7971340395
5415095.5123315
5651735.248964278
4036163.7971340395
4035851.373711821
2249761.1415076586
2771043.515271526
