4035992.0923531307
4036114.7380669005
4968457.026542053
5225331.919681553
4036114.7380669005
4035841.0571293794
1794758.30269484
2416258.0041336776
4035841.0571293794
4036096.167658451
2320449.2897446943
1663541.8008649684
4036096.167658451
4036035.600040483
5070482.144197156
4805346.913591229
4036035.600040483
4034293.6447882303
7155703.384587797
6970222.144426214
4034293.6447882303
4030984.0052669016
6228151.485785611
6435015.901919294
4030984.0052669016
4028221.7386869127
3368336.9440797023
3736786.4279903453
4028221.7386869127
4028136.1290166667
1658832.1310322701
1789901.6188719529
4028136.1290166667
4030807.0412204326
3570728.8672141004
3183125.3754714485
4030807.0412204326
4034125.757146224
6320139.538280956
6109392.023332582
4034125.757146224
4035992.0923531307
7032239.735586107
7216132.316014757
8192458.838576624
4035940.6134063485
3375214.41578989
3742961.724469664
4035940.6134063485
4035923.16566955
1663541.8008649684
1794757.9274126359
4035923.16566955
4036203.7165040253
3576641.757525919
3189790.664631331
4036203.7165040253
4035408.592780669
6327099.022081353
6116601.078616
4035408.592780669
4032741.3553907797
7028274.715485658
7212271.348197128
4032741.3553907797
4029377.685748752
4960473.832253925
5217756.733870269
4029377.685748752
4027763.1343433354
1789901.6188719529
2412697.080389056
4027763.1343433354
4029225.5937881498
2317122.7330405107
1658833.3084323998
4029225.5937881498
4032551.9692816827
5062955.101712183
4797387.350817672
4032551.9692816827
4035324.1259465474
7151440.351093719
6965842.071916305
4035324.1259465474
4036188.3452827493
6235138.9518328365
6441769.89848152
11650712.614752421
4036114.444712477
4968456.738500434
5225331.593286669
4036114.444712477
4035840.1260494194
1794757.9274126359
2416256.6222214284
4035840.1260494194
4036096.259966116
2320448.659257771
1663542.0780172744
4036096.259966116
4036035.684112676
5070482.0077431835
4805347.443777977
4036035.684112676
4034292.8767558434
7155703.064390638
6970221.750745394
4034292.8767558434
4030983.7108744313
6228150.75472637
6435015.075500254
4030983.7108744313
4028221.9870174034
3368336.613400323
3736786.3726226795
4028221.9870174034
4028135.56373418
1658833.3084323998
1789901.3610582708
4028135.56373418
4030806.8791740006
3570727.647721404
3183125.3041697526
4030806.8791740006
4034126.01605508
6320138.801429242
6109392.256678696
4034126.01605508
4035993.953123379
7032239.604351332
7216132.143473686
12172661.006151251
4035940.116727456
3375214.7679791753
3742960.77404729
4035940.116727456
4035924.220781379
1663542.0780172744
1794757.972304283
4035924.220781379
4036201.530573188
3576641.9948727307
3189790.456014695
4036201.530573188
4035409.9745129715
6327097.998668991
6116600.813855672
4035409.9745129715
4032741.879611063
7028274.053954981
7212271.5624692105
4032741.879611063
4029377.0653863368
4960472.35771623
5217755.867291344
4029377.0653863368
4027762.4206858757
1789901.3610582708
2412696.9017610056
4027762.4206858757
4029224.5973038427
2317122.3761542435
1658832.771030469
4029224.5973038427
4032552.7098773494
5062955.526462375
4797387.181327421
4032552.7098773494
4035323.63018745
7151440.857872471
6965841.982535021
4035323.63018745
4036190.0018943064
6235139.106224553
6441770.694649107
11432941.834446047
4036114.8703283723
4968456.424475671
5225331.257395997
4036114.8703283723
4035839.8249144577
1794757.972304283
2416257.2883802387
4035839.8249144577
4036095.853063203
2320448.416343831
1663541.1175353092
4036095.853063203
4036035.96807714
5070481.254689768
4805345.841854646
4036035.96807714
4034293.32988885
7155703.11501627
6970220.270149955
4034293.32988885
4030983.3720151028
6228151.555788656
6435014.140338162
4030983.3720151028
4028222.073418276
3368336.800982912
3736785.958171677
4028222.073418276
4028135.885354307
1658832.771030469
1789901.2233103116
4028135.885354307
4030807.193139096
3570727.771691197
3183124.36217257
4030807.193139096
4034125.6674832823
6320138.885722615
6109391.049621243
4034125.6674832823
4035993.9751131395
7032239.791599425
7216131.014320902
7751877.2123142835
4035940.6527635767
3375214.8745700205
3742961.5874278913
4035940.6527635767
4035923.2786305095
1663541.1175353092
1794758.30269484
4035923.2786305095
4036203.2783389236
3576641.4559327182
3189789.8609280554
4036203.2783389236
4035408.3950149748
6327097.335198429
6116601.215676172
4035408.3950149748
4032741.1354170605
7028272.990898813
7212272.0029218
4032741.1354170605
4029377.641015553
4960472.880224492
5217757.060157093
4029377.641015553
4027762.5560055943
1789901.2233103116
2412697.6654125666
4027762.5560055943
4029225.8906307574
2317122.5350035373
1658832.1310322701
4029225.8906307574
4032551.840594543
5062954.462305563
4797387.88831448
4032551.840594543
4035323.707224273
7151439.473445433
6965842.752389665
4035323.707224273
4036189.7395641445
6235138.192593717
6441771.018385038
