4036099.5563320783
4036060.2668715543
4499955.6415571375
4782033.030240945
4036060.2668715543
4035846.271284058
1481850.9980006742
2193845.6800900586
4035846.271284058
4036146.460844428
2627838.001520612
2070826.803143795
4036146.460844428
4035898.305973579
5497212.242295737
5253629.292257681
4035898.305973579
4033849.656712096
7265175.872949905
7127594.403624138
4033849.656712096
4030451.33674999
5879853.398908511
6098521.984108144
4030451.33674999
4027999.0891079223
2847876.170013871
3275374.627206792
4027999.0891079223
4028404.2450065915
2065618.4519276319
1477330.715179471
4028404.2450065915
4031347.353272271
4040239.440040327
3702094.339381785
4031347.353272271
4034545.7359255725
6629392.3832519995
6428772.185521207
4034545.7359255725
4036099.5563320783
6840929.147122593
7029815.0603348855
7931094.984467249
4035898.2608824405
2854117.173123805
3280771.5524275736
4035898.2608824405
4035972.04541116
2070826.803143795
1481849.9497820812
4035972.04541116
4036190.6995500256
4046850.949674991
3709333.7042691163
4036190.6995500256
4035112.841202314
6635718.2924681585
6435302.797324618
4035112.841202314
4032205.5087823523
6835848.738236732
7024875.977342747
4032205.5087823523
4028956.0100274426
4492113.9026705455
4774673.452686859
4028956.0100274426
4027788.7205548924
1477330.715179471
2190845.7475694674
4027788.7205548924
4029677.0019187178
2623778.265522385
2065619.981066709
4029677.0019187178
4033076.1132394127
5489612.194318539
5245661.941009821
4033076.1132394127
4035586.0604601414
7266291.960218441
7124409.787618766
4035586.0604601414
4036184.606789905
5887387.860193629
6105777.715925146
11180291.801665314
4036059.8001462296
4499956.00380321
4782033.3672779845
4036059.8001462296
4035844.926392234
1481849.9497820812
2193844.378931665
4035844.926392234
4036146.9111117907
2627837.6704234653
2070826.5142882564
4036146.9111117907
4035897.9396757004
5497211.767260784
5253629.571354676
4035897.9396757004
4033849.6324447244
7265175.371000039
7127594.163053377
4033849.6324447244
4030452.7494605365
5879853.949222004
6098523.086430374
4030452.7494605365
4027999.44223545
2847876.5022008778
3275374.861308597
4027999.44223545
4028403.7987087294
2065619.981066709
1477332.2469033499
4028403.7987087294
4031347.396642495
4040240.681571402
3702095.2083405335
4031347.396642495
4034543.8356813644
6629392.078015771
6428772.347136133
4034543.8356813644
4036102.2300479542
6840929.947369173
7029815.495796706
11459275.76383973
4035897.0899736546
2854117.283342982
3280770.966321226
4035897.0899736546
4035973.3480525487
2070826.5142882564
1481848.8955127667
4035973.3480525487
4036191.238311099
4046851.501104883
3709334.0850569713
4036191.238311099
4035111.9225381897
6635719.086452696
6435302.985956182
4035111.9225381897
4032206.4568733294
6835849.0705994805
7024875.701423716
4032206.4568733294
4028955.016875964
4492114.152331881
4774672.954105608
4028955.016875964
4027789.3110641195
1477332.2469033499
2190846.182668953
4027789.3110641195
4029677.6240312057
2623777.265600874
2065619.5467283463
4029677.6240312057
4033074.2913872595
5489612.563579222
5245662.577235492
4033074.2913872595
4035587.459491996
7266291.336874881
7124409.74536109
4035587.459491996
4036184.190802275
5887387.9150445415
6105777.125076289
10953192.419115659
4036059.9042597264
4499955.074286815
4782033.206097502
4036059.9042597264
4035845.513897874
1481848.8955127667
2193844.8469262174
4035845.513897874
4036146.017954206
2627839.215673289
2070827.0391384468
4036146.017954206
4035897.8344454756
5497211.558276492
5253627.787659454
4035897.8344454756
4033848.9914588514
7265175.898473013
7127592.219736948
4033848.9914588514
4030453.878533762
5879853.6572537925
6098522.43829072
4030453.878533762
4027998.3624468553
2847875.9882353824
3275374.4680675804
4027998.3624468553
4028404.4485782417
2065619.5467283463
1477331.4527917919
4028404.4485782417
4031347.0918045766
4040239.961855267
3702094.9143223753
4031347.0918045766
4034543.505961517
6629392.125014353
6428771.01121669
4034543.505961517
4036102.462865018
6840929.698642128
7029814.467007478
7475170.201733472
4035898.402146804
2854117.631983761
3280770.8797360556
4035898.402146804
4035971.7738835043
2070827.0391384468
1481850.9980006742
4035971.7738835043
4036190.431878234
4046850.7523222454
3709334.5177048435
4036190.431878234
4035112.5209749523
6635716.702039559
6435303.41747248
4035112.5209749523
4032206.5212132907
6835848.117505981
7024876.133663047
4032206.5212132907
4028955.5592729943
4492112.942346032
4774673.566494026
4028955.5592729943
4027788.514795879
1477331.4527917919
2190846.4874448073
4027788.514795879
4029677.790206138
2623777.08226279
2065618.4519276319
4029677.790206138
4033074.803486603
5489611.3659148095
5245662.446297446
4033074.803486603
4035587.4837277024
7266290.444157231
7124410.136611484
4035587.4837277024
4036184.020875806
5887387.15888537
6105777.600010025
