4036205.0558190215
4035925.140176808
3215923.4537272686
3599964.9471178795
4035925.140176808
4035926.407797018
1775211.1206248645
1680898.9749733808
4035926.407797018
4036203.294870847
3719440.8120238297
3349116.62484854
4036203.294870847
4035335.061489444
6425947.075474815
6218790.317691361
4035335.061489444
4032580.0332448706
6975038.957738112
7160398.586343684
4032580.0332448706
4029232.8900003606
4820595.238401729
5084952.867032613
4029232.8900003606
4027773.7021327224
1676173.5655607928
2329571.734460489
4027773.7021327224
4029357.7100062543
2398244.395806636
1770373.522711009
4029357.7100062543
4032716.863911304
5196150.14020558
4937740.962886229
4032716.863911304
4035391.565060679
7204094.204942483
7019882.5641482035
4035391.565060679
4036205.0558190215
6133640.807727335
6343574.085067632
7180376.026549788
4035853.1612250446
1680898.9749733808
2332928.6473602634
4035853.1612250446
4036111.5550974463
2401773.0691224374
1775210.563292484
4036111.5550974463
4035999.51162631
5203722.87913401
4945724.23443625
4035999.51162631
4034148.9110540017
7208013.444827823
7023908.6023581205
4034148.9110540017
4030832.0830022376
6126461.977293593
6336642.826193561
4030832.0830022376
4028144.9624787043
3209229.0622186135
3594015.8608206296
4028144.9624787043
4028197.57175294
1770373.522711009
1676173.3996825085
4028197.57175294
4030970.8306107344
3713298.204362384
3342263.2933979738
4030970.8306107344
4034270.860126211
6419157.499927771
6211766.673372669
4034270.860126211
4036033.7974164104
6979357.8212352265
7164603.261178489
4036033.7974164104
4036084.6341147567
4828555.811938645
5092483.357675799
9639145.42438362
4035926.313261951
3215922.0199693507
3599965.410920369
4035926.313261951
4035924.0876631225
1775210.563292484
1680899.233237934
4035924.0876631225
4036203.2864987114
3719439.4286428853
3349116.930747338
4036203.2864987114
4035334.899817703
6425945.906153943
6218790.164362516
4035334.899817703
4032579.601554793
6975038.661460832
7160399.062857838
4032579.601554793
4029234.101444021
4820595.88542982
5084953.303612317
4029234.101444021
4027773.890512801
1676173.3996825085
2329572.2588514504
4027773.890512801
4029357.743815475
2398244.6684716875
1770372.9023302284
4029357.743815475
4032716.887602203
5196150.274773433
4937740.913631527
4032716.887602203
4035393.0880985325
7204094.120137512
7019882.879611766
4035393.0880985325
4036204.197414171
6133639.161025999
6343573.145519116
9270259.961636491
4035853.987740362
1680899.233237934
2332927.044601461
4035853.987740362
4036109.373518079
2401773.5632099304
1775212.8373489913
4036109.373518079
4035998.6467265175
5203723.112614125
4945725.077358261
4035998.6467265175
4034152.281871504
7208012.995512
7023908.935819457
4034152.281871504
4030830.0293277027
6126461.326079607
6336641.626090165
4030830.0293277027
4028145.139852744
3209229.89888171
3594015.91480314
4028145.139852744
4028197.7087981137
1770372.9023302284
1676172.462740363
4028197.7087981137
4030971.794767119
3713297.8440220784
3342263.0058159884
4030971.794767119
4034270.5609275033
6419158.216149323
6211766.39849138
4034270.5609275033
4036032.6946120444
6979357.765193962
7164603.110104488
4036032.6946120444
4036085.548696638
4828556.061515504
5092484.262557547
9374856.461846098
4035925.4087035097
3215921.434954039
3599963.582292322
4035925.4087035097
4035925.637109871
1775212.8373489913
1680899.0481828002
4035925.637109871
4036202.8104114765
3719440.6221416336
3349116.1901526535
4036202.8104114765
4035335.612616453
6425946.87711286
6218788.742874799
4035335.612616453
4032579.4364040247
6975038.073872826
7160397.538866753
4032579.4364040247
4029233.1874733213
4820595.610712734
5084952.056325748
4029233.1874733213
4027774.7072014026
1676172.462740363
2329572.2687505856
4027774.7072014026
4029356.9410503916
2398246.40724009
1770374.1316690044
4029356.9410503916
4032716.807493895
5196150.1965543805
4937741.009926633
4032716.807493895
4035393.2576741516
7204093.8904590625
7019881.50364902
4035393.2576741516
4036204.2672650144
6133639.525854903
6343571.563912384
6673492.747483837
4035852.302995761
1680899.0481828002
2332926.737164989
4035852.302995761
4036111.4383213716
2401771.951567777
1775211.1206248645
4036111.4383213716
4035999.308906453
5203721.84792699
4945725.829350481
4035999.308906453
4034149.603609594
7208011.826650978
7023909.516504997
4034149.603609594
4030831.433405429
6126460.519138547
6336642.274302525
4030831.433405429
4028146.127423934
3209229.9415946123
3594016.7567958
4028146.127423934
4028197.5796332904
1770374.1316690044
1676173.5655607928
4028197.5796332904
4030970.1939271395
3713298.5046951394
3342263.6787073296
4030970.1939271395
4034271.0408111447
6419156.694593182
6211766.672411888
4034271.0408111447
4036032.980726054
6979356.600975596
7164603.287879572
4036032.980726054
4036085.68724028
4828554.830465627
5092484.388564231
