4035739.1135575385
4036179.3931328873
5620753.318812632
5849088.308089164
4036179.3931328873
4035863.2734295754
2498586.674515196
2976622.9153965637
4035863.2734295754
4036011.0195186613
2136956.5201326045
1396251.42607576
4036011.0195186613
4036161.392717852
4373548.912975028
4063241.4770967574
4036161.392717852
4034890.14659889
6823626.5788566405
6628883.614425047
4034890.14659889
4031817.770417876
6672012.909476156
6865540.768082227
4031817.770417876
4028693.292551883
4151003.0626263865
4455228.609928682
4028693.292551883
4027865.6221253406
1391808.6415628407
2134106.957888731
4027865.6221253406
4030016.3057575175
2892622.5630463245
2397858.914768027
4030016.3057575175
4033410.468166212
5768180.117115509
5536498.231549213
4033410.468166212
4035739.1135575385
7222058.530519771
7203040.90226567
8533998.939059742
4036022.2471481008
4158630.7275918038
4462317.334174432
4036022.2471481008
4035869.616498678
1396251.42607576
2136954.922974877
4035869.616498678
4036173.5257171607
2897269.46310085
2403507.4882386406
4036173.5257171607
4035763.7600243883
5775696.338622248
5544340.955050367
4035763.7600243883
4033518.429813805
7220014.247706289
7205336.746288627
4033518.429813805
4030106.4105890165
5612962.481222725
5841614.978897464
4030106.4105890165
4027876.151119362
2492816.370546901
2971814.3218807904
4027876.151119362
4028630.9220766225
2134106.957888731
1391808.6615962721
4028630.9220766225
4031722.252523562
4366548.801512308
4055683.132666324
4031722.252523562
4034825.296883017
6817854.144150623
6622935.298561545
4034825.296883017
4036139.3183320104
6677781.331557742
6871141.337352008
12202692.890276752
4036179.8797103493
5620752.908888115
5849088.452056778
4036179.8797103493
4035862.9556261417
2498586.5765898526
2976621.547535766
4035862.9556261417
4036010.5691536344
2136954.922974877
1396252.7056376091
4036010.5691536344
4036162.080938277
4373547.745090617
4063241.3436763836
4036162.080938277
4034890.2300983667
6823626.288237094
6628883.323180263
4034890.2300983667
4031816.7653220166
6672012.031043779
6865541.005600274
4031816.7653220166
4028694.05022678
4151003.0638656486
4455229.188547382
4028694.05022678
4027865.190096598
1391808.6615962721
2134106.461409552
4027865.190096598
4030014.972893384
2892621.9237925797
2397859.0364686428
4030014.972893384
4033411.297127361
5768178.83070599
5536497.375882834
4033411.297127361
4035739.3802194563
7222058.3859279845
7203040.999766971
13077911.48067278
4036021.133472529
4158630.52341439
4462317.118797066
4036021.133472529
4035869.4568516924
1396252.7056376091
2136955.9327973183
4035869.4568516924
4036174.288954699
2897268.2020112122
2403506.2349829026
4036174.288954699
4035763.1697341916
5775697.110366251
5544342.050743689
4035763.1697341916
4033519.2044008737
7220014.551837779
7205337.3292711405
4033519.2044008737
4030106.3029786935
5612962.277042347
5841614.339237568
4030106.3029786935
4027876.5306158955
2492817.345524105
2971814.681838654
4027876.5306158955
4028630.227350998
2134106.461409552
1391808.9964890792
4028630.227350998
4031723.864036025
4366548.507317617
4055682.2154405285
4031723.864036025
4034823.8782012686
6817854.708013204
6622935.86976743
4034823.8782012686
4036139.603040312
6677781.252659273
6871142.043869333
11994923.986963242
4036180.135060659
5620753.155165696
5849087.512588996
4036180.135060659
4035863.218695076
2498587.2265894767
2976621.865124546
4035863.218695076
4036010.064991097
2136955.9327973183
1396253.2644325648
4036010.064991097
4036161.542958679
4373548.727432618
4063239.8182989224
4036161.542958679
4034891.069660469
6823626.051384415
6628881.674274242
4034891.069660469
4031816.505157195
6672011.911629684
6865539.491255967
4031816.505157195
4028693.9854850722
4151002.695801132
4455228.918591918
4028693.9854850722
4027866.2133076
1391808.9964890792
2134107.500565005
4027866.2133076
4030014.726549535
2892622.4559654933
2397859.06433596
4030014.726549535
4033411.378122107
5768179.032707801
5536496.7410671115
4033411.378122107
4035739.058072488
7222058.273945201
7203039.275863735
8111928.257415929
4036020.726965601
4158629.7908660597
4462317.707093405
4036020.726965601
4035871.0255470993
1396253.2644325648
2136956.5201326045
4035871.0255470993
4036173.5883433996
2897269.078042874
2403507.4010316087
4036173.5883433996
4035763.950902129
5775694.702769595
5544342.001866161
4035763.950902129
4033518.396084477
7220012.87680504
7205337.143341881
4033518.396084477
4030106.3324667215
5612961.830246764
5841615.268298554
4030106.3324667215
4027876.5428048866
2492816.2591949967
2971814.8975829096
4027876.5428048866
4028630.600577071
2134107.500565005
1391808.6415628407
4028630.600577071
4031723.407566949
4366548.502275553
4055683.386368123
4031723.407566949
4034824.0920308023
6817853.366142988
6622936.464480923
4034824.0920308023
4036140.288216663
6677780.721463854
6871142.075852138
