4036019.874890221
4035871.831257777
1395494.208933904
2136460.2841692013
4035871.831257777
4036162.238658322
2911215.3110536532
2420299.8466026955
4036162.238658322
4035770.660077718
5788819.1020564595
5558011.832182709
4035770.660077718
4033500.6834864207
7217143.862414169
7208451.600859165
4033500.6834864207
4030090.728826927
5599484.961353406
5828664.518792483
4030090.728826927
4027873.2266983613
2475855.476321366
2957602.2827971806
4027873.2266983613
4028640.265198316
2133612.8650650945
1391048.444163812
4028640.265198316
4031742.964790151
4382328.386462045
4072666.678267704
4031742.964790151
4034836.3576575276
6826451.7143268185
6631783.101730112
4034836.3576575276
4036139.000580021
6669226.356567869
6862826.078105658
4036139.000580021
4036019.874890221
4141742.5023824023
4446583.341723916
5865090.923129184
4036012.2373156976
2136460.2841692013
1395492.9728796894
4036012.2373156976
4036160.516832837
4389345.623474916
4080239.325662631
4036160.516832837
4034878.3223054805
6832194.066132782
6637700.723136935
4034878.3223054805
4031797.915358784
6663425.015368694
6857196.1916945875
4031797.915358784
4028684.0756425275
4134127.5751034976
4439509.402365216
4028684.0756425275
4027866.7908831406
1391048.444163812
2133612.6426363103
4027866.7908831406
4030017.4110792605
2906539.1437200704
2414627.9196081576
4030017.4110792605
4033443.268706181
5781306.36551199
5550173.84145083
4033443.268706181
4035744.6010864647
7219232.7587908665
7206198.616136307
4035744.6010864647
4036182.455417141
5607283.800500001
5836146.728166799
4036182.455417141
4035860.7114850706
2481602.648274825
2962377.3263108744
5838838.142140168
4035871.427845916
1395492.9728796894
2136459.940893039
4035871.427845916
4036161.8907392235
2911216.70279872
2420299.8383798636
4036161.8907392235
4035769.688207892
5788819.101935099
5558011.143845746
4035769.688207892
4033501.3265244192
7217143.833267008
7208450.683517686
4033501.3265244192
4030091.3458299823
5599483.834149456
5828664.221318169
4030091.3458299823
4027873.177771218
2475854.916691215
2957600.9603304225
4027873.177771218
4028639.067874715
2133612.6426363103
1391050.3222741217
4028639.067874715
4031743.4476967286
4382328.158866795
4072666.51824366
4031743.4476967286
4034836.6902450714
6826451.343166541
6631783.543631534
4034836.6902450714
4036139.8244939367
6669226.1691964455
6862826.376748591
4036139.8244939367
4036019.7724123076
4141741.654835139
4446582.043096776
4161106.0674975216
4036011.8329248964
2136459.940893039
1395493.4610212035
4036011.8329248964
4036161.8738354635
4389344.4994107215
4080237.7910821764
4036161.8738354635
4034876.470613564
6832193.969176851
6637701.624836321
4034876.470613564
4031797.2882603835
6663425.637243537
6857196.193110005
4031797.2882603835
4028683.9398141545
4134127.769045553
4439510.677635153
4028683.9398141545
4027868.7217528075
1391050.3222741217
2133612.860773906
4027868.7217528075
4030016.7725744448
2906539.58737923
2414629.1200900553
4030016.7725744448
4033443.9815006536
5781306.796663746
5550174.2773834085
4033443.9815006536
4035744.386746441
7219232.793171063
7206198.934100416
4035744.386746441
4036180.978735731
5607283.992443849
5836146.408822512
4036180.978735731
4035862.3172080857
2481603.7472270955
2962378.316378492
5391580.517749178
4035871.9172589197
1395493.4610212035
2136459.1546539976
4035871.9172589197
4036160.1335315406
2911216.78849314
2420301.9416534067
4036160.1335315406
4035771.6206025854
5788818.3808676265
5558009.581103732
4035771.6206025854
4033500.7782124267
7217143.959862432
7208449.709306743
4033500.7782124267
4030091.6560017685
5599484.073351397
5828662.623671752
4030091.6560017685
4027872.523052442
2475855.043320445
2957601.0904476466
4027872.523052442
4028639.0641141227
2133612.860773906
1391049.7791250926
4028639.0641141227
4031743.7004212155
4382327.974516341
4072665.8045172673
4031743.7004212155
4034836.6965098707
6826451.574329132
6631782.386225026
4034836.6965098707
4036139.8476285213
6669225.895233726
6862825.288069509
4036139.8476285213
4036019.937495044
4141742.816637822
4446582.440181954
5232542.853695482
4036011.812670687
2136459.1546539976
1395494.208933904
4036011.812670687
4036160.5902585606
4389345.464267558
4080238.8228730885
4036160.5902585606
4034877.9171728934
6832192.287417644
6637700.901731013
4034877.9171728934
4031797.9967155964
6663424.176669093
6857196.667214762
4031797.9967155964
4028683.235365748
4134126.046025317
4439510.0385364955
4028683.235365748
4027868.3281328497
1391049.7791250926
2133612.8650650945
4027868.3281328497
4030016.992461066
2906539.079347662
2414628.4020049996
4030016.992461066
4033443.8997351257
5781305.46975203
5550174.548150333
4033443.8997351257
4035744.5819197586
7219231.373514704
7206199.56648866
4035744.5819197586
4036180.846288415
5607283.143404785
5836146.832554164
4036180.846288415
4035862.131581538
2481604.107313296
2962378.445205943
