4035914.2203302938
4035949.318797554
1879132.3669323097
1596086.2828386952
4035949.318797554
4036186.9842569567
3840736.359265861
3483320.908297174
4036186.9842569567
4035261.4280567374
6506285.909315315
6301765.00950548
4035261.4280567374
4032440.934971475
6926293.48239974
7112921.966567871
4032440.934971475
4029134.7441637088
4700286.872870155
4971038.997294916
4029134.7441637088
4027769.992886999
1591456.181503751
2269372.863932498
4027769.992886999
4029472.0979215056
2475862.699132851
1874170.5908235114
4029472.0979215056
4032849.9058824237
5306682.662721413
5053923.255871092
4032849.9058824237
4035477.596352688
7244826.535566048
7061675.625104394
4035477.596352688
4036190.3670045333
6044692.565302083
6257603.24923706
4036190.3670045333
4035914.2203302938
3081365.004818137
3480283.3674343154
5548634.497421672
4036124.7589187576
2479576.92172365
1879132.8030799374
4036124.7589187576
4035964.325956755
5314277.502260761
5061913.598600311
4035964.325956755
4034047.206716445
7248448.764131591
7065396.315276107
4034047.206716445
4030681.814339003
6037370.172927155
6250540.626047321
4030681.814339003
4028088.6677811793
3074836.8238314544
3474533.4801446097
4028088.6677811793
4028276.656102483
1874170.5908235114
1591454.914196146
4028276.656102483
4031095.2160480455
3834411.3981076516
3476316.618380044
4031095.2160480455
4034384.100582413
6499656.868329057
6294912.756716793
4034384.100582413
4036058.160793672
6930902.127150115
7117406.934769021
4036058.160793672
4036086.0612828084
4708215.5295253005
4978518.691153758
4036086.0612828084
4035840.30237734
1596086.2828386952
2272572.861238302
4058626.6589847812
4035950.013619354
1879132.8030799374
1596086.7384862832
4035950.013619354
4036187.328951738
3840737.045545897
3483320.226139239
4036187.328951738
4035260.8324069413
6506286.470111873
6301765.6104587
4035260.8324069413
4032440.825358864
6926292.943666152
7112922.330755469
4032440.825358864
4029136.0408273167
4700287.185459766
4971039.402202823
4029136.0408273167
4027768.445475659
1591454.914196146
2269371.8984659887
4027768.445475659
4029471.777375159
2475862.3946718737
1874169.7569685522
4029471.777375159
4032850.668689713
5306681.764114488
5053922.002325139
4032850.668689713
4035478.668609167
7244826.086639039
7061675.7989469655
4035478.668609167
4036188.1686313553
6044690.785902031
6257602.237997632
4036188.1686313553
4035915.290140496
3081365.092408076
3480284.238024303
1694228.8554509007
4036125.9831395564
2479576.0678870594
1879131.7490877768
4036125.9831395564
4035964.8388513075
5314277.072623819
5061913.432925062
4035964.8388513075
4034046.328130975
7248449.047271444
7065396.011047398
4034046.328130975
4030682.717893346
6037371.000826977
6250541.3366321735
4030682.717893346
4028088.471464516
3074837.599881303
3474534.5106474156
4028088.471464516
4028277.091019939
1874169.7569685522
1591454.57871769
4028277.091019939
4031095.346267985
3834411.9123063954
3476317.981687575
4031095.346267985
4034382.5792791992
6499656.889689651
6294912.917533451
4034382.5792791992
4036058.2866365598
6930902.7212801
7117407.170573124
4036058.2866365598
4036086.6181622986
4708215.099245315
4978519.708806628
4036086.6181622986
4035839.8755234447
1596086.7384862832
2272573.670019309
3383820.492137853
4035948.78215022
1879131.7490877768
1596086.6331834286
4035948.78215022
4036188.2893145955
3840736.2890219777
3483319.5969957914
4036188.2893145955
4035261.270640669
6506286.167372852
6301765.065608126
4035261.270640669
4032440.248130111
6926292.775412968
7112920.455522383
4032440.248130111
4029135.4224429037
4700286.866855313
4971038.236617385
4029135.4224429037
4027769.323606178
1591454.57871769
2269372.2025391944
4027769.323606178
4029472.0485124197
2475863.473243981
1874170.668103695
4029472.0485124197
4032850.189569461
5306682.694356905
5053922.505764742
4032850.189569461
4035478.4833647436
7244826.703417296
7061674.678276241
4035478.4833647436
4036188.2663901043
6044691.488122339
6257600.742154424
4036188.2663901043
4035915.888969283
3081365.3128439267
3480282.7336963317
4875251.105900834
4036124.836023272
2479576.5650367984
1879132.3669323097
4036124.836023272
4035964.3749354323
5314276.398461594
5061912.7150094975
4035964.3749354323
4034048.0271274527
7248447.943809095
7065396.113714226
4034048.0271274527
4030681.4122680766
6037368.652290304
6250540.67335306
4030681.4122680766
4028089.117287891
3074836.323998274
3474534.1434335685
4028089.117287891
4028276.9773866446
1874170.668103695
1591456.181503751
4028276.9773866446
4031095.2390576885
3834411.317460629
3476317.839358595
4031095.2390576885
4034382.975842875
6499656.221402115
6294913.301637938
4034382.975842875
4036058.525626634
6930901.499338279
7117407.84388084
4036058.525626634
4036086.309108154
4708213.763225089
4978519.415527817
4036086.309108154
4035840.1285735145
1596086.6331834286
2272572.9999104748
