4035230.9181902427
4036198.82594283
6332387.463614721
6535950.7605136335
4036198.82594283
4035942.397927783
3534001.231127067
3886759.746416275
4035942.397927783
4035911.087912268
1567124.5757581382
1920433.6447936457
4035911.087912268
4036201.1960100685
3435285.690871328
3030455.6347198077
4036201.1960100685
4035500.521215826
6224342.216407206
6010254.758105743
4035500.521215826
4032890.084150701
7076580.235784268
7259354.969393747
4032890.084150701
4029515.91270932
5097347.861389975
5348059.530481047
4029515.91270932
4027783.2932817554
1915422.61744618
2507235.3904234464
4027783.2932817554
4029097.155905208
2249177.5794041087
1562520.2189794718
4029097.155905208
4032376.7066139868
4927507.2443154035
4654223.086297178
4032376.7066139868
4035230.9181902427
7094066.5900007505
6906929.239745147
8852136.205700519
4036131.5231723045
5105332.740545735
5355657.46090422
4036131.5231723045
4035853.4499666626
1920433.6447936457
2511022.274361835
4035853.4499666626
4036079.068751019
2252328.909195477
1567124.592544535
4036079.068751019
4036056.9288436705
4934965.732060156
4662138.174635207
4036056.9288436705
4034420.8244504486
7098656.847461636
6911649.371110031
4034420.8244504486
4031159.5002979524
6325606.943599906
6529390.2627326185
4031159.5002979524
4028291.3840708258
3526947.6847270858
3880373.037947902
4028291.3840708258
4028070.1030910998
1562520.2189794718
1915423.706393159
4028070.1030910998
4030641.1792461597
3429610.912320758
3023987.0156537546
4030641.1792461597
4034007.138426183
6217228.097767547
6002878.336186237
4034007.138426183
4035936.7308435757
7080179.02348519
7262859.2980485875
12602432.216150424
4036198.3472200497
6332387.978913025
6535951.567971862
4036198.3472200497
4035942.58431359
3533999.8580531967
3886759.638065378
4035942.58431359
4035911.5462454814
1567124.592544535
1920433.6856649318
4035911.5462454814
4036201.0668536755
3435285.6824781736
3030455.584095288
4036201.0668536755
4035500.9345746655
6224342.302720475
6010253.959263434
4035500.9345746655
4032888.926723877
7076580.068259787
7259354.497802721
4032888.926723877
4029515.5295026125
5097347.873294028
5348059.254616724
4029515.5295026125
4027784.3398252665
1915423.706393159
2507236.531019062
4027784.3398252665
4029096.9497592836
2249177.6626215107
1562520.3738092706
4029096.9497592836
4032374.939691924
4927506.777072635
4654223.3380192425
4032374.939691924
4035232.21638771
7094065.314393914
6906928.012735673
13898687.616921205
4036130.392197136
5105332.976789572
5355656.391668217
4036130.392197136
4035854.248554078
1920433.6856649318
2511021.4863612405
4035854.248554078
4036077.4846515507
2252329.614613639
1567126.2609837293
4036077.4846515507
4036056.899016349
4934964.550354776
4662138.085987362
4036056.899016349
4034423.377280327
7098655.518108783
6911648.987350973
4034423.377280327
4031157.8520215815
6325605.655947937
6529389.841245837
4031157.8520215815
4028292.3720283294
3526947.833925297
3880373.618160265
4028292.3720283294
4028070.171799398
1562520.3738092706
1915423.3399140106
4028070.171799398
4030640.2153832386
3429610.4318933063
3023986.8426089473
4030640.2153832386
4034006.965848364
6217227.399178148
6002877.0480156895
4034006.965848364
4035938.4524460705
7080178.988108735
7262859.564759083
12401341.328781819
4036198.718340071
6332387.230254468
6535950.51533717
4036198.718340071
4035941.3779409206
3534000.326718191
3886757.7705788244
4035941.3779409206
4035911.698449109
1567126.2609837293
1920433.5361683066
4035911.698449109
4036201.79972308
3435285.2813392277
3030453.895951348
4036201.79972308
4035501.953901286
6224341.7572856005
6010253.665236905
4035501.953901286
4032889.242278447
7076580.120086867
7259353.230807218
4032889.242278447
4029515.124115503
5097348.51237786
5348058.493000266
4029515.124115503
4027784.5835024104
1915423.3399140106
2507236.671064026
4027784.5835024104
4029096.8781716106
2249178.342446442
1562520.4385929944
4029096.8781716106
4032374.7228561
4927506.254173476
4654222.693892135
4032374.7228561
4035231.722276058
7094065.189339191
6906927.168911863
8445912.873699747
4036130.861499325
5105332.069191585
5355656.742157195
4036130.861499325
4035853.5470697484
1920433.5361683066
2511022.443847339
4035853.5470697484
4036078.6741811777
2252329.4222400757
1567124.5757581382
4036078.6741811777
4036057.2909840215
4934963.972226807
4662138.097821233
4036057.2909840215
4034420.545017691
7098655.732801463
6911649.383383654
4034420.545017691
4031158.864541157
6325605.420109242
6529390.34628967
4031158.864541157
4028292.740127331
3526947.81434581
3880373.508379984
4028292.740127331
4028069.595231792
1562520.4385929944
1915422.61744618
4028069.595231792
4030641.482855319
3429609.846124228
3023986.944634243
4030641.482855319
4034006.408568929
6217227.647272715
6002878.603509551
4034006.408568929
4035938.556986838
7080177.98015282
7262859.976536694
