4036104.8929893603
4036058.8553190646
4471514.374514187
4755275.535303197
4036058.8553190646
4035844.7632937087
1469717.707305014
2185667.8032309213
4035844.7632937087
4036149.105067081
2649198.424135833
2097864.0997909713
4036149.105067081
4035888.887345354
5521404.74965049
5278936.8154933285
4035888.887345354
4033821.103320372
7262375.84785357
7135189.052856457
4033821.103320372
4030421.5351790013
5858021.148470989
6077474.321063459
4030421.5351790013
4027989.115868282
2817455.3006018125
3248956.8770108307
4027989.115868282
4028420.9081617165
2092620.448078512
1465212.6707598309
4028420.9081617165
4031381.3820610275
4067963.552900571
3732328.9531790167
4031381.3820610275
4034566.5494940677
6646211.610655913
6446113.24203952
4034566.5494940677
4036104.8929893603
6828061.703597202
7017293.076485051
7914925.496769618
4035896.50416354
2823655.855810048
3254304.3768422427
4035896.50416354
4035975.037729696
2097864.0997909713
1469720.0810612608
4035975.037729696
4036188.9317481704
4074611.6209847457
3739600.043131639
4036188.9317481704
4035093.7398144095
6652493.252681689
6452597.31398306
4035093.7398144095
4032174.4886472393
6822920.734946398
7012295.964641006
4032174.4886472393
4028932.4789764252
4463685.20822244
4747935.143181576
4028932.4789764252
4027793.395579927
1465212.6707598309
2182692.817695001
4027793.395579927
4029705.443124133
2645089.2085925774
2092620.2669262898
4029705.443124133
4033104.921459108
5513807.184677711
5270976.69782181
4033104.921459108
4035600.628711783
7263571.760182735
7132077.671419377
4035600.628711783
4036183.4029706074
5865580.75641181
6084751.905046121
11150033.424400032
4036056.4024945097
4471511.989214295
4755275.3108605305
4036056.4024945097
4035846.663862286
1469720.0810612608
2185668.772821269
4035846.663862286
4036148.5594943766
2649198.035714783
2097864.1831283057
4036148.5594943766
4035888.6283440804
5521403.9876887575
5278936.6322328765
4035888.6283440804
4033821.8492727214
7262376.216293462
7135188.468945309
4033821.8492727214
4030422.3742529065
5858021.454149622
6077474.545326738
4030422.3742529065
4027987.8329665693
2817454.4257581667
3248955.892607991
4027987.8329665693
4028422.0105969883
2092620.2669262898
1465211.2343381478
4028422.0105969883
4031379.381782615
4067965.226474779
3732329.73681566
4031379.381782615
4034566.9485279024
6646210.971224073
6446113.318977715
4034566.9485279024
4036107.533915907
6828062.796784681
7017293.9899502685
11414465.510899112
4035895.61295659
2823655.8506637663
3254303.8642270765
4035895.61295659
4035975.3409321257
2097864.1831283057
1469719.233968558
4035975.3409321257
4036190.3246478178
4074610.893239516
3739598.529049413
4036190.3246478178
4035090.7440410145
6652494.181232905
6452597.60370914
4035090.7440410145
4032175.9643359245
6822921.151391119
7012295.835680885
4032175.9643359245
4028933.3272488825
4463684.740560321
4747934.744323672
4028933.3272488825
4027792.099736347
1465211.2343381478
2182692.128568547
4027792.099736347
4029705.68336648
2645089.3288635355
2092619.8616176909
4029705.68336648
4033105.0160513697
5513807.422999339
5270976.087388787
4033105.0160513697
4035601.030643608
7263572.1546557145
7132077.908788248
4035601.030643608
4036183.5473162252
5865581.203102027
6084751.345243706
10922306.51007905
4036056.7553595398
4471511.550094784
4755273.324604482
4036056.7553595398
4035846.684771394
1469719.233968558
2185668.8574919407
4035846.684771394
4036149.2085329923
2649198.5830290676
2097864.416277807
4036149.2085329923
4035887.230749498
5521404.860807104
5278936.692913008
4035887.230749498
4033821.3822398856
7262376.336363266
7135186.955378997
4033821.3822398856
4030422.399963086
5858021.383882368
6077474.564924977
4030422.399963086
4027989.002621997
2817454.9874555836
3248956.1120485733
4027989.002621997
4028422.115922518
2092619.8616176909
1465212.3433559895
4028422.115922518
4031379.460546926
4067964.989964085
3732330.7614947986
4031379.460546926
4034566.687403943
6646211.038604388
6446111.987273099
4034566.687403943
4036107.2874419945
6828062.585121955
7017293.21022847
7458017.535395773
4035895.265803638
2823654.5248958287
3254304.4928474682
4035895.265803638
4035975.2878477834
2097864.416277807
1469717.707305014
4035975.2878477834
4036188.9163043066
4074611.863682919
3739599.1524014142
4036188.9163043066
4035093.4472553693
6652492.430771253
6452597.949647123
4035093.4472553693
4032174.795497074
6822919.731024688
7012295.955496597
4032174.795497074
4028932.402660317
4463684.867353383
4747934.740246692
4028932.402660317
4027792.9192755646
1465212.3433559895
2182692.271774442
4027792.9192755646
4029705.039533977
2645089.266673457
2092620.448078512
4029705.039533977
4033105.453718248
5513806.48095758
5270975.854919588
4033105.453718248
4035600.6940942355
7263570.689557435
7132078.378704126
4035600.6940942355
4036184.0246222205
5865580.710093977
6084751.643347702
