4035985.463536953
4036115.4907029923
4995060.204648614
5250636.289057985
4036115.4907029923
4035841.8896426563
1818132.3443698257
2433671.120894952
4035841.8896426563
4036093.448386174
2306253.6068277485
1643684.2050103957
4036093.448386174
4036042.611934475
5044548.693553725
4777976.454463153
4036042.611934475
4034318.017464619
7145081.6433751695
6959317.99380899
4034318.017464619
4031015.333301664
6247254.747927975
6453508.76746722
4031015.333301664
4028237.34730034
3398939.8238557028
3764397.1687684064
4028237.34730034
4028121.197664012
1638996.6244761324
1813246.3018143126
4028121.197664012
4030777.0603661058
3543412.919886309
3152456.60757226
4030777.0603661058
4034100.069654147
6300616.838043617
6089194.384238965
4034100.069654147
4035985.463536953
7041859.76875569
7225507.130004187
8206972.763880355
4035942.7983496776
3405852.533311025
3770613.4395017936
4035942.7983496776
4035920.984184461
1643684.2050103957
1818131.1131319625
4035920.984184461
4036203.110897411
3549282.875764316
3159085.2231518603
4036203.110897411
4035424.3033371195
6307605.448915274
6096436.2012596885
4035424.3033371195
4032772.0170318563
7037964.42522781
7221714.586677471
4032772.0170318563
4029404.285816624
4987076.988753532
5243055.540443467
4029404.285816624
4027763.393872239
1813246.3018143126
2430067.997601758
4027763.393872239
4029200.3962410013
2302962.628752412
1638996.4045909408
4029200.3962410013
4032520.9664013674
5037032.710279888
4770024.145314825
4032520.9664013674
4035305.7150302674
7140754.438659732
6954872.339720182
4035305.7150302674
4036190.0005391445
6254204.403054108
6460228.164106084
11675746.269221878
4036117.3401288497
4995060.99132199
5250636.618971015
4036117.3401288497
4035840.7628691318
1818131.1131319625
2433669.4810465802
4035840.7628691318
4036092.7983174482
2306253.5696053607
1643684.7049015458
4036092.7983174482
4036041.956411744
5044548.051136311
4777976.279477494
4036041.956411744
4034318.3335205
7145081.186413024
6959318.129797023
4034318.3335205
4031015.660412235
6247254.954874493
6453508.151634257
4031015.660412235
4028236.401356015
3398938.9919527415
3764397.197245646
4028236.401356015
4028122.678257789
1638996.4045909408
1813246.0455797997
4028122.678257789
4030775.4431078513
3543413.8463961273
3152457.025821905
4030775.4431078513
4034100.0811674297
6300615.125631546
6089193.579296511
4034100.0811674297
4035986.1734305765
7041859.928356326
7225507.408911054
12211712.141322376
4035943.1397813982
3405852.6465455685
3770613.903840113
4035943.1397813982
4035920.498009992
1643684.7049015458
1818131.1280559925
4035920.498009992
4036201.83033628
3549282.0002758615
3159085.4227884533
4036201.83033628
4035424.4076457242
6307604.916840474
6096434.937316206
4035424.4076457242
4032773.5101649957
7037964.492538075
7221714.340146881
4032773.5101649957
4029403.089518347
4987076.7030173475
5243055.498397095
4029403.089518347
4027764.6267065434
1813246.0455797997
2430069.049199451
4027764.6267065434
4029200.520525511
2302964.2192543056
1638996.5984828854
4029200.520525511
4032519.8694749363
5037032.474860891
4770024.039199089
4032519.8694749363
4035307.228449401
7140754.735080726
6954871.573008086
4035307.228449401
4036188.741483209
6254203.8068728
6460227.395000992
11458449.885853488
4036117.3686550506
4995061.048442595
5250636.284015508
4036117.3686550506
4035839.355267447
1818131.1280559925
2433669.550232747
4035839.355267447
4036094.785188894
2306252.048123928
1643683.2909013086
4036094.785188894
4036041.478351305
5044548.240623354
4777976.48627492
4036041.478351305
4034317.475966077
7145081.290356887
6959316.868824469
4034317.475966077
4031016.0687724296
6247255.387769085
6453508.573609963
4031016.0687724296
4028237.848450926
3398939.476711433
3764397.0154037206
4028237.848450926
4028122.2820364917
1638996.5984828854
1813245.7971742277
4028122.2820364917
4030774.919566929
3543413.8672268176
3152457.265910872
4030774.919566929
4034100.4707835503
6300615.0757387765
6089192.182934757
4034100.4707835503
4035986.042744496
7041859.9895350095
7225506.570020409
7767210.664997162
4035943.0130153173
3405852.670041128
3770613.65979489
4035943.0130153173
4035921.1226639957
1643683.2909013086
1818132.3443698257
4035921.1226639957
4036203.4468329987
3549281.046340794
3159084.7692774236
4036203.4468329987
4035424.20437279
6307605.389832323
6096437.066657167
4035424.20437279
4032771.8965152795
7037963.245666856
7221714.825667846
4032771.8965152795
4029404.140067465
4987076.568730972
5243055.868303239
4029404.140067465
4027763.6220640754
1813245.7971742277
2430068.0476858756
4027763.6220640754
4029200.639271428
2302963.1412886106
1638996.6244761324
4029200.639271428
4032520.820400381
5037032.026444222
4770024.373728625
4032520.820400381
4035306.316232349
7140753.471202704
6954872.020231856
4035306.316232349
4036189.0399213214
6254203.429268241
6460227.923558319
