4036188.945338969
4035974.5851534773
3735094.6433319338
4070473.7872775863
4035974.5851534773
4035884.2713391627
1471474.8755349277
2093832.7039231937
4035884.2713391627
4036197.294328076
3258228.614779368
2828180.0194247714
4036197.294328076
4035595.792441646
6087893.971801549
5868840.572396317
4035595.792441646
4033101.3279444454
7130950.013379832
7263989.969754196
4033101.3279444454
4029687.069262602
5267216.271495272
5510212.3016952155
4029687.069262602
4027803.215208505
2088597.850637764
2641909.862149865
4027803.215208505
4028939.0701747285
2183867.2350235144
1466962.8670315542
4028939.0701747285
4032181.6938415263
4751919.847737823
4467920.865806594
4032181.6938415263
4035094.3970421134
7014180.191469051
6824856.7792501
4035094.3970421134
4036188.945338969
6450030.451602886
6650003.797868499
7487980.236411836
4035859.3946578815
2093832.7039231937
2646010.298124394
4035859.3946578815
4036056.740495445
2186849.3301467984
1471473.5377634428
4036056.740495445
4036105.5720568337
4759266.173075146
4475752.905014662
4036105.5720568337
4034565.7268023673
7019170.674298749
6829991.165720154
4034565.7268023673
4031371.765133264
6443541.735127106
6643716.664452079
4031371.765133264
4028416.7167868936
3727833.2948789434
4063836.745008623
4028416.7167868936
4027979.2957285666
1466962.8670315542
2088597.8324295778
4027979.2957285666
4030439.2830983656
3252869.859952271
2821968.7341037034
4030439.2830983656
4033824.9903647304
6080615.369742892
5861279.239595335
4033824.9903647304
4035894.689255222
7134068.531495389
7262803.002940946
4035894.689255222
4036133.2239827695
5275172.829013473
5517804.728496015
10304965.948438881
4035975.0144461454
3735095.23471125
4070474.358826751
4035975.0144461454
4035883.055504942
1471473.5377634428
2093831.9923779701
4035883.055504942
4036197.0548706334
3258228.0829368215
2828180.769096209
4036197.0548706334
4035595.778094659
6087893.503498557
5868840.103049603
4035595.778094659
4033101.2174089975
7130949.170755825
7263989.940949518
4033101.2174089975
4029688.1741719637
5267216.345354474
5510212.946057856
4029688.1741719637
4027803.126757532
2088597.8324295778
2641909.654843768
4027803.126757532
4028938.509992724
2183867.598350974
1466962.6667799654
4028938.509992724
4032181.10234769
4751920.09005664
4467921.09329045
4032181.10234769
4035094.8352093576
7014178.7390300315
6824856.236824965
4035094.8352093576
4036190.2575671524
6450030.323503584
6650003.751083205
10197296.152162189
4035859.7874074103
2093831.9923779701
2646008.872276975
4035859.7874074103
4036055.6118114796
2186849.969186158
1471475.0148491415
4036055.6118114796
4036105.7625703197
4759267.387513272
4475753.113700534
4036105.7625703197
4034565.92088371
7019170.547289958
6829991.131919428
4034565.92088371
4031370.667258877
6443541.136915143
6643715.521499386
4031370.667258877
4028418.0740276366
3727834.1795448693
4063836.8427248304
4028418.0740276366
4027978.266349917
1466962.6667799654
2088597.8982672053
4027978.266349917
4030439.687088217
3252870.200683155
2821968.6281414325
4030439.687088217
4033825.780540126
6080615.468829507
5861279.735694949
4033825.780540126
4035893.082276433
7134068.276480419
7262803.254109656
4035893.082276433
4036135.0930916066
5275173.040208235
5517805.637826364
10058160.47452855
4035974.761774994
3735094.1580996197
4070473.9367131554
4035974.761774994
4035883.4683539355
1471475.0148491415
2093831.9332263828
4035883.4683539355
4036196.5336123765
3258228.461208905
2828180.492574983
4036196.5336123765
4035596.8473211657
6087893.279346624
5868839.190348886
4035596.8473211657
4033100.3710854645
7130948.996712798
7263989.029910301
4033100.3710854645
4029688.3244349197
5267215.515772823
5510211.59304249
4029688.3244349197
4027803.3295410266
2088597.8982672053
2641909.7708977023
4027803.3295410266
4028937.604985277
2183867.238488812
1466962.945261421
4028937.604985277
4032181.6302078217
4751919.174014964
4467920.540516912
4032181.6302078217
4035095.168195262
7014179.2157166945
6824854.712445641
4035095.168195262
4036189.9054145655
6450030.929217457
6650002.606641096
7003345.677209708
4035858.7669046116
2093831.9332263828
2646008.4866025797
4035858.7669046116
4036056.490491407
2186849.042642704
1471474.8755349277
4036056.490491407
4036105.4130574344
4759266.302542896
4475754.588541815
4036105.4130574344
4034565.1469690143
7019169.61415029
6829991.294732699
4034565.1469690143
4031372.6629335517
6443540.8165576765
6643716.68232127
4031372.6629335517
4028416.9806594895
3727832.7284291596
4063837.1273863628
4028416.9806594895
4027979.0246430887
1466962.945261421
2088597.850637764
4027979.0246430887
4030440.01342203
3252870.014474934
2821968.8470122404
4030440.01342203
4033824.723134562
6080614.600351617
5861280.53552807
4033824.723134562
4035893.3961391062
7134067.132243422
7262803.465054595
4035893.3961391062
4036135.3880746104
5275172.441374938
5517805.882932805
