4035651.8994734143
4036191.228222035
5781205.330367743
6003450.504472727
4036191.228222035
4035875.951440979
2708120.556703746
3154570.2976845307
4035875.951440979
4035988.1880387035
2160100.904794127
1431424.0208982015
4035988.1880387035
4036180.5998208197
4180232.0022718664
3854405.790159064
4036180.5998208197
4035032.1601078734
6714931.609646437
6516947.515479975
4035032.1601078734
4032041.2700075204
6772068.211732166
6962822.051373439
4032041.2700075204
4028846.407433123
4354607.955473098
4645531.131202165
4028846.407433123
4027822.533844229
1426950.6496070782
2157191.5232207812
4027822.533844229
4029812.6359116677
2728921.162803209
2197620.3833109317
4029812.6359116677
4033205.519446098
5604959.835069963
5366247.407514624
4033205.519446098
4035651.8994734143
7251475.2139447415
7159575.058245055
8612148.361668715
4036045.398224081
4362372.688362016
4652793.579421593
4036045.398224081
4035862.045567914
1431424.0208982015
2160101.5502932523
4035862.045567914
4036157.6234366186
2733217.8719100896
2203001.7206106037
4036157.6234366186
4035839.428387831
5612538.8242636435
5374176.807582868
4035839.428387831
4033716.747387963
7249977.500362223
7162403.290546891
4033716.747387963
4030315.9181422507
5773553.098998592
5996094.0782748675
4030315.9181422507
4027937.581668308
2702069.2539253193
3149411.8421510668
4027937.581668308
4028493.968496848
2157191.5232207812
1426950.6268117689
4028493.968496848
4031498.7425671523
4173452.6765371473
3847027.9413771806
4031498.7425671523
4034670.321064366
6708819.3886427125
6510643.947528567
4034670.321064366
4036110.1209404264
6777437.327672956
6968038.872434162
12315351.669340935
4036191.563529358
5781205.586859919
6003451.428311014
4036191.563529358
4035875.6363897254
2708119.3733175797
3154570.1662889086
4035875.6363897254
4035987.7523712134
2160101.5502932523
1431424.0212355515
4035987.7523712134
4036180.2950607818
4180231.38150529
3854405.6196395652
4036180.2950607818
4035032.552545255
6714930.54930293
6516948.144302748
4035032.552545255
4032040.919691563
6772067.288261166
6962821.965828508
4032040.919691563
4028845.798849824
4354608.025256482
4645530.822863438
4028845.798849824
4027823.008650978
1426950.6268117689
2157191.1174785835
4027823.008650978
4029813.086545899
2728921.8756314595
2197620.6782373074
4029813.086545899
4033205.8792957575
5604960.698259187
5366247.943193995
4033205.8792957575
4035651.440137611
7251474.218181282
7159576.351145452
13281353.527179157
4036044.40103589
4362373.034019911
4652791.952312312
4036044.40103589
4035861.9475085456
1431424.0212355515
2160099.972980251
4035861.9475085456
4036158.7526185517
2733217.8859474356
2203003.0714669917
4036158.7526185517
4035839.087661848
5612539.932993149
5374177.531485923
4035839.087661848
4033715.009303482
7249977.271390537
7162403.508548541
4033715.009303482
4030316.9433065564
5773552.9458945785
5996094.190060505
4030316.9433065564
4027936.7299997634
2702069.6349716126
3149411.13057924
4027936.7299997634
4028494.598770225
2157191.1174785835
1426950.4126388512
4028494.598770225
4031498.1119864346
4173452.7526325476
3847028.461096142
4031498.1119864346
4034670.2601386094
6708819.462874363
6510643.664470717
4034670.2601386094
4036112.0524573945
6777438.233303619
6968039.849232282
12109510.480901174
4036191.5610629977
5781205.117628666
6003450.613290519
4036191.5610629977
4035874.438295738
2708118.683003266
3154569.127704532
4035874.438295738
4035988.902425036
2160099.972980251
1431424.196924343
4035988.902425036
4036180.571335657
4180231.6002729535
3854405.0296763238
4036180.571335657
4035031.2618324854
6714930.402837051
6516946.609054709
4035031.2618324854
4032042.216589642
6772067.574496433
6962821.230116895
4032042.216589642
4028845.5332926195
4354607.816495753
4645531.046113803
4028845.5332926195
4027823.2889008233
1426950.4126388512
2157191.502614641
4027823.2889008233
4029813.1406315076
2728922.4913550643
2197620.7600635183
4029813.1406315076
4033205.975878355
5604960.663656969
5366247.375557045
4033205.975878355
4035651.5467104567
7251474.497725439
7159574.605969617
8194088.709174503
4036044.942764447
4362372.729824462
4652792.714921431
4036044.942764447
4035861.622637712
1431424.196924343
2160100.904794127
4035861.622637712
4036157.9776935163
2733216.832775413
2203001.581203185
4036157.9776935163
4035839.5119118947
5612538.193723708
5374177.5817742385
4035839.5119118947
4033716.223276369
7249976.12340445
7162404.270079367
4033716.223276369
4030315.8983796686
5773551.883376676
5996094.7660012
4030315.8983796686
4027938.1690385942
2702070.452542492
3149412.7510338016
4027938.1690385942
4028493.7473306437
2157191.502614641
1426950.6496070782
4028493.7473306437
4031498.1977968733
4173451.66731507
3847027.6288055293
4031498.1977968733
4034670.629822371
6708817.687886639
6510643.423215153
4034670.629822371
4036111.0072439704
6777435.922637253
6968039.801734199
