4036196.157411374
4035962.3337370194
3613743.720193221
3959407.6128540877
4035962.3337370194
4035891.9666279512
1525312.416386179
1987461.06598605
4035891.9666279512
4036201.0511513758
3364773.956600291
2950289.9374167714
4036201.0511513758
4035538.6443500076
6171098.457713941
5955100.520611797
4035538.6443500076
4032981.2884895382
7099052.547541078
7273614.20486527
4032981.2884895382
4029577.5124341124
5165156.916189313
5412730.792647527
4029577.5124341124
4027788.040397631
1982363.024813592
2558746.492368065
4027788.040397631
4029033.045351666
2220356.676958696
1520748.7142101666
4029033.045351666
4032308.529236734
4858429.382614036
4581032.116779194
4032308.529236734
4035169.8866441795
7063373.998658157
6875402.77684755
4035169.8866441795
4036196.157411374
6379769.821731994
6581872.019189738
7416458.614282908
4035856.4643575386
1987461.06598605
2562656.150308961
4035856.4643575386
4036070.1262474447
2223434.598256961
1525312.2799410105
4036070.1262474447
4036084.083207602
4865849.038859184
4588918.1668323595
4036084.083207602
4034471.7350234883
7068125.112656494
6880288.014148341
4034471.7350234883
4031244.3846083563
6373100.396934665
6575415.662904953
4031244.3846083563
4028346.988319666
3606604.613759825
3952918.561583564
4028346.988319666
4028024.077492842
1520748.7142101666
1982363.4894583693
4028024.077492842
4030561.974230253
3359222.170888253
2943921.785655616
4030561.974230253
4033933.8181551183
6163915.564320355
5947646.404025729
4033933.8181551183
4035931.1834208556
7102463.882027949
7272745.423307669
4035931.1834208556
4036123.9225505507
5173133.902386787
5420329.29189547
10154615.525403429
4035963.0264058146
3613742.9665107876
3959407.94978148
4035963.0264058146
4035891.408951799
1525312.2799410105
1987460.8106363146
4035891.408951799
4036200.568904065
3364773.1487292023
2950289.8332105386
4036200.568904065
4035539.238906594
6171097.222945444
5955100.584760004
4035539.238906594
4032980.853806865
7099052.852404877
7273613.7914411565
4032980.853806865
4029577.3244500626
5165156.181053468
5412731.110499741
4029577.3244500626
4027789.077127193
1982363.4894583693
2558746.796781013
4027789.077127193
4029032.5311861937
2220357.273904444
1520749.5118750348
4029032.5311861937
4032308.568818163
4858429.839101537
4581031.906773216
4032308.568818163
4035169.588595983
7063373.190339312
6875402.046394694
4035169.588595983
4036196.1192141976
6379768.836077918
6581872.04009651
9986041.340092326
4035857.4273398947
1987460.8106363146
2562655.704433897
4035857.4273398947
4036068.6027504187
2223435.869036535
1525313.7797405613
4036068.6027504187
4036086.0687701907
4865849.252999939
4588918.5535944905
4036086.0687701907
4034468.5496465447
7068126.627847971
6880289.222640989
4034468.5496465447
4031245.7785436
6373101.249071581
6575416.5167530095
4031245.7785436
4028346.451558249
3606604.5960764727
3952919.362096378
4028346.451558249
4028024.9637169153
1520749.5118750348
1982362.9488105304
4028024.9637169153
4030562.063442325
3359222.2581703574
2943921.436167619
4030562.063442325
4033933.7870444986
6163915.4674139945
5947647.409145333
4033933.7870444986
4035930.193942317
7102463.763114846
7272745.236769537
4035930.193942317
4036124.268167049
5173133.301506709
5420329.630754253
9904070.424860489
4035962.3259165064
3613742.5864956686
3959405.9181609754
4035962.3259165064
4035892.766953142
1525313.7797405613
1987459.4983721839
4035892.766953142
4036200.5789801427
3364773.9757491094
2950289.770459929
4036200.5789801427
4035537.6167174885
6171098.190142507
5955099.406071777
4035537.6167174885
4032981.9755341876
7099052.944264315
7273612.768779759
4032981.9755341876
4029577.5833335533
5165156.47931193
5412729.633643432
4029577.5833335533
4027788.555015895
1982362.9488105304
2558746.3448426262
4027788.555015895
4029032.094796815
2220357.8362202607
1520749.276033148
4029032.094796815
4032308.990260783
4858429.674143369
4581031.643273868
4032308.990260783
4035169.298520401
7063373.450495032
6875400.775429493
4035169.298520401
4036196.572652209
6379769.6305296775
6581870.325261005
6926834.369195289
4035855.3666794803
1987459.4983721839
2562655.01430497
4035855.3666794803
4036069.779458113
2223434.984467474
1525312.416386179
4036069.779458113
4036084.266701614
4865848.304622617
4588919.125728266
4036084.266701614
4034471.1306680194
7068124.115293495
6880289.231656327
4034471.1306680194
4031244.4088655673
6373099.368815165
6575416.38023562
4031244.4088655673
4028347.288989152
3606603.50563568
3952919.40033196
4028347.288989152
4028023.5313786184
1520749.276033148
1982363.024813592
4028023.5313786184
4030563.173611017
3359221.92799325
2943920.9068169137
4030563.173611017
4033933.466087799
6163914.549803926
5947647.714659464
4033933.466087799
4035930.838622083
7102462.707165751
7272745.860665185
4035930.838622083
4036124.290818901
5173131.431428785
5420329.683366721
