4035919.839148018
4036138.9229143704
5203735.41452426
5449545.501152288
4036138.9229143704
4035844.9973192764
2018669.7878443755
2586935.448983133
4035844.9973192764
4036067.4404517165
2211561.0472285817
1507950.5813462937
4036067.4404517165
4036090.2867859807
4834214.209900462
4555364.936025619
4036090.2867859807
4034511.7481873366
7053828.564028933
6865602.3971859235
4034511.7481873366
4031270.45613106
6394352.131373329
6596015.618413511
4031270.45613106
4028368.2367275977
3642787.9120886414
3985963.110998175
4028368.2367275977
4028022.7884774776
1503404.06838823
2013535.167208899
4028022.7884774776
4030525.0424154187
3327388.0787117113
2907541.042958218
4030525.0424154187
4033888.1382699613
6139336.175115535
5922170.319671971
4033888.1382699613
4035919.839148018
7112191.386240985
7270102.760314721
8319307.966612277
4035966.6955434005
3649963.4621573933
3992498.31064386
4035966.6955434005
4035901.1891642846
1507950.5813462937
2018669.6898015612
4035901.1891642846
4036198.927316923
3332880.6044351296
2913861.974478555
4036198.927316923
4035544.564990199
6146547.360169241
5929657.14655969
4035544.564990199
4033016.5869936226
7108866.085178907
7271066.112005193
4033016.5869936226
4029619.8956383513
5195762.743957059
5441947.426984302
4029619.8956383513
4027782.317139366
2013535.167208899
2582970.8917112285
4027782.317139366
4029005.383565015
2208513.089373248
1503405.633308537
4029005.383565015
4032266.840424302
4826814.484963967
4547493.5531892665
4032266.840424302
4035163.842686049
7049003.329787708
6860639.56291413
4035163.842686049
4036181.3564212467
6400968.108228153
6602422.394667416
11865209.92217983
4036140.3402000787
5203735.806874406
5449545.932745484
4036140.3402000787
4035843.886389213
2018669.6898015612
2586934.0741499388
4035843.886389213
4036067.8547911504
2211559.8948086184
1507950.88619447
4036067.8547911504
4036090.1132963756
4834214.834754896
4555364.513055274
4036090.1132963756
4034511.3187573673
7053828.527393466
6865602.661908655
4034511.3187573673
4031270.9744507764
6394352.774616382
6596016.304119167
4031270.9744507764
4028368.009843064
3642788.729309121
3985963.2850486445
4028368.009843064
4028022.5221463954
1503405.633308537
2013534.3212610476
4028022.5221463954
4030526.3990300177
3327386.776928154
2907541.6022677477
4030526.3990300177
4033888.3373477687
6139336.849417345
5922170.8098080205
4033888.3373477687
4035918.191872604
7112190.549595604
7270102.681183696
12512134.648303406
4035966.7911121333
3649963.5826217476
3992498.196585942
4035966.7911121333
4035901.6520617832
1507950.88619447
2018669.941515375
4035901.6520617832
4036200.3232912095
3332881.477928689
2913861.9440357415
4036200.3232912095
4035542.0477206227
6146547.573873488
5929656.594762536
4035542.0477206227
4033017.006377654
7108866.05002013
7271066.196466006
4033017.006377654
4029621.393704159
5195763.075652892
5441947.023022293
4029621.393704159
4027780.1713743987
2013534.3212610476
2582969.905503631
4027780.1713743987
4029005.6758897216
2208511.8841918474
1503404.5299882488
4029005.6758897216
4032268.214308052
4826814.89696004
4547493.048762853
4032268.214308052
4035164.138215744
7049003.287479723
6860639.873413551
4035164.138215744
4036180.7360978452
6400967.958931834
6602421.85609206
11651439.139684182
4036140.247686825
5203735.446186668
5449545.276108902
4036140.247686825
4035844.5034638625
2018669.941515375
2586934.637644022
4035844.5034638625
4036066.384897247
2211560.6131769964
1507951.1908383756
4036066.384897247
4036089.5509494706
4834213.673494078
4555364.131118445
4036089.5509494706
4034512.1223975844
7053827.277389454
6865600.882867819
4034512.1223975844
4031271.736314315
6394351.874320037
6596015.411379978
4031271.736314315
4028367.8225808195
3642788.09565156
3985962.712265917
4028367.8225808195
4028022.2138595977
1503404.5299882488
2013535.168552183
4028022.2138595977
4030527.077139485
3327386.3620055458
2907539.7842525626
4030527.077139485
4033887.977627338
6139336.766675646
5922170.155099266
4033887.977627338
4035918.157036141
7112190.426853328
7270101.351381853
7885793.643477483
4035966.340222504
3649963.5461702133
3992498.5848862003
4035966.340222504
4035902.2532940046
1507951.1908383756
2018669.7878443755
4035902.2532940046
4036198.8756543584
3332880.9456269634
2913862.7156808027
4036198.8756543584
4035544.770908036
6146546.575866375
5929656.426346097
4035544.770908036
4033016.8480958836
7108864.567441773
7271065.988262453
4033016.8480958836
4029619.61354426
5195761.71365897
5441946.4230236905
4029619.61354426
4027781.002030038
2013535.168552183
2582971.0810678913
4027781.002030038
4029005.9127728315
2208512.2231076527
1503404.06838823
4029005.9127728315
4032267.962721065
4826814.071029507
4547493.788305041
4032267.962721065
4035163.961628372
7049002.071156595
6860640.502285266
4035163.961628372
4036180.4651344568
6400966.322710038
6602422.537474959
