4035943.874525148
4035919.3336823015
1635411.6043223455
1828204.6004135024
4035919.3336823015
4036190.344000345
3537657.44238478
3146018.6800352074
4036190.344000345
4035444.215790453
6299260.069154325
6087802.479053477
4035444.215790453
4032783.911814252
7042032.456080961
7225679.230981169
4032783.911814252
4029417.600991558
4998363.956993712
5253794.427628952
4029417.600991558
4027765.153367408
1823307.2667228568
2437583.9264394315
4027765.153367408
4029186.7927731047
2297089.8606787785
1630735.038125494
4029186.7927731047
4032509.7079142714
5025976.743570814
4758347.298363211
4032509.7079142714
4035300.0733039514
7136157.431606288
6950149.547939338
4035300.0733039514
4036186.9302276694
6262268.634591955
6468035.256125619
4036186.9302276694
4035943.874525148
3418882.0748780905
3782388.5272300406
5619825.146488284
4036090.9595381627
2300364.039192044
1635411.4803136988
4036090.9595381627
4036045.447369182
5033486.866671624
4766296.187574075
4036045.447369182
4034328.3629709976
7140509.708335476
6954623.639319537
4034328.3629709976
4031028.6705755857
6255336.936673597
6461332.986208211
4031028.6705755857
4028244.5429087267
3411957.1585321496
3776156.1306009977
4028244.5429087267
4028116.3464976368
1630735.038125494
1823307.9157240042
4028116.3464976368
4030747.2202190435
3531807.380769087
3139407.754401099
4030747.2202190435
4034104.3628347698
6292255.357737914
6080544.99997121
4034104.3628347698
4035981.5642525684
7045898.191593896
7229443.490680886
4035981.5642525684
4036120.0655978597
5006348.96112861
5261376.723780562
4036120.0655978597
4035840.4757004185
1828204.6004135024
2441204.667654098
4598381.214786035
4035919.606392312
1635411.4803136988
1828203.88865415
4035919.606392312
4036190.611395702
3537657.0337549946
3146019.13042547
4036190.611395702
4035444.1940453406
6299259.618300181
6087802.941683357
4035444.1940453406
4032784.392730854
7042032.290697848
7225679.660502643
4032784.392730854
4029416.636674862
4998363.870184632
5253793.821469003
4029416.636674862
4027766.427506348
1823307.9157240042
2437585.2302643955
4027766.427506348
4029186.6395362057
2297090.774885812
1630734.7958306728
4029186.6395362057
4032509.0810228973
5025976.509039523
4758347.721025243
4032509.0810228973
4035299.261563024
7136156.622914675
6950149.311457672
4035299.261563024
4036187.24999808
6262269.088937778
6468035.7779974565
4036187.24999808
4035944.8907023175
3418884.7813344505
3782390.219270473
2459677.841115053
4036092.2056127973
2300364.2719898326
1635411.8310333276
4036092.2056127973
4036045.2891914505
5033488.992763782
4766296.967257748
4036045.2891914505
4034326.5128235663
7140510.352935747
6954624.207838485
4034326.5128235663
4031030.193406655
6255337.49467185
6461333.549350681
4031030.193406655
4028243.789356295
3411955.883220626
3776154.682995624
4028243.789356295
4028115.9250413445
1630734.7958306728
1823307.0722896708
4028115.9250413445
4030748.190901171
3531807.0983685534
3139406.667178211
4030748.190901171
4034104.3355870037
6292255.238339584
6080545.484339398
4034104.3355870037
4035981.291775482
7045897.749553555
7229443.5546296695
4035981.291775482
4036120.6607491462
5006349.109101301
5261377.0193014555
4036120.6607491462
4035839.8405000344
1828203.88865415
2441203.5424762825
4015311.262331263
4035920.3799248543
1635411.8310333276
1828204.2638377333
4035920.3799248543
4036189.9450273006
3537657.7988073286
3146018.875381862
4036189.9450273006
4035444.3597619543
6299259.147347852
6087801.564617491
4035444.3597619543
4032784.411212682
7042032.015289595
7225677.486662571
4032784.411212682
4029416.0500585176
4998363.578510268
5253792.962599267
4029416.0500585176
4027765.74549911
1823307.0722896708
2437585.028140903
4027765.74549911
4029186.776925901
2297090.6640299787
1630734.526409955
4029186.776925901
4032509.164726357
5025975.988852252
4758345.335652287
4032509.164726357
4035299.141325809
7136156.148549989
6950147.846649168
4035299.141325809
4036187.4068579134
6262269.350132446
6468034.554248348
4036187.4068579134
4035944.726369361
3418884.504490797
3782390.8349604215
4956112.088942794
4036091.034334906
2300364.2441745913
1635411.6043223455
4036091.034334906
4036045.3645659266
5033486.628636514
4766297.064703951
4036045.3645659266
4034328.8417521287
7140508.5894852355
6954624.09831002
4034328.8417521287
4031028.4676151043
6255335.493138345
6461332.987068336
4031028.4676151043
4028245.339966049
3411956.9448183575
3776155.4212746117
4028245.339966049
4028114.4466331345
1630734.526409955
1823307.2667228568
4028114.4466331345
4030747.468872523
3531805.919569822
3139406.826316637
4030747.468872523
4034105.7624336802
6292253.103192772
6080545.045209197
4034105.7624336802
4035980.7879609712
7045896.324674859
7229443.925864696
4035980.7879609712
4036120.6278047487
5006348.2339977175
5261376.879007561
4036120.6278047487
4035839.881742298
1828204.2638377333
2441203.993891974
