4035466.5488030743
4036202.833700375
6060449.972907316
6272826.443114265
4036202.833700375
4035903.3528890214
3104863.340064996
3501104.688936189
4035903.3528890214
4035948.554233166
1860422.9976462342
1610068.7121790117
4035948.554233166
4036199.5303649064
3819504.498481648
3459899.9672809634
4036199.5303649064
4035273.772232764
6492458.8982487
6287489.737748164
4035273.772232764
4032454.9208359495
6935058.918401989
7121458.027909034
4032454.9208359495
4029152.432606011
4721455.248609339
4991061.670603961
4029152.432606011
4027780.265677463
1605421.9753025312
2279189.514681384
4027780.265677463
4029452.852612762
2461750.3763922863
1855483.0910739677
4029452.852612762
4032813.4313006517
5287503.787655165
5033781.177561017
4032813.4313006517
4035466.5488030743
7237952.198283687
7054624.594766573
8740243.303992331
4036087.77425828
4729390.417664879
4998552.869849122
4036087.77425828
4035853.510661755
1610068.7121790117
2282415.341104524
4035853.510661755
4036122.857175335
2465430.8967843354
1860423.617739519
4036122.857175335
4035958.5333328657
5295096.4358415725
5041770.561333774
4035958.5333328657
4034068.0300588016
7241627.061022283
7058398.755467702
4034068.0300588016
4030716.770567581
6053151.831343174
6265785.745397906
4030716.770567581
4028085.7630042383
3098308.536462592
3495322.002541772
4028085.7630042383
4028267.8804227905
1855483.0910739677
1605421.4808141603
4028267.8804227905
4031081.227493025
3813211.41392226
3452922.6808761703
4031081.227493025
4034365.938987896
6485800.557308416
6280605.370088404
4034365.938987896
4036040.4742714358
6939618.182699345
7125893.378737043
12483040.985720515
4036203.1484575258
6060449.823502723
6272826.97238549
4036203.1484575258
4035903.8332689786
3104865.2316703624
3501105.3620029464
4035903.8332689786
4035948.487543956
1860423.617739519
1610068.834634301
4035948.487543956
4036200.0687323157
3819503.8446069146
3459899.5267951107
4036200.0687323157
4035273.2002474675
6492459.169291135
6287489.292250706
4035273.2002474675
4032454.5787015227
6935058.704620018
7121457.741801979
4032454.5787015227
4029152.6012082864
4721454.410352095
4991061.84059672
4029152.6012082864
4027779.6941142515
1605421.4808141603
2279188.701461334
4027779.6941142515
4029454.6847850094
2461750.2707479796
1855483.2159465647
4029454.6847850094
4032812.3124051727
5287504.982805795
5033781.703645875
4032812.3124051727
4035465.4042119156
7237951.439501802
7054624.644382898
13612181.58890085
4036087.119003914
4729389.845876578
4998552.319662851
4036087.119003914
4035852.696906264
1610068.834634301
2282416.043304681
4035852.696906264
4036123.4346136437
2465430.0453586057
1860422.441139982
4036123.4346136437
4035959.4102689703
5295096.533172752
5041770.609316993
4035959.4102689703
4034068.4992717765
7241626.778991285
7058398.849683409
4034068.4992717765
4030714.598486783
6053151.355083237
6265785.552068237
4030714.598486783
4028085.9165037563
3098309.0097071803
3495323.30851488
4028085.9165037563
4028268.641020734
1855483.2159465647
1605420.9346875257
4028268.641020734
4031082.2260150346
3813211.443337535
3452922.691412079
4031082.2260150346
4034363.598628204
6485801.253322978
6280606.390749687
4034363.598628204
4036042.2276473707
6939617.742117947
7125893.949990624
12280002.172632791
4036202.921294526
6060449.60600123
6272825.039440087
4036202.921294526
4035904.4692615527
3104865.006292061
3501105.8422084525
4035904.4692615527
4035949.111314037
1860422.441139982
1610068.6373839974
4035949.111314037
4036199.592214548
3819504.731549342
3459899.920384898
4036199.592214548
4035273.130599169
6492458.831384703
6287489.083274736
4035273.130599169
4032454.3391893012
6935058.908924654
7121456.805540882
4032454.3391893012
4029153.311340982
4721455.446364148
4991060.690829543
4029153.311340982
4027779.2347090365
1605420.9346875257
2279188.421553513
4027779.2347090365
4029453.5955948094
2461750.39952184
1855483.5153244508
4029453.5955948094
4032812.7972092954
5287504.905819467
5033780.795544768
4032812.7972092954
4035465.47026593
7237951.428242628
7054622.453759999
8328590.525469378
4036086.7308200393
4729388.0793307545
4998552.375148982
4036086.7308200393
4035853.0711870026
1610068.6373839974
2282415.853750281
4035853.0711870026
4036122.456585143
2465430.782527772
1860422.9976462342
4036122.456585143
4035958.775096132
5295095.734069121
5041770.918343409
4035958.775096132
4034068.1892491346
7241625.856757032
7058398.934835495
4034068.1892491346
4030716.259327981
6053150.398100218
6265786.407919167
4030716.259327981
4028086.207885357
3098307.661752733
3495322.5746001704
4028086.207885357
4028267.7072562003
1855483.5153244508
1605421.9753025312
4028267.7072562003
4031081.7422311255
3813211.205519929
3452922.516760571
4031081.7422311255
4034364.74937336
6485798.7223587725
6280606.3791080965
4034364.74937336
4036041.967078568
6939616.318700809
7125893.817800576
