4036048.6609438322
4036089.157209187
4751674.954980474
5019641.056136359
4036089.157209187
4035841.34823624
1625223.8444100074
2293133.295856703
4035841.34823624
4036121.2368113147
2450727.018200046
1840898.9199383
4036121.2368113147
4035976.9761616364
5274775.266984743
5020427.093349009
4035976.9761616364
4034089.153132613
7234316.436727963
7050897.991374219
4034089.153132613
4030731.5200962825
6069709.417435196
6281784.0330482675
4030731.5200962825
4028108.4322978794
3123102.98561059
3517321.7979631135
4028108.4322978794
4028252.389280097
1835981.236315892
1620559.9559395453
4028252.389280097
4031060.2023136583
3790853.4522126205
3428214.3630074617
4031060.2023136583
4034329.253934684
6471078.425379748
6265400.900537588
4034329.253934684
4036048.6609438322
6948709.667490765
7134748.3285648525
8072785.956403591
4035919.670825799
3129690.120504804
3523144.0855215886
4035919.670825799
4035945.0902703847
1840898.9199383
1625224.1340338262
4035945.0902703847
4036201.4671770018
3797113.351788406
3435163.759061172
4036201.4671770018
4035275.437131879
6477765.176387481
6272315.095374293
4035275.437131879
4032491.3372248937
6944202.645707258
7130364.6718563
4032491.3372248937
4029173.23884834
4743732.114793343
5012140.50546181
4029173.23884834
4027764.601874768
1620559.9559395453
2289877.6731919274
4027764.601874768
4029432.9727485813
2447080.03766565
1835982.206959704
4029432.9727485813
4032800.7891213195
5267185.823995965
5012437.399344985
4032800.7891213195
4035453.0599362887
7230585.34845887
7047067.118114976
4035453.0599362887
4036190.8043850386
6076980.279560098
6288801.6566990055
11439794.081202189
4036089.412495687
4751674.0065894015
5019640.821482302
4036089.412495687
4035840.067769511
1625224.1340338262
2293132.8055793084
4035840.067769511
4036121.294201855
2450725.531077079
1840898.4501091104
4036121.294201855
4035976.6485235873
5274774.115506046
5020427.827038623
4035976.6485235873
4034089.248673787
7234315.631707967
7050897.695161081
4034089.248673787
4030732.1597630684
6069709.884754808
6281784.42038554
4030732.1597630684
4028108.1144059817
3123101.8854744798
3517321.659380934
4028108.1144059817
4028253.2301859898
1835982.206959704
1620561.0668318511
4028253.2301859898
4031060.049877243
3790853.394564182
3428215.6408032537
4031060.049877243
4034327.709908381
6471078.750187301
6265400.924576197
4034327.709908381
4036050.500773002
6948709.853658381
7134749.578311726
11848475.862110555
4035919.9735484566
3129690.045695355
3523143.7617729325
4035919.9735484566
4035944.790936612
1840898.4501091104
1625224.3432307758
4035944.790936612
4036199.9971773108
3797115.053321506
3435165.6666345256
4036199.9971773108
4035274.9480034313
6477765.734561493
6272316.231973433
4035274.9480034313
4032491.9520661556
6944202.972082386
7130364.025643439
4032491.9520661556
4029173.398549963
4743732.715165295
5012141.857818781
4029173.398549963
4027764.6200992493
1620561.0668318511
2289877.942667189
4027764.6200992493
4029433.339616931
2447078.8371407306
1835981.557335391
4029433.339616931
4032800.4398845397
5267186.419998172
5012437.61251906
4032800.4398845397
4035454.6212775568
7230584.937560124
7047066.338234225
4035454.6212775568
4036190.1190235894
6076980.623495431
6288800.820540888
11217938.716776567
4036089.384626132
4751673.956492908
5019639.982748037
4036089.384626132
4035839.840599096
1625224.3432307758
2293132.763188699
4035839.840599096
4036120.6638217033
2450724.9886153843
1840897.4147951081
4036120.6638217033
4035978.5284232884
5274774.298822746
5020424.838154578
4035978.5284232884
4034087.1606597286
7234316.454997303
7050896.790034501
4034087.1606597286
4030733.222277514
6069709.938695292
6281784.462651216
4030733.222277514
4028106.747814133
3123101.8259253115
3517319.826750858
4028106.747814133
4028254.3337901537
1835981.557335391
1620560.4255267682
4028254.3337901537
4031059.2162241885
3790853.799755711
3428214.4330975753
4031059.2162241885
4034328.306753252
6471078.005386146
6265399.663118123
4034328.306753252
4036050.4474306004
6948709.434424687
7134748.140373085
7625315.005474648
4035918.8250426515
3129689.561374963
3523143.961290008
4035918.8250426515
4035945.327295571
1840897.4147951081
1625223.8444100074
4035945.327295571
4036201.1101650726
3797112.288339246
3435165.147064678
4036201.1101650726
4035275.416062364
6477763.056081282
6272316.026399688
4035275.416062364
4032491.0141704325
6944201.805839217
7130364.837816714
4032491.0141704325
4029173.3652673913
4743731.395081149
5012141.177887833
4029173.3652673913
4027764.768011025
1620560.4255267682
2289878.8151082294
4027764.768011025
4029433.497592539
2447079.5630088774
1835981.236315892
4029433.497592539
4032800.705850115
5267185.591358028
5012437.8642762
4032800.705850115
4035453.7109953635
7230583.5509880055
7047066.580905439
4035453.7109953635
4036190.537786853
6076979.313498584
6288801.487601483
