4035025.976230369
4036181.115407751
6523987.1180221075
6721762.336854828
4036181.115407751
4035974.522798939
3867182.4979417548
4192016.532735446
4035974.522798939
4035888.437258328
1427964.3761140695
2157814.427452289
4035888.437258328
4036189.9073687773
3143544.8417296605
2695268.141450575
4036189.9073687773
4035656.1546114585
5994249.8324752
5771649.552404771
4035656.1546114585
4033220.104776777
7162482.480071876
7249952.744737684
4033220.104776777
4029822.4858876113
5376779.913347238
5615044.552647972
4029822.4858876113
4027824.660161534
2209544.4821223123
2738531.9416558356
4027824.660161534
4028839.4609877304
2154910.5700817234
1423492.3069320791
4028839.4609877304
4032025.3434349257
4634035.193805155
4342341.82895944
4032025.3434349257
4035025.976230369
6957141.138361026
6766226.16175209
8920245.075543987
4036160.161107162
5384701.563277153
5622618.625280211
4036160.161107162
4035861.5244730003
2214937.264690893
2742843.4663865967
4035861.5244730003
4036042.797849236
2157814.427452289
1427964.3003459724
4036042.797849236
4036113.9466412803
4641289.516195906
4350101.842943414
4036113.9466412803
4034678.158896816
6962386.129800824
6771625.599118769
4034678.158896816
4031511.274595743
6517706.087042151
6715673.930370761
4031511.274595743
4028486.6270715846
3859798.031698303
4185227.868509682
4028486.6270715846
4027948.5104438826
1423492.3069320791
2154910.6599730607
4027948.5104438826
4030302.77967563
3138403.3263510065
2689231.8942055684
4030302.77967563
4033708.138529693
5986879.752566291
5763984.037888961
4033708.138529693
4035834.328253079
7165274.480456122
7248419.862315387
12651254.824841632
4036180.2362424657
6523987.006484041
6721762.927230168
4036180.2362424657
4035976.1325824033
3867182.3152755364
4192017.0299690086
4035976.1325824033
4035887.9720625104
1427964.3003459724
2157813.7009322145
4035887.9720625104
4036190.599629851
3143544.239603574
2695268.2498462526
4036190.599629851
4035655.309700543
5994249.761524271
5771649.410895742
4035655.309700543
4033221.468905757
7162482.100422533
7249952.630737607
4033221.468905757
4029821.185291713
5376779.306946574
5615044.416939733
4029821.185291713
4027825.7207593406
2209545.0583422994
2738531.675556966
4027825.7207593406
4028839.6541603752
2154910.6599730607
1423493.5044615697
4028839.6541603752
4032025.553417317
4634035.664866812
4342342.373531082
4032025.553417317
4035024.7423902866
6957140.564682852
6766226.789478669
14072057.376884058
4036159.227596175
5384701.856205021
5622618.3969741
4036159.227596175
4035861.627435061
2214937.595428396
2742844.6424937253
4035861.627435061
4036043.206581637
2157813.7009322145
1427963.1175280644
4036043.206581637
4036113.0774756433
4641289.936076655
4350103.567116822
4036113.0774756433
4034680.3181504006
6962385.325943231
6771624.087914518
4034680.3181504006
4031509.853395565
6517705.495095266
6715673.171021645
4031509.853395565
4028486.8039918225
3859798.071769453
4185227.0666792192
4028486.8039918225
4027948.3009270984
1423493.5044615697
2154910.893800941
4027948.3009270984
4030302.995308299
3138402.617071497
2689230.113804495
4030302.995308299
4033707.490229545
5986880.063930871
5763984.227217744
4033707.490229545
4035835.498959958
7165274.300233072
7248419.35250767
12450949.228862775
4036180.5468716375
6523986.810079981
6721761.095640964
4036180.5468716375
4035976.5948463567
3867183.376081114
4192016.0818549655
4035976.5948463567
4035887.157720867
1427963.1175280644
2157814.0394570976
4035887.157720867
4036191.5355809294
3143545.0498633706
2695266.896213426
4036191.5355809294
4035655.733668373
5994249.7872481
5771649.134835888
4035655.733668373
4033219.8001120538
7162481.564134105
7249951.278199685
4033219.8001120538
4029821.0858604796
5376779.342357692
5615043.959690065
4029821.0858604796
4027825.9375884505
2209545.5955140837
2738532.4818154657
4027825.9375884505
4028840.04275492
2154910.893800941
1423492.980126307
4028840.04275492
4032024.8061573114
4634036.173492475
4342342.358125764
4032024.8061573114
4035024.848928992
6957140.182826822
6766224.907919937
8517253.953403499
4036159.118834053
5384700.208792245
5622618.642562478
4036159.118834053
4035862.2824083627
2214937.2353093256
2742844.495146274
4035862.2824083627
4036043.0621794136
2157814.0394570976
1427964.3761140695
4036043.0621794136
4036113.5929773436
4641287.598591252
4350103.152078673
4036113.5929773436
4034677.369737999
6962384.85561091
6771625.8287804285
4034677.369737999
4031511.374368856
6517705.047679085
6715674.795583479
4031511.374368856
4028487.0786719536
3859799.022835463
4185228.1436791806
4028487.0786719536
4027948.6050083586
1423492.980126307
2154910.5700817234
4027948.6050083586
4030303.4734270866
3138403.7971894047
2689231.158342241
4030303.4734270866
4033706.785439619
5986879.018593348
5763985.085167742
4033706.785439619
4035835.75737163
7165273.1217713235
7248420.06162834
