4035879.5590476426
4036150.741632494
5305190.241029209
5546510.761754474
4036150.741632494
4035846.67337358
2126316.4680991014
2671786.5961607215
4035846.67337358
4036054.281252913
2177784.470170028
1457970.4758602902
4036054.281252913
4036110.4538372806
4727308.797141633
4441760.882279185
4036110.4538372806
4034605.03514032
7004056.328926921
6814459.303281318
4034605.03514032
4031399.33633045
6464014.508474102
6663574.678719219
4031399.33633045
4028438.388863388
3763807.529269868
4096863.827335044
4028438.388863388
4027978.716972199
1453470.8542835384
2121040.609315316
4027978.716972199
4030405.463992042
3221529.7621467332
2785783.0213016355
4030405.463992042
4033779.7535928423
6055392.656077796
5835108.768664054
4033779.7535928423
4035879.5590476426
7142907.96897194
7259254.493188728
8372854.447610682
4035979.0785720176
3771102.7406734508
4103545.661751
4035979.0785720176
4035893.0880788215
1457970.4758602902
2126316.4096597275
4035893.0880788215
4036194.9744863547
3226828.7064823173
2791947.407763833
4036194.9744863547
4035601.0055161547
6062694.936392072
5842697.389622472
4035601.0055161547
4033137.0953664826
7139877.358209397
7260534.875399905
4033137.0953664826
4029730.9145311
5297239.818532215
5538921.409625496
4029730.9145311
4027796.9887040607
2121040.609315316
2667630.9815557734
4027796.9887040607
4028911.352388609
2174827.5622780346
1453471.7835307296
4028911.352388609
4032140.7317079883
4719985.526137072
4433945.28161165
4032140.7317079883
4035088.3824115857
6998993.566444745
6809250.1358930385
4035088.3824115857
4036174.2026941474
6470447.573046867
6669808.003818425
11952656.083341243
4036151.0650425307
5305189.624355126
5546511.683781845
4036151.0650425307
4035847.200360965
2126316.4096597275
2671787.1274885465
4035847.200360965
4036054.1809577844
2177785.014666608
1457970.3275517882
4036054.1809577844
4036110.757080238
4727309.004296435
4441760.530169421
4036110.757080238
4034604.9456113884
7004056.249535002
6814459.133534161
4034604.9456113884
4031398.789251823
6464014.069427115
6663574.516849626
4031398.789251823
4028438.747713491
3763807.4402041845
4096864.044790757
4028438.747713491
4027978.8905470204
1453471.7835307296
2121040.852034591
4027978.8905470204
4030403.704497271
3221530.172108864
2785783.605690302
4030403.704497271
4033779.310174439
6055391.01477635
5835107.97423086
4033779.310174439
4035880.5929288715
7142908.360557686
7259253.965736721
12654243.280502437
4035978.9686970506
3771103.136943047
4103544.85000593
4035978.9686970506
4035892.662754564
1457970.3275517882
2126316.036349099
4035892.662754564
4036195.335716778
3226828.9292726303
2791948.168474267
4036195.335716778
4035599.721639899
6062694.298309831
5842697.557793068
4035599.721639899
4033137.642236493
7139878.081573914
7260534.769865974
4033137.642236493
4029732.5056390413
5297239.656112166
5538921.342586611
4029732.5056390413
4027795.9488343154
2121040.852034591
2667630.3704089434
4027795.9488343154
4028911.495650698
2174826.363871572
1453471.5655850694
4028911.495650698
4032141.050166249
4719985.021623389
4433945.753375915
4032141.050166249
4035088.9097381365
6998993.875729434
6809250.5671501625
4035088.9097381365
4036174.352762844
6470447.58893592
6669807.421307106
11740473.515008247
4036150.8415978383
5305188.8716188185
5546509.208487291
4036150.8415978383
4035845.969123915
2126316.036349099
2671786.4868303416
4035845.969123915
4036054.3431749884
2177783.7348176
1457970.0702177498
4036054.3431749884
4036110.5149028795
4727308.522127673
4441759.273700114
4036110.5149028795
4034605.4989476646
7004055.934013325
6814457.2499495065
4034605.4989476646
4031398.555942867
6464014.482528183
6663573.209978346
4031398.555942867
4028438.903787101
3763807.4612224996
4096864.1622265615
4028438.903787101
4027979.8593298174
1453471.5655850694
2121040.560255729
4027979.8593298174
4030403.0833684537
3221530.3260527686
2785783.4903244455
4030403.0833684537
4033779.461254815
6055391.454694989
5835105.801597252
4033779.461254815
4035880.3463535532
7142908.203029424
7259252.471363869
7942255.085700298
4035978.4445269355
3771101.325679567
4103545.6620780323
4035978.4445269355
4035893.278089375
1457970.0702177498
2126316.4680991014
4035893.278089375
4036194.6839049235
3226828.214389596
2791948.156418035
4036194.6839049235
4035600.938969109
6062693.065031259
5842697.000997315
4035600.938969109
4033137.3394961352
7139876.260723562
7260535.07985177
4033137.3394961352
4029731.2662734264
5297239.076637726
5538921.526008215
4029731.2662734264
4027796.411023154
2121040.560255729
2667631.567478485
4027796.411023154
4028912.0036763297
2174826.99993516
1453470.8542835384
4028912.0036763297
4032140.8528004778
4719984.189056066
4433945.986049507
4032140.8528004778
4035087.823643418
6998992.385199981
6809251.104211734
4035087.823643418
4036175.1851052316
6470446.800581433
6669808.08438253
