4034429.994883106
4036072.876086996
6907136.5933117205
7094262.7028705655
4036072.876086996
4036064.9742798833
4651459.334897194
4924875.128807622
4036064.9742798833
4035856.2403209354
1560705.7887000395
2247867.278791972
4035856.2403209354
4036130.090587397
2518423.9215610125
1930101.0028317333
4036130.090587397
4035947.6584324013
5365164.597820676
5115306.447228476
4035947.6584324013
4033981.8722084924
7266121.870272623
7083522.992412707
4033981.8722084924
4030629.950875301
5994863.088354011
6209490.713650431
4030629.950875301
4028063.374942216
3012266.409883527
3419279.947094253
4028063.374942216
4028312.7611730946
1925073.6436322378
1556108.8876585022
4028312.7611730946
4031158.8426748253
3890991.787588063
3538623.35060048
4031158.8426748253
4034429.994883106
6536187.173910605
6332621.7878381675
9010515.512133263
4036202.0187525484
6002247.406696992
6216611.714878554
4036202.0187525484
4035910.25666327
3018716.361679774
3424933.8134811134
4035910.25666327
4035955.8805329734
1930101.0028317333
1560703.8324547778
4035955.8805329734
4036185.655162588
3897396.091533631
3545692.6853051707
4036185.655162588
4035223.7336906735
6542736.124289843
6339390.745254727
4035223.7336906735
4032375.702489353
6902393.598801087
7089650.019329765
4032375.702489353
4029072.7562985723
4643551.333103976
4917424.364766936
4029072.7562985723
4027786.397255965
1556108.8876585022
2244727.486863808
4027786.397255965
4029525.872887556
2514618.0593057517
1925075.4194118117
4029525.872887556
4032915.1407972192
5357563.056927744
5107318.188347215
4032915.1407972192
4035493.6302581453
7262640.240735545
7079949.297508157
12602377.272130085
4036071.986462121
6907135.769122377
7094262.26562214
4036071.986462121
4036065.5828616745
4651458.871551604
4924875.216154911
4036065.5828616745
4035855.155959333
1560703.8324547778
2247865.9661140065
4035855.155959333
4036130.553329048
2518424.7788850944
1930100.82997764
4036130.553329048
4035946.8570939847
5365165.090394863
5115306.108600228
4035946.8570939847
4033982.3738905718
7266121.044227185
7083523.394896676
4033982.3738905718
4030629.137759521
5994862.660513
6209490.452817986
4030629.137759521
4028062.812447493
3012265.677605376
3419279.8247027015
4028062.812447493
4028313.377657403
1925075.4194118117
1556110.5343671967
4028313.377657403
4031158.654081131
3890991.470715132
3538624.088833725
4031158.654081131
4034431.3854691414
6536186.910761589
6332622.124040632
14301050.84340059
4036202.1889963746
6002247.538073968
6216611.055561312
4036202.1889963746
4035908.8981539216
3018715.837440566
3424933.0160728144
4035908.8981539216
4035956.088480418
1930100.82997764
1560703.1430290383
4035956.088480418
4036187.2452402674
3897395.1556504937
3545692.862056869
4036187.2452402674
4035224.752659529
6542736.0452923905
6339390.223862674
4035224.752659529
4032373.5603800286
6902392.615852877
7089649.897927172
4032373.5603800286
4029072.4770911643
4643552.45298269
4917425.761818746
4029072.4770911643
4027787.2383591207
1556110.5343671967
2244730.2155897333
4027787.2383591207
4029526.945414483
2514617.2258065315
1925073.1133911188
4029526.945414483
4032915.2087815343
5357563.670050868
5107318.6986036245
4032915.2087815343
4035493.883407957
7262640.244832075
7079948.867366054
12401279.017278755
4036071.7833507913
6907135.920918867
7094261.396559863
4036071.7833507913
4036065.2337707807
4651458.27223108
4924874.02823846
4036065.2337707807
4035854.684546385
1560703.1430290383
2247865.9451946444
4035854.684546385
4036130.239704998
2518425.1216728557
1930100.8103070597
4036130.239704998
4035947.5309952414
5365163.899028783
5115305.623390763
4035947.5309952414
4033983.6138645443
7266121.1257227
7083521.947222474
4033983.6138645443
4030627.700147037
5994862.668730693
6209489.16437408
4030627.700147037
4028063.952549083
3012266.7790028914
3419280.01626475
4028063.952549083
4028312.6653563106
1925073.1133911188
1556108.9459518893
4028312.6653563106
4031159.1805616766
3890991.227395184
3538622.532973852
4031159.1805616766
4034430.980891644
6536186.533130327
6332620.492371853
8611715.476452524
4036202.772382176
6002246.895477072
6216611.753951844
4036202.772382176
4035909.7155896123
3018715.0041338834
3424932.7675412567
4035909.7155896123
4035955.747799141
1930100.8103070597
1560705.7887000395
4035955.747799141
4036185.5715733035
3897394.5294184317
3545692.6282506124
4036185.5715733035
4035223.8552008453
6542735.475567276
6339390.307780842
4035223.8552008453
4032375.4734548675
6902392.244925522
7089650.382994165
4032375.4734548675
4029072.8468994345
4643551.42120193
4917425.4019134315
4029072.8468994345
4027786.1506964033
1556108.9459518893
2244728.8982753367
4027786.1506964033
4029526.3977874853
2514617.759195974
1925073.6436322378
4029526.3977874853
4032915.352415065
5357561.237384987
5107318.700547575
4032915.352415065
4035494.2007478
7262639.103412456
7079949.802725731
