4033974.24019224
4035940.0835141093
7090482.577329475
7272904.63510339
4035940.0835141093
4036121.21108989
5136300.4038910875
5385184.303442847
4036121.21108989
4035855.7813507277
1950678.5657369094
2534234.3610595562
4035855.7813507277
4036074.433806056
2238697.6563095646
1547474.4672134437
4036074.433806056
4036076.029074974
4903559.526958285
4628885.150916447
4036076.029074974
4034438.0974511416
7084905.5259526335
6897524.931072259
4034438.0974511416
4031196.243149657
6347366.846731594
6550475.779194571
4031196.243149657
4028326.230863528
3563247.0407788437
3913396.6550291344
4028326.230863528
4028054.3443093086
1542889.075919031
1945631.3059058508
4028054.3443093086
4030591.4773124335
3397504.803816508
2987523.607001986
4030591.4773124335
4033974.24019224
6193073.5997310765
5977857.417326143
9008635.840266423
4036196.6553857494
6354097.693198896
6556990.2404548
4036196.6553857494
4035959.012549147
3570337.9969140966
3919831.0063126306
4035959.012549147
4035908.3721465743
1547474.4672134437
1950678.8616599848
4035908.3721465743
4036188.4990063338
3403122.309113711
2993946.6607308444
4036188.4990063338
4035519.0886126566
6200218.161582721
5985268.485029068
4035519.0886126566
4032935.1416194695
7086969.090006815
7269482.648823095
4032935.1416194695
4029536.969124628
5128319.064319382
5377587.74240257
4029536.969124628
4027788.966500514
1945631.3059058508
2530394.9558493644
4027788.966500514
4029065.024424306
2235580.376441848
1542889.440819987
4029065.024424306
4032354.101195153
4896116.048691931
4620981.864984649
4032354.101195153
4035196.487512161
7080241.252067696
6892728.675987774
12437192.374077594
4035940.852466672
7090482.511501596
7272905.527437903
4035940.852466672
4036120.8251266927
5136301.184744595
5385185.356663874
4036120.8251266927
4035856.0624000556
1950678.8616599848
2534234.4750196263
4035856.0624000556
4036073.3313992512
2238697.6204688884
1547474.7736168532
4036073.3313992512
4036076.7777866833
4903557.997494931
4628885.496147621
4036076.7777866833
4034437.8457470923
7084905.427348415
6897524.557648943
4034437.8457470923
4031197.1671521477
6347367.589109251
6550475.949712092
4031197.1671521477
4028324.9812129345
3563246.286203552
3913396.8656364973
4028324.9812129345
4028055.3398194383
1542889.440819987
1945631.1891167462
4028055.3398194383
4030590.8508150466
3397504.9422711455
2987524.093110631
4030590.8508150466
4033973.677782342
6193072.647980717
5977857.223042104
14296959.231927522
4036198.042270283
6354098.0006564325
6556990.216608
4036198.042270283
4035958.1899989764
3570337.495610103
3919829.6349800476
4035958.1899989764
4035909.267751181
1547474.7736168532
1950679.244984832
4035909.267751181
4036188.2317110435
3403123.0682425783
2993946.0526676998
4036188.2317110435
4035518.1661649914
6200219.511402998
5985269.480719323
4035518.1661649914
4032934.400550117
7086968.728574174
7269482.535514102
4032934.400550117
4029537.0719189863
5128320.231690731
5377588.319205278
4029537.0719189863
4027788.8141831616
1945631.1891167462
2530395.696589567
4027788.8141831616
4029064.5719416454
2235580.5794975134
1542888.6268303078
4029064.5719416454
4032354.354539307
4896115.945691501
4620981.113715399
4032354.354539307
4035196.9094477016
7080241.1415368635
6892728.302881104
12233381.676930707
4035941.003789536
7090482.876764084
7272903.972028571
4035941.003789536
4036121.0451749065
5136300.175669697
5385184.3132367665
4036121.0451749065
4035856.853280284
1950679.244984832
2534234.6664255895
4035856.853280284
4036074.193540836
2238698.4087660317
1547475.3833671615
4036074.193540836
4036076.2406987324
4903558.9221768165
4628885.321175375
4036076.2406987324
4034437.222489304
7084905.658820033
6897523.980007896
4034437.222489304
4031197.031264341
6347367.104016141
6550474.554361986
4031197.031264341
4028325.490474972
3563246.3167954218
3913395.518014473
4028325.490474972
4028054.597382828
1542888.6268303078
1945630.7474938799
4028054.597382828
4030590.7750841486
3397504.6089537493
2987523.686279434
4030590.7750841486
4033973.629330863
6193072.531741779
5977855.61321216
8609732.986633992
4036197.793698777
6354096.672365359
6556990.396524958
4036197.793698777
4035958.0194483954
3570336.7731954483
3919829.542396443
4035958.0194483954
4035908.3092455394
1547475.3833671615
1950678.5657369094
4035908.3092455394
4036188.58905978
3403122.4062603544
2993946.4024294037
4036188.58905978
4035518.766732765
6200217.7830009805
5985270.061114735
4035518.766732765
4032935.3673831695
7086967.25952202
7269482.6044454845
4032935.3673831695
4029536.8723743493
5128317.87000481
5377588.0373543445
4029536.8723743493
4027788.4829707923
1945630.7474938799
2530394.80522288
4027788.4829707923
4029064.877172478
2235580.396507911
1542889.075919031
4029064.877172478
4032354.079785428
4896115.260115095
4620982.244839528
4032354.079785428
4035196.950347165
7080239.42526251
6892728.675442139
