4036202.8066700576
4035929.1343030063
3246624.0856507155
3627421.7823626464
4035929.1343030063
4035922.7395931054
1752661.903683241
1701783.7088738962
4035922.7395931054
4036203.6326450785
3691846.554442751
3318446.4710068353
4036203.6326450785
4035351.793801413
6407213.910474926
6199432.752470004
4035351.793801413
4032609.85859515
6985673.587053589
7170760.468908735
4032609.85859515
4029260.481953318
4847766.626795266
5110718.686862632
4029260.481953318
4027772.5366629055
1697032.8850836153
2344626.6828278936
4027772.5366629055
4029332.1735326997
2381666.720918423
1747850.9383570245
4029332.1735326997
4032684.933722503
5170681.119699596
4910932.924765444
4032684.933722503
4035377.7311135437
7194322.2682600785
7009855.291999753
4035377.7311135437
4036202.8066700576
6153518.416237893
6362797.174897527
7198676.4021034725
4035852.806355906
1701783.7088738962
2348021.345550746
4035852.806355906
4036108.287969001
2385153.249972381
1752661.6399159967
4036108.287969001
4036006.9271608354
5178245.400421221
4918912.5503559215
4036006.9271608354
4034174.8757195147
7198308.287947806
7013949.94244508
4034174.8757195147
4030862.771974107
6146375.921476741
6355898.286038644
4030862.771974107
4028159.6976680732
3239895.752019871
3621428.7394619244
4028159.6976680732
4028183.508317511
1747850.9383570245
1697033.8793651115
4028183.508317511
4030937.852019215
3685746.551871174
3311629.420128007
4030937.852019215
4034245.993326454
6400390.514377484
6192370.908985523
4034245.993326454
4036027.4982097824
6989925.810815032
7174899.101737093
4036027.4982097824
4036087.8957331665
4855731.152035115
5118258.8328171475
9680206.483272668
4035928.7843541703
3246623.7932958934
3627420.7756245025
4035928.7843541703
4035921.6192724495
1752661.6399159967
1701783.6163459686
4035921.6192724495
4036203.9796270207
3691845.293675686
3318446.8133371472
4036203.9796270207
4035351.7603195696
6407213.479651463
6199433.099633291
4035351.7603195696
4032611.0090399636
6985673.814464782
7170760.124513806
4032611.0090399636
4029258.7842500573
4847764.932725354
5110718.755575616
4029258.7842500573
4027773.24929637
1697033.8793651115
2344627.7661339245
4027773.24929637
4029331.0752520715
2381666.6722481996
1747850.9755182308
4029331.0752520715
4032686.106857915
5170680.462186741
4910932.567258011
4032686.106857915
4035377.079063036
7194322.138702688
7009855.095523713
4035377.079063036
4036204.3951964094
6153518.079169793
6362797.23989026
9326855.01455123
4035852.0479724486
1701783.6163459686
2348022.440046271
4035852.0479724486
4036108.9319497705
2385152.478623844
1752659.7453101191
4036108.9319497705
4036006.532054423
5178246.995441809
4918914.347467701
4036006.532054423
4034175.84379589
7198308.78156837
7013950.274976204
4034175.84379589
4030862.101110785
6146375.387599816
6355898.135230659
4030862.101110785
4028160.558692438
3239894.889935629
3621427.4372663423
4028160.558692438
4028181.9624080453
1747850.9755182308
1697034.680874278
4028181.9624080453
4030938.414194454
3685746.600082188
3311628.9911740753
4030938.414194454
4034246.3281776085
6400390.227809952
6192370.959837665
4034246.3281776085
4036026.0856110253
6989925.716702441
7174898.782931301
4036026.0856110253
4036089.0081394855
4855731.137695138
5118259.447832348
9417067.867840394
4035929.320427383
3246623.613307557
3627420.8851612033
4035929.320427383
4035920.180213687
1752659.7453101191
1701783.6943611363
4035920.180213687
4036204.757116238
3691845.9402658246
3318445.0786584145
4036204.757116238
4035351.230614255
6407213.721041049
6199431.797078105
4035351.230614255
4032610.226755131
6985673.912122015
7170758.686453254
4032610.226755131
4029259.382028583
4847764.876487739
5110717.951791288
4029259.382028583
4027773.5992765827
1697034.680874278
2344628.3355758316
4027773.5992765827
4029331.5580837
2381666.0006617284
1747850.353228243
4029331.5580837
4032685.684652746
5170680.204679226
4910931.974630331
4032685.684652746
4035376.9595482186
7194322.277615729
7009854.146689377
4035376.9595482186
4036204.200755786
6153518.071018112
6362796.020057117
6693173.274949262
4035852.723145019
1701783.6943611363
2348021.005068943
4035852.723145019
4036108.6090147174
2385152.7413989
1752661.903683241
4036108.6090147174
4036006.613534512
5178244.063453028
4918914.504896259
4036006.613534512
4034175.076495213
7198307.121752472
7013950.350166418
4034175.076495213
4030863.089009015
6146375.037266113
6355899.151094795
4030863.089009015
4028159.9499195
3239894.8101154095
3621427.663978404
4028159.9499195
4028182.571328023
1747850.353228243
1697032.8850836153
4028182.571328023
4030939.2579257507
3685746.094305954
3311629.3490429064
4030939.2579257507
4034246.096558493
6400389.859419332
6192371.927005644
4034246.096558493
4036025.9415806145
6989924.551414303
7174899.561094836
4036025.9415806145
4036088.4807737856
4855730.215925176
5118259.918032998
