4035862.162733463
4036045.373549843
2163134.3177887728
1435993.873960808
4036045.373549843
4036109.1117050406
4667157.406427188
4377689.999446787
4036109.1117050406
4034656.5076058693
6975066.078082223
6784660.816628872
4034656.5076058693
4031481.615075551
6501778.974381878
6700217.1334465835
4031481.615075551
4028481.6760773608
3831060.0469489736
4158736.6943707457
4028481.6760773608
4027945.287216587
1431517.204697323
2160216.6332223923
4027945.287216587
4030333.802321814
3163200.0211962024
2718125.862074294
4030333.802321814
4033730.981185165
6007571.616716928
5785470.806129584
4033730.981185165
4035859.8279732745
7158764.659495016
7251872.678947506
4035859.8279732745
4036141.80357699
5360980.139370391
5599900.766385101
4036141.80357699
4035862.162733463
2188130.0136345946
2721246.233459325
5504704.68720197
4036192.035395391
3168387.667527578
2724200.078154004
4036192.035395391
4035642.4785982496
6014920.867173394
5793114.588514918
4035642.4785982496
4033203.822973129
7155900.608629623
7253330.879022399
4033203.822973129
4029783.543262447
5353049.780703385
5592323.389081481
4029783.543262447
4027821.019570903
2182772.4702206566
2716978.543281782
4027821.019570903
4028858.298945202
2160216.6332223923
1431517.8699819818
4028858.298945202
4032057.2065972765
4659881.062097723
4369911.365408745
4032057.2065972765
4035044.3747833394
6969874.236452759
6779319.256750419
4035044.3747833394
4036181.7165615056
6508105.731816478
6706350.169366129
4036181.7165615056
4035988.553712579
3838419.712642107
4165495.129685435
4035988.553712579
4035875.3216964905
1435993.873960808
2163133.4116610214
2890471.1835969915
4036045.6570891845
2163133.4116610214
1435995.405761812
4036045.6570891845
4036109.3561566113
4667157.522564095
4377689.714630613
4036109.3561566113
4034656.6580548864
6975066.2963590035
6784660.841534969
4034656.6580548864
4031481.3251380688
6501778.38830799
6700217.229592385
4031481.3251380688
4028481.6511642486
3831060.331532769
4158736.8620970757
4028481.6511642486
4027944.758776306
1431517.8699819818
2160216.6707355278
4027944.758776306
4030332.750656464
3163198.769676722
2718125.7552786977
4030332.750656464
4033732.0174155566
6007570.966953614
5785470.597215427
4033732.0174155566
4035859.497227087
7158764.85995055
7251872.879574496
4035859.497227087
4036142.1513518337
5360979.803963757
5599901.093330359
4036142.1513518337
4035862.3597561643
2188130.1030030614
2721244.947638362
963610.3822426754
4036190.3703777906
3168388.132644317
2724200.9500388713
4036190.3703777906
4035644.4711904754
6014919.723945844
5793113.8747179005
4035644.4711904754
4033202.151925107
7155900.247588397
7253331.294382791
4033202.151925107
4029784.7078565345
5353050.3156545
5592323.8526461385
4029784.7078565345
4027820.8239987423
2182772.1975975228
2716977.540275562
4027820.8239987423
4028857.6690509696
2160216.6707355278
1431518.6474598728
4028857.6690509696
4032057.7208098313
4659881.204636713
4369911.564832469
4032057.7208098313
4035044.5381802227
6969874.417996849
6779318.702949932
4035044.5381802227
4036181.3980053924
6508105.16684874
6706349.778544804
4036181.3980053924
4035987.571328686
3838419.637874374
4165495.1695241993
4035987.571328686
4035876.9405077295
1435995.405761812
2163133.4503383846
1825631.4475599343
4036045.0138835963
2163133.4503383846
1435995.4521225533
4036045.0138835963
4036108.294532684
4667156.929076709
4377688.739955061
4036108.294532684
4034657.2467704243
6975066.112341874
6784658.868632159
4034657.2467704243
4031482.1609059866
6501778.461535729
6700215.725618006
4031482.1609059866
4028480.987347668
3831060.2583744912
4158735.968208987
4028480.987347668
4027944.8913559117
1431518.6474598728
2160216.272578816
4027944.8913559117
4030332.5531937922
3163198.7580587924
2718124.323416799
4030332.5531937922
4033732.4726376487
6007570.217563106
5785469.024575322
4033732.4726376487
4035859.430052376
7158764.942888909
7251871.602033779
4035859.430052376
4036142.2006250406
5360979.388115049
5599899.377747253
4036142.2006250406
4035862.3178854813
2188130.862252537
2721245.385230211
4825201.415712328
4036191.7999246353
3168386.62083579
2724199.7976403176
4036191.7999246353
4035642.704453629
6014919.801157393
5793114.310823553
4035642.704453629
4033204.137001569
7155898.91952494
7253330.940668321
4033204.137001569
4029783.111493051
5353047.798960961
5592323.183411529
4029783.111493051
4027820.253882113
2182772.6499099215
2716978.260073645
4027820.253882113
4028858.071546627
2160216.272578816
1431517.204697323
4028858.071546627
4032057.275449981
4659879.192507298
4369911.324161335
4032057.275449981
4035044.7599781114
6969873.065505791
6779318.752148691
4035044.7599781114
4036181.620088712
6508104.170159272
6706349.898791881
4036181.620088712
4035987.382723813
3838418.377203465
4165495.5361229945
4035987.382723813
4035876.468487036
1435995.4521225533
2163134.3177887728
