4035926.675527722
4035935.9882697016
1761239.3057554848
1693710.161109729
4035935.9882697016
4036190.3449660046
3702418.3258498698
3330200.8938496676
4036190.3449660046
4035346.1510658907
6414403.328013952
6206861.954700295
4035346.1510658907
4032597.5927200797
6981623.8015793245
7166815.495482209
4032597.5927200797
4029261.9482309856
4837377.417983308
5100864.537137078
4029261.9482309856
4027763.4245020486
1688972.6081751038
2338796.8574206657
4027763.4245020486
4029338.8911561575
2387963.0607474204
1756419.6993481512
4029338.8911561575
4032695.15648184
5180441.976872962
4921210.223615507
4032695.15648184
4035402.2840645406
7198083.41103384
7013715.114391913
4035402.2840645406
4036189.1746994117
6145918.198692153
6355445.199788394
4036189.1746994117
4035926.675527722
3234869.201533995
3616906.227035661
5577509.885974906
4036109.851505918
2391464.220275585
1761239.7828837165
4036109.851505918
4036003.74484017
5188010.372298442
4929193.655449908
4036003.74484017
4034177.2349415235
7202045.091448587
7017784.580088837
4034177.2349415235
4030838.2407170287
6138763.986406259
6348537.133875981
4030838.2407170287
4028156.952257784
3228155.714888897
3610929.9248259314
4028156.952257784
4028200.002542369
1756419.6993481512
1688973.0926250443
4028200.002542369
4030935.3159201443
3696302.6241747094
3323370.4342312426
4030935.3159201443
4034259.9387854943
6407591.665315268
6199814.323227546
4034259.9387854943
4036024.147954668
6985901.533336976
7170979.193580766
4036024.147954668
4036104.2098347642
4845341.386701449
5108403.79632469
4036104.2098347642
4035838.6763128345
1693710.161109729
2342172.320140082
4300043.960485349
4035935.853886296
1761239.7828837165
1693711.3888499145
4035935.853886296
4036190.002647407
3702418.125771086
3330200.5678162663
4036190.002647407
4035347.240292223
6414402.661031805
6206862.097583999
4035347.240292223
4032597.3006117675
6981623.0791222025
7166815.1530978745
4032597.3006117675
4029261.1233149343
4837376.882784767
5100864.497088637
4029261.1233149343
4027764.047130356
1688973.0926250443
2338797.4215714806
4027764.047130356
4029339.577721938
2387963.1493520727
1756419.585094392
4029339.577721938
4032696.361269098
5180442.287210888
4921210.978605313
4032696.361269098
4035399.6266063717
7198083.88240984
7013715.266314169
4035399.6266063717
4036188.9987316704
6145919.396107219
6355446.4678783575
4036188.9987316704
4035928.0495503717
3234868.4633039637
3616906.2182452306
2038426.3474737764
4036109.3096749242
2391463.838992076
1761240.4654669266
4036109.3096749242
4036005.2474393267
5188010.150558226
4929193.600849909
4036005.2474393267
4034175.514217934
7202045.73932079
7017785.21254445
4034175.514217934
4030839.319843674
6138764.274846768
6348536.726765997
4030839.319843674
4028156.2961262595
3228155.4478277722
3610929.7499848423
4028156.2961262595
4028200.171385157
1756419.585094392
1688972.6878516364
4028200.171385157
4030936.349162292
3696302.383184068
3323369.933121937
4030936.349162292
4034257.897095287
6407592.289971092
6199815.646209644
4034257.897095287
4036025.994078225
6985901.536631556
7170978.814711721
4036025.994078225
4036102.433463947
4845340.967819262
5108402.50731909
4036102.433463947
4035839.615236265
1693711.3888499145
2342172.533235543
3669890.688385346
4035935.64056064
1761240.4654669266
1693711.7652190982
4035935.64056064
4036189.435118046
3702418.2305490896
3330199.898993497
4036189.435118046
4035348.7520015533
6414403.238697341
6206860.050694526
4035348.7520015533
4032596.877112355
6981622.842506418
7166813.3303269
4032596.877112355
4029261.1959558865
4837375.556368639
5100863.176762232
4029261.1959558865
4027763.263593366
1688972.6878516364
2338797.0116335247
4027763.263593366
4029339.3657917306
2387962.8269364806
1756419.624673559
4029339.3657917306
4032696.49112236
5180442.277260824
4921209.765838966
4032696.49112236
4035399.7853984213
7198083.92736665
7013714.002536617
4035399.7853984213
4036189.205617414
6145918.597632357
6355445.716092797
4036189.205617414
4035927.6780279903
3234869.3582922565
3616904.8388846447
4908084.93330625
4036109.9287669463
2391463.1775192893
1761239.3057554848
4036109.9287669463
4036003.4615173456
5188009.763801548
4929193.741505577
4036003.4615173456
4034177.7993284212
7202043.201690478
7017784.88571097
4034177.7993284212
4030838.762849344
6138762.901089382
6348537.205265131
4030838.762849344
4028156.303803469
3228153.4729539803
3610928.94979415
4028156.303803469
4028199.8611498675
1756419.624673559
1688972.6081751038
4028199.8611498675
4030936.2126071285
3696302.157572501
3323370.1200040476
4030936.2126071285
4034258.7906007203
6407590.738257079
6199814.788774216
4034258.7906007203
4036024.9507788834
6985899.880272166
7170979.12321076
4036024.9507788834
4036102.944675141
4845340.797430024
5108402.732294738
4036102.944675141
4035839.262127237
1693711.7652190982
2342173.1505784523
