4034503.2371365977
4036087.879463583
6870874.550871347
7058959.990026368
4036087.879463583
4036056.268509978
4567362.77929617
4845520.260739915
4036056.268509978
4035856.2689756276
1514039.182493451
2215718.319522228
4035856.2689756276
4036138.4517621193
2578205.3383705085
2007474.8149180321
4036138.4517621193
4035921.029419522
5439131.428731048
5192828.857074425
4035921.029419522
4033901.8304976276
7271079.286332483
7108748.410835225
4033901.8304976276
4030536.031166035
5931296.3835213715
6148139.598234928
4030536.031166035
4028027.1359192706
2920534.1633040886
3338744.3672749614
4028027.1359192706
4028364.878624728
2002349.7690887058
1509490.6519728145
4028364.878624728
4031254.7615746725
3974163.1932934793
3629872.923524876
4031254.7615746725
4034503.2371365977
6588680.557835826
6386785.60364285
9005977.79807712
4036198.355960624
5938767.1585631585
6155337.071476457
4036198.355960624
4035903.4922644333
2926867.7398559004
3344255.5099713127
4035903.4922644333
4035964.7604286443
2007474.8149180321
1514038.8185868638
4035964.7604286443
4036181.869785912
3980683.3010073667
3637038.3973571607
4036181.869785912
4035169.27500057
6595108.341693237
6393423.950381167
4035169.27500057
4032280.5638028523
6865942.146700692
7054164.003831441
4032280.5638028523
4028999.8973877383
4559488.978170984
4838118.830135638
4028999.8973877383
4027795.3396538356
1509490.6519728145
2212664.9990637987
4027795.3396538356
4029608.7138601835
2574260.1911350484
2002348.8378153776
4029608.7138601835
4033006.1991186948
5431528.035127571
5184851.069443326
4033006.1991186948
4035539.229540397
7272005.394676984
7105390.4817304
12619637.341114419
4036088.677391616
6870874.369383948
7058959.837004271
4036088.677391616
4036055.8949952205
4567361.94988158
4845521.289167644
4036055.8949952205
4035857.250403965
1514038.8185868638
2215718.528550438
4035857.250403965
4036137.9722770606
2578206.83963915
2007474.728365808
4036137.9722770606
4035921.7265819684
5439131.1391656
5192829.18101771
4035921.7265819684
4033901.459044674
7271078.822317316
7108748.682872533
4033901.459044674
4030535.7704356364
5931295.890365623
6148139.262094195
4030535.7704356364
4028027.5210276307
2920535.1663140655
3338744.6855540867
4028027.5210276307
4028364.2888266947
2002348.8378153776
1509488.9393222835
4028364.2888266947
4031254.355070521
3974163.251845636
3629872.235759642
4031254.355070521
4034503.2013806957
6588680.443555949
6386785.557363113
14289511.452874437
4036200.231947335
5938767.015427604
6155338.384891649
4036200.231947335
4035902.028647062
2926867.7511454704
3344254.5648935824
4035902.028647062
4035965.714834032
2007474.728365808
1514038.2276403229
4035965.714834032
4036180.8347958797
3980681.891344234
3637036.4180324324
4036180.8347958797
4035170.3360459385
6595108.017905585
6393423.365733369
4035170.3360459385
4032281.5909832106
6865941.970344642
7054164.061934667
4032281.5909832106
4029000.8379006987
4559488.796365378
4838118.153016543
4029000.8379006987
4027794.6726365853
1509488.9393222835
2212664.265964048
4027794.6726365853
4029607.79285566
2574261.419730679
2002349.2605565374
4029607.79285566
4033006.012953941
5431527.245255206
5184849.82345978
4033006.012953941
4035538.741740936
7272005.927097024
7105390.540052034
12418818.035860486
4036088.655125304
6870874.572088981
7058959.266943645
4036088.655125304
4036055.7197768125
4567361.298019527
4845519.028118095
4036055.7197768125
4035857.7822139272
1514038.2276403229
2215718.493467356
4035857.7822139272
4036138.70241426
2578207.655277669
2007476.6834922703
4036138.70241426
4035920.2513206503
5439131.730158525
5192829.147331087
4035920.2513206503
4033901.8024407425
7271078.876822334
7108747.36027009
4033901.8024407425
4030535.7353229206
5931296.02421439
6148138.485645952
4030535.7353229206
4028028.476257602
2920534.8170422832
3338745.1583037805
4028028.476257602
4028364.055611921
2002349.2605565374
1509490.5729828917
4028364.055611921
4031253.5857778783
3974162.984705789
3629872.927462002
4031253.5857778783
4034503.432303643
6588680.1368771335
6386784.088138773
8606969.220449343
4036200.7743373206
5938766.795789833
6155338.426043539
4036200.7743373206
4035902.974535001
2926866.437951928
3344255.1700039934
4035902.974535001
4035964.6989533175
2007476.6834922703
1514039.182493451
4035964.6989533175
4036182.1380227134
3980683.7271239203
3637037.2921197633
4036182.1380227134
4035169.1011582087
6595107.779125232
6393424.344757779
4035169.1011582087
4032280.94838893
6865941.131309978
7054163.83653222
4032280.94838893
4028999.819454994
4559488.510663104
4838118.951061325
4028999.819454994
4027795.6351602394
1509490.5729828917
2212664.493297045
4027795.6351602394
4029608.2437449563
2574260.8305554916
2002349.7690887058
4029608.2437449563
4033006.268771047
5431527.513818897
5184849.998144085
4033006.268771047
4035537.9158677454
7272003.900048227
7105390.921435617
