4036175.370993366
4035870.2886943226
2399157.863974976
2893659.9818448727
4035870.2886943226
4036008.515683319
2137130.302517461
1396513.3278462652
4036008.515683319
4036152.306759132
4466385.964835
4162998.0627381806
4036152.306759132
4034817.7497991603
6873290.80139797
6679991.499740309
4034817.7497991603
4031719.102057199
6620635.075689288
6815619.955511079
4031719.102057199
4028614.7967799446
4051278.7011783756
4362458.070644881
4028614.7967799446
4027889.845118944
1392068.398566399
2134280.927695343
4027889.845118944
4030112.3559680185
2975507.8977789185
2497216.1273943568
4030112.3559680185
4033525.651101109
5844964.011817526
5616446.91799208
4033525.651101109
4035762.1313106013
7204518.024857262
7220747.707897434
4035762.1313106013
4036175.370993366
5540788.847325021
5772284.200659367
6687063.684549319
4035875.094964013
1396513.3278462652
2137130.4250951055
4035875.094964013
4036179.487827296
2980325.234866396
2502998.2530411216
4036179.487827296
4035736.3271155288
5852439.139984336
5624237.104717062
4035736.3271155288
4033408.99803771
7202213.386803824
7222782.18167632
4033408.99803771
4030008.1881900765
5532943.612191748
5764766.699495075
4030008.1881900765
4027863.645368352
2393519.2064336524
2889022.8990181633
4027863.645368352
4028685.2819079747
2134280.927695343
1392068.7033565256
4028685.2819079747
4031834.7723844284
4459289.965144673
4155362.25903323
4031834.7723844284
4034893.440901406
6867694.23004711
6674226.641686183
4034893.440901406
4036165.194384754
6626587.031223465
6821396.095046672
4036165.194384754
4035997.9723005467
4058828.2900640466
4369448.873883551
8449713.060048414
4035870.7797337165
2399157.111927766
2893658.866632266
4035870.7797337165
4036008.1198736303
2137130.4250951055
1396514.9226865158
4036008.1198736303
4036152.79062275
4466385.437825585
4162998.535270712
4036152.79062275
4034817.4320203913
6873290.540739785
6679991.938446888
4034817.4320203913
4031719.7400744823
6620635.028447668
6815619.841791428
4031719.7400744823
4028614.6284755995
4051278.602596342
4362458.072628654
4028614.6284755995
4027888.899290392
1392068.7033565256
2134279.3637116575
4027888.899290392
4030112.696443772
2975507.1082562786
2497216.309371841
4030112.696443772
4033525.4145054873
5844964.030995371
5616446.748168776
4033525.4145054873
4035763.439023856
7204517.71630161
7220747.486437491
4035763.439023856
4036174.076049628
5540787.823985497
5772283.8273274265
7653567.039172856
4035877.3230241365
1396514.9226865158
2137129.6552887387
4035877.3230241365
4036179.4216389796
2980326.6774533656
2502999.7751379493
4036179.4216389796
4035735.4550687186
5852440.48867068
5624238.56108581
4035735.4550687186
4033406.9430535436
7202212.924437532
7222782.2141991155
4033406.9430535436
4030010.390439327
5532945.052225719
5764767.891528356
4030010.390439327
4027861.7953364924
2393518.548703946
2889022.8079458536
4027861.7953364924
4028686.955531301
2134279.3637116575
1392067.4346223543
4028686.955531301
4031835.3641740005
4459290.39094867
4155362.8215047223
4031835.3641740005
4034891.957772491
6867694.238233628
6674227.477843909
4034891.957772491
4036165.449480502
6626587.80751367
6821396.510573032
4036165.449480502
4035996.7980242153
4058827.959877769
4369448.768145009
8146981.539298235
4035869.6824109205
2399157.772280599
2893658.432595843
4035869.6824109205
4036008.8719509267
2137129.6552887387
1396514.3857731558
4036008.8719509267
4036151.789953473
4466385.173702219
4162996.414831686
4036151.789953473
4034819.672219084
6873289.513654863
6679989.958086197
4034819.672219084
4031718.8868652615
6620634.90697497
6815618.289198925
4031718.8868652615
4028614.96324412
4051278.645323736
4362457.666053242
4028614.96324412
4027888.7096305415
1392067.4346223543
2134280.135973332
4027888.7096305415
4030113.4434469705
2975506.9252224537
2497215.39023384
4030113.4434469705
4033525.0365624516
5844964.254312388
5616445.967772652
4033525.0365624516
4035763.747893173
7204517.788648388
7220746.06460067
4035763.747893173
4036174.400877434
5540788.049654975
5772283.265926943
6139666.881031047
4035875.907662293
1396514.3857731558
2137130.302517461
4035875.907662293
4036179.6970296036
2980324.864787059
2502998.305784984
4036179.6970296036
4035736.513824543
5852437.708349526
5624237.712582676
4035736.513824543
4033408.2842643033
7202211.587204831
7222782.583149307
4033408.2842643033
4030008.7532746014
5532942.916814621
5764767.208331055
4030008.7532746014
4027862.7418871718
2393518.687766053
2889022.395472191
4027862.7418871718
4028685.8667159537
2134280.135973332
1392068.398566399
4028685.8667159537
4031835.4990053694
4459289.170927915
4155362.4090387034
4031835.4990053694
4034892.6537375967
6867693.012039863
6674227.928902802
4034892.6537375967
4036165.5227980693
6626586.52863555
6821396.815993868
4036165.5227980693
4035997.0294362325
4058827.478288438
4369448.862062193
